1900.0 1.0 1.0 1.0 1.546 0.559 0.36 0.613 1.452 0.212 1.88 0.02 1.253 0.013 0.01 0.007
1900.1 1.0 1.0 1.0 1.546 0.559 0.36 0.614 1.451 0.213 1.88 0.02 1.253 0.014 0.01 0.006
1900.2 1.0 1.0 1.0 1.546 0.559 0.36 0.614 1.452 0.213 1.88 0.02 1.253 0.015 0.01 0.006
1900.3 1.0 1.0 1.0 1.546 0.559 0.36 0.614 1.452 0.214 1.88 0.02 1.253 0.015 0.01 0.006
1900.4 1.0 1.0 1.0 1.546 0.559 0.36 0.614 1.452 0.214 1.88 0.02 1.253 0.015 0.01 0.005
1900.5 1.0 1.0 1.0 1.546 0.559 0.36 0.614 1.452 0.215 1.88 0.02 1.253 0.015 0.01 0.005
1900.6 1.0 1.0 1.0 1.546 0.559 0.36 0.614 1.452 0.215 1.88 0.02 1.253 0.015 0.01 0.005
1900.7 1.0 1.0 1.0 1.546 0.559 0.36 0.614 1.452 0.215 1.88 0.02 1.253 0.015 0.01 0.005
1900.8 1.0 1.0 1.0 1.546 0.559 0.36 0.614 1.453 0.216 1.88 0.02 1.253 0.015 0.01 0.005
1900.9 1.0 1.0 1.0 1.546 0.559 0.36 0.614 1.453 0.216 1.88 0.02 1.253 0.015 0.01 0.005
1901.0 1.0 1.0 1.0 1.546 0.559 0.36 0.614 1.453 0.217 1.88 0.02 1.253 0.015 0.01 0.005
1901.1 1.0 1.0 1.0 1.546 0.559 0.36 0.615 1.453 0.217 1.88 0.02 1.253 0.015 0.01 0.005
1901.2 1.0 1.0 1.0 1.546 0.559 0.36 0.615 1.453 0.218 1.88 0.02 1.253 0.015 0.01 0.005
1901.3 1.0 1.0 1.0 1.546 0.559 0.36 0.615 1.453 0.218 1.88 0.02 1.253 0.015 0.01 0.005
1901.4 1.0 1.0 1.0 1.546 0.559 0.36 0.615 1.453 0.218 1.88 0.02 1.253 0.015 0.01 0.005
1901.5 1.0 1.0 1.0 1.546 0.559 0.36 0.615 1.454 0.219 1.88 0.02 1.253 0.015 0.01 0.005
1901.6 1.0 1.0 1.0 1.546 0.559 0.36 0.615 1.454 0.219 1.88 0.02 1.253 0.015 0.01 0.005
1901.7 1.0 1.0 1.0 1.546 0.559 0.36 0.615 1.454 0.22 1.88 0.02 1.253 0.015 0.01 0.005
1901.8 1.0 1.0 1.0 1.546 0.559 0.36 0.615 1.454 0.22 1.88 0.02 1.253 0.015 0.01 0.005
1901.9 1.0 1.0 1.0 1.546 0.559 0.36 0.615 1.454 0.22 1.88 0.02 1.253 0.015 0.01 0.005
1902.0 1.0 1.0 1.0 1.546 0.559 0.36 0.615 1.454 0.221 1.88 0.02 1.253 0.015 0.01 0.005
1902.1 1.0 1.0 1.0 1.546 0.559 0.36 0.615 1.454 0.221 1.88 0.02 1.253 0.015 0.01 0.005
1902.2 1.0 1.0 1.0 1.546 0.559 0.36 0.615 1.454 0.222 1.88 0.02 1.253 0.015 0.01 0.005
1902.3 1.0 1.0 1.0 1.546 0.559 0.36 0.615 1.454 0.222 1.88 0.02 1.253 0.015 0.01 0.005
1902.4 1.0 1.0 1.0 1.546 0.559 0.36 0.615 1.454 0.222 1.88 0.02 1.253 0.015 0.01 0.005
1902.5 1.0 1.0 1.0 1.546 0.559 0.36 0.615 1.454 0.223 1.88 0.02 1.253 0.015 0.01 0.005
1902.6 1.0 1.0 1.0 1.546 0.559 0.36 0.615 1.454 0.223 1.88 0.02 1.253 0.015 0.01 0.005
1902.7 1.0 1.0 1.0 1.546 0.559 0.36 0.615 1.454 0.224 1.88 0.02 1.253 0.015 0.01 0.005
1902.8 1.0 1.0 1.0 1.546 0.559 0.36 0.615 1.454 0.224 1.88 0.02 1.253 0.015 0.01 0.005
1902.9 1.0 1.0 1.0 1.546 0.559 0.36 0.615 1.454 0.224 1.88 0.02 1.253 0.015 0.01 0.005
1903.0 1.0 1.0 1.0 1.546 0.559 0.36 0.615 1.455 0.225 1.88 0.02 1.253 0.015 0.01 0.005
1903.1 1.0 1.0 1.0 1.546 0.559 0.36 0.615 1.455 0.225 1.88 0.02 1.253 0.015 0.01 0.005
1903.2 1.0 1.0 1.0 1.546 0.559 0.36 0.615 1.455 0.226 1.88 0.02 1.253 0.015 0.01 0.005
1903.3 1.0 1.0 1.0 1.546 0.559 0.36 0.615 1.455 0.226 1.88 0.02 1.253 0.015 0.01 0.005
1903.4 1.0 1.0 1.0 1.546 0.559 0.36 0.615 1.455 0.226 1.88 0.02 1.253 0.015 0.01 0.005
1903.5 1.0 1.0 1.0 1.546 0.559 0.36 0.615 1.455 0.227 1.88 0.02 1.253 0.015 0.01 0.005
1903.6 1.0 1.0 1.0 1.546 0.559 0.36 0.615 1.455 0.227 1.88 0.02 1.253 0.015 0.01 0.005
1903.7 1.0 1.0 1.0 1.546 0.559 0.36 0.615 1.455 0.228 1.88 0.02 1.253 0.015 0.01 0.005
1903.8 1.0 1.0 1.0 1.546 0.559 0.36 0.615 1.455 0.228 1.88 0.02 1.253 0.015 0.01 0.005
1903.9 1.0 1.0 1.0 1.546 0.559 0.36 0.615 1.455 0.228 1.88 0.02 1.253 0.015 0.01 0.005
1904.0 1.0 1.0 1.0 1.546 0.559 0.36 0.615 1.455 0.229 1.88 0.02 1.253 0.015 0.01 0.005
1904.1 1.0 1.0 1.0 1.546 0.559 0.36 0.615 1.455 0.229 1.88 0.02 1.253 0.015 0.01 0.005
1904.2 1.0 1.0 1.0 1.546 0.559 0.36 0.615 1.455 0.23 1.88 0.02 1.253 0.015 0.01 0.005
1904.3 1.0 1.0 1.0 1.546 0.559 0.36 0.615 1.455 0.23 1.88 0.02 1.253 0.015 0.01 0.005
1904.4 1.0 1.0 1.0 1.546 0.559 0.36 0.615 1.455 0.23 1.88 0.02 1.253 0.015 0.01 0.005
1904.5 1.0 1.0 1.0 1.546 0.559 0.36 0.615 1.455 0.231 1.88 0.02 1.253 0.015 0.01 0.005
1904.6 1.0 1.0 1.0 1.546 0.559 0.36 0.615 1.455 0.231 1.88 0.02 1.253 0.015 0.01 0.005
1904.7 1.0 1.0 1.0 1.546 0.559 0.36 0.615 1.455 0.231 1.88 0.02 1.253 0.015 0.01 0.005
1904.8 1.0 1.0 1.0 1.546 0.559 0.36 0.615 1.455 0.232 1.88 0.02 1.253 0.015 0.01 0.005
1904.9 1.0 1.0 1.0 1.546 0.559 0.36 0.615 1.455 0.232 1.88 0.02 1.253 0.015 0.01 0.005
1905.0 1.0 1.0 1.0 1.546 0.559 0.36 0.615 1.455 0.233 1.88 0.02 1.253 0.015 0.01 0.005
1905.1 1.0 1.0 1.0 1.546 0.559 0.36 0.615 1.455 0.233 1.88 0.02 1.253 0.015 0.01 0.005
1905.2 1.0 1.0 1.0 1.546 0.559 0.36 0.615 1.455 0.233 1.88 0.02 1.253 0.015 0.01 0.005
1905.3 1.0 1.0 1.0 1.546 0.559 0.36 0.615 1.455 0.234 1.88 0.02 1.253 0.015 0.01 0.005
1905.4 1.0 1.0 1.0 1.546 0.559 0.36 0.615 1.455 0.234 1.88 0.02 1.253 0.015 0.01 0.005
1905.5 1.0 1.0 1.0 1.546 0.559 0.36 0.615 1.455 0.235 1.88 0.02 1.253 0.015 0.01 0.005
1905.6 1.0 1.0 1.0 1.546 0.559 0.36 0.615 1.455 0.235 1.88 0.02 1.253 0.015 0.01 0.005
1905.7 1.0 1.0 1.0 1.546 0.559 0.36 0.615 1.455 0.235 1.88 0.02 1.253 0.015 0.01 0.005
1905.8 1.0 1.0 1.0 1.546 0.559 0.36 0.615 1.455 0.236 1.88 0.02 1.253 0.015 0.01 0.005
1905.9 1.0 1.0 1.0 1.546 0.559 0.36 0.615 1.455 0.236 1.88 0.02 1.253 0.015 0.01 0.005
1906.0 1.0 1.0 1.0 1.546 0.559 0.36 0.615 1.455 0.237 1.88 0.02 1.253 0.015 0.01 0.005
1906.1 1.0 1.0 1.0 1.546 0.559 0.36 0.615 1.455 0.237 1.88 0.02 1.253 0.015 0.01 0.005
1906.2 1.0 1.0 1.0 1.546 0.559 0.36 0.615 1.455 0.237 1.88 0.02 1.253 0.015 0.01 0.005
1906.3 1.0 1.0 1.0 1.546 0.559 0.36 0.615 1.455 0.238 1.88 0.02 1.253 0.015 0.01 0.005
1906.4 1.0 1.0 1.0 1.546 0.559 0.36 0.615 1.455 0.238 1.88 0.02 1.253 0.015 0.01 0.005
1906.5 1.0 1.0 1.0 1.546 0.559 0.36 0.615 1.455 0.238 1.88 0.02 1.253 0.015 0.01 0.005
1906.6 1.0 1.0 1.0 1.546 0.559 0.36 0.615 1.455 0.239 1.88 0.02 1.253 0.015 0.01 0.005
1906.7 1.0 1.0 1.0 1.546 0.559 0.36 0.615 1.455 0.239 1.88 0.02 1.253 0.015 0.01 0.005
1906.8 1.0 1.0 1.0 1.546 0.559 0.36 0.615 1.455 0.24 1.88 0.02 1.253 0.015 0.01 0.005
1906.9 1.0 1.0 1.0 1.546 0.559 0.36 0.615 1.455 0.24 1.88 0.02 1.253 0.015 0.01 0.005
1907.0 1.0 1.0 1.0 1.546 0.559 0.36 0.615 1.455 0.24 1.88 0.02 1.253 0.015 0.01 0.005
1907.1 1.0 1.0 1.0 1.546 0.559 0.36 0.615 1.455 0.241 1.88 0.02 1.253 0.015 0.01 0.005
1907.2 1.0 1.0 1.0 1.546 0.559 0.36 0.615 1.455 0.241 1.88 0.02 1.253 0.015 0.01 0.005
1907.3 1.0 1.0 1.0 1.546 0.559 0.36 0.615 1.455 0.242 1.88 0.02 1.253 0.015 0.01 0.005
1907.4 1.0 1.0 1.0 1.546 0.559 0.36 0.615 1.455 0.242 1.88 0.02 1.253 0.015 0.01 0.005
1907.5 1.0 1.0 1.0 1.546 0.559 0.36 0.615 1.455 0.242 1.88 0.02 1.253 0.015 0.01 0.005
1907.6 1.0 1.0 1.0 1.546 0.559 0.36 0.615 1.455 0.243 1.88 0.02 1.253 0.015 0.01 0.005
1907.7 1.0 1.0 1.0 1.546 0.559 0.36 0.615 1.455 0.243 1.88 0.02 1.253 0.015 0.01 0.005
1907.8 1.0 1.0 1.0 1.546 0.559 0.36 0.615 1.455 0.243 1.88 0.02 1.253 0.015 0.01 0.005
1907.9 1.0 1.0 1.0 1.546 0.559 0.36 0.615 1.455 0.244 1.88 0.02 1.253 0.015 0.01 0.005
1908.0 1.0 1.0 1.0 1.546 0.559 0.36 0.615 1.455 0.244 1.88 0.02 1.253 0.015 0.01 0.005
1908.1 1.0 1.0 1.0 1.546 0.559 0.36 0.615 1.455 0.245 1.88 0.02 1.253 0.015 0.01 0.005
1908.2 1.0 1.0 1.0 1.546 0.559 0.36 0.615 1.455 0.245 1.88 0.02 1.253 0.015 0.01 0.005
1908.3 1.0 1.0 1.0 1.546 0.559 0.36 0.615 1.455 0.245 1.88 0.02 1.253 0.015 0.01 0.005
1908.4 1.0 1.0 1.0 1.546 0.559 0.36 0.615 1.455 0.246 1.88 0.02 1.253 0.015 0.01 0.005
1908.5 1.0 1.0 1.0 1.546 0.559 0.36 0.615 1.455 0.246 1.88 0.02 1.253 0.015 0.01 0.005
1908.6 1.0 1.0 1.0 1.546 0.559 0.36 0.615 1.455 0.246 1.88 0.02 1.253 0.015 0.01 0.005
1908.7 1.0 1.0 1.0 1.546 0.559 0.36 0.615 1.455 0.247 1.88 0.02 1.253 0.015 0.01 0.005
1908.8 1.0 1.0 1.0 1.546 0.559 0.36 0.615 1.455 0.247 1.88 0.02 1.253 0.015 0.01 0.005
1908.9 1.0 1.0 1.0 1.546 0.559 0.36 0.615 1.455 0.248 1.88 0.02 1.253 0.015 0.01 0.005
1909.0 1.0 1.0 1.0 1.546 0.559 0.36 0.615 1.455 0.248 1.88 0.02 1.253 0.015 0.01 0.005
1909.1 1.0 1.0 1.0 1.546 0.559 0.36 0.615 1.455 0.248 1.88 0.02 1.253 0.015 0.01 0.005
1909.2 1.0 1.0 1.0 1.546 0.559 0.36 0.615 1.455 0.249 1.88 0.02 1.253 0.015 0.01 0.005
1909.3 1.0 1.0 1.0 1.546 0.559 0.36 0.615 1.455 0.249 1.88 0.02 1.253 0.015 0.01 0.005
1909.4 1.0 1.0 1.0 1.546 0.559 0.36 0.615 1.455 0.249 1.88 0.02 1.253 0.015 0.01 0.005
1909.5 1.0 1.0 1.0 1.546 0.559 0.36 0.615 1.455 0.25 1.88 0.02 1.253 0.015 0.01 0.005
1909.6 1.0 1.0 1.0 1.546 0.559 0.36 0.615 1.455 0.25 1.88 0.02 1.253 0.015 0.01 0.005
1909.7 1.0 1.0 1.0 1.546 0.559 0.36 0.615 1.455 0.25 1.88 0.02 1.253 0.015 0.01 0.005
1909.8 1.0 1.0 1.0 1.546 0.559 0.36 0.615 1.455 0.251 1.88 0.02 1.253 0.015 0.01 0.005
1909.9 1.0 1.0 1.0 1.546 0.559 0.36 0.615 1.455 0.251 1.88 0.02 1.253 0.015 0.01 0.005
1910.0 1.0 1.0 1.0 1.546 0.559 0.36 0.615 1.455 0.252 1.88 0.02 1.253 0.015 0.01 0.005
1910.1 1.0 1.0 1.0 1.546 0.559 0.36 0.615 1.455 0.252 1.88 0.02 1.253 0.015 0.01 0.005
1910.2 1.0 1.0 1.0 1.546 0.559 0.36 0.615 1.455 0.252 1.88 0.02 1.253 0.015 0.01 0.005
1910.3 1.0 1.0 1.0 1.546 0.559 0.36 0.615 1.455 0.253 1.88 0.02 1.253 0.015 0.01 0.005
1910.4 1.0 1.0 1.0 1.546 0.559 0.36 0.615 1.455 0.253 1.88 0.02 1.253 0.015 0.01 0.005
1910.5 1.0 1.0 1.0 1.546 0.559 0.36 0.615 1.455 0.253 1.88 0.02 1.253 0.015 0.01 0.005
1910.6 1.0 1.0 1.0 1.546 0.559 0.36 0.615 1.455 0.254 1.88 0.02 1.253 0.015 0.01 0.005
1910.7 1.0 1.0 1.0 1.546 0.559 0.36 0.615 1.455 0.254 1.88 0.02 1.253 0.015 0.01 0.005
1910.8 1.0 1.0 1.0 1.546 0.559 0.36 0.615 1.455 0.255 1.88 0.02 1.253 0.015 0.01 0.005
1910.9 1.0 1.0 1.0 1.546 0.559 0.36 0.615 1.455 0.255 1.88 0.02 1.253 0.015 0.01 0.005
1911.0 1.0 1.0 1.0 1.546 0.559 0.36 0.615 1.455 0.255 1.88 0.02 1.253 0.015 0.01 0.005
1911.1 1.0 1.0 1.0 1.546 0.559 0.36 0.615 1.455 0.256 1.88 0.02 1.253 0.015 0.01 0.005
1911.2 1.0 1.0 1.0 1.546 0.559 0.36 0.615 1.455 0.256 1.88 0.02 1.253 0.015 0.01 0.005
1911.3 1.0 1.0 1.0 1.546 0.559 0.36 0.615 1.455 0.256 1.88 0.02 1.253 0.015 0.01 0.005
1911.4 1.0 1.0 1.0 1.546 0.559 0.36 0.615 1.455 0.257 1.88 0.02 1.253 0.015 0.01 0.005
1911.5 1.0 1.0 1.0 1.546 0.559 0.36 0.615 1.455 0.257 1.88 0.02 1.253 0.015 0.01 0.006
1911.6 1.0 1.0 1.0 1.546 0.559 0.36 0.615 1.455 0.257 1.88 0.02 1.253 0.015 0.01 0.006
1911.7 1.0 1.0 1.0 1.546 0.559 0.36 0.615 1.455 0.258 1.88 0.02 1.253 0.015 0.01 0.006
1911.8 1.0 1.0 1.0 1.546 0.559 0.36 0.615 1.455 0.258 1.88 0.02 1.253 0.015 0.01 0.006
1911.9 1.0 1.0 1.0 1.546 0.559 0.36 0.615 1.455 0.258 1.88 0.02 1.253 0.015 0.01 0.006
1912.0 1.0 1.0 1.0 1.546 0.559 0.36 0.615 1.455 0.259 1.88 0.02 1.253 0.015 0.01 0.006
1912.1 1.0 1.0 1.0 1.546 0.559 0.36 0.615 1.455 0.259 1.88 0.02 1.253 0.015 0.01 0.006
1912.2 1.0 1.0 1.0 1.546 0.559 0.36 0.615 1.455 0.26 1.88 0.02 1.253 0.015 0.01 0.006
1912.3 1.0 1.0 1.0 1.546 0.559 0.36 0.615 1.455 0.26 1.88 0.02 1.253 0.015 0.01 0.006
1912.4 1.0 1.0 1.0 1.546 0.559 0.36 0.615 1.455 0.26 1.88 0.02 1.253 0.015 0.01 0.006
1912.5 1.0 1.0 1.0 1.546 0.559 0.36 0.615 1.455 0.261 1.88 0.02 1.253 0.015 0.01 0.006
1912.6 1.0 1.0 1.0 1.546 0.559 0.36 0.615 1.455 0.261 1.88 0.02 1.253 0.015 0.01 0.006
1912.7 1.0 1.0 1.0 1.546 0.559 0.36 0.615 1.455 0.261 1.88 0.02 1.253 0.015 0.01 0.006
1912.8 1.0 1.0 1.0 1.546 0.559 0.36 0.615 1.455 0.262 1.88 0.02 1.253 0.015 0.01 0.006
1912.9 1.0 1.0 1.0 1.546 0.559 0.36 0.615 1.455 0.262 1.88 0.02 1.253 0.015 0.01 0.006
1913.0 1.0 1.0 1.0 1.546 0.559 0.36 0.615 1.455 0.262 1.88 0.02 1.253 0.015 0.01 0.006
1913.1 1.0 1.0 1.0 1.546 0.559 0.36 0.615 1.455 0.263 1.88 0.02 1.253 0.015 0.01 0.006
1913.2 1.0 1.0 1.0 1.546 0.559 0.36 0.615 1.455 0.263 1.88 0.02 1.253 0.015 0.01 0.006
1913.3 1.0 1.0 1.0 1.546 0.559 0.36 0.615 1.455 0.263 1.88 0.02 1.253 0.015 0.01 0.006
1913.4 1.0 1.0 1.0 1.546 0.559 0.36 0.615 1.455 0.264 1.88 0.02 1.253 0.015 0.01 0.006
1913.5 1.0 1.0 1.0 1.546 0.559 0.36 0.615 1.455 0.264 1.88 0.02 1.253 0.015 0.01 0.006
1913.6 1.0 1.0 1.0 1.546 0.559 0.36 0.615 1.455 0.265 1.88 0.02 1.253 0.015 0.01 0.006
1913.7 1.0 1.0 1.0 1.546 0.559 0.36 0.615 1.455 0.265 1.88 0.02 1.253 0.015 0.01 0.006
1913.8 1.0 1.0 1.0 1.546 0.559 0.36 0.615 1.455 0.265 1.88 0.02 1.253 0.015 0.01 0.006
1913.9 1.0 1.0 1.0 1.546 0.559 0.36 0.615 1.455 0.266 1.88 0.02 1.253 0.015 0.01 0.006
1914.0 1.0 1.0 1.0 1.546 0.559 0.36 0.615 1.455 0.266 1.88 0.02 1.253 0.015 0.01 0.006
1914.1 1.0 1.0 1.0 1.546 0.559 0.36 0.615 1.455 0.266 1.88 0.02 1.253 0.015 0.01 0.006
1914.2 1.0 1.0 1.0 1.546 0.559 0.36 0.615 1.455 0.267 1.88 0.02 1.253 0.015 0.01 0.006
1914.3 1.0 1.0 1.0 1.546 0.559 0.36 0.615 1.455 0.267 1.88 0.02 1.253 0.015 0.01 0.006
1914.4 1.0 1.0 1.0 1.546 0.559 0.36 0.615 1.455 0.267 1.88 0.02 1.253 0.015 0.01 0.006
1914.5 1.0 1.0 1.0 1.546 0.559 0.36 0.615 1.455 0.268 1.88 0.02 1.253 0.015 0.01 0.006
1914.6 1.0 1.0 1.0 1.546 0.559 0.36 0.615 1.455 0.268 1.88 0.02 1.253 0.015 0.01 0.006
1914.7 1.0 1.0 1.0 1.546 0.559 0.36 0.615 1.455 0.268 1.88 0.02 1.253 0.015 0.01 0.006
1914.8 1.0 1.0 1.0 1.546 0.559 0.36 0.615 1.455 0.269 1.88 0.02 1.253 0.015 0.01 0.006
1914.9 1.0 1.0 1.0 1.546 0.559 0.36 0.615 1.455 0.269 1.88 0.02 1.253 0.015 0.01 0.006
1915.0 1.0 1.0 1.0 1.546 0.559 0.36 0.615 1.455 0.269 1.88 0.02 1.253 0.015 0.01 0.006
1915.1 1.0 1.0 1.0 1.546 0.559 0.36 0.615 1.455 0.27 1.88 0.02 1.253 0.015 0.01 0.006
1915.2 1.0 1.0 1.0 1.546 0.559 0.36 0.615 1.455 0.27 1.88 0.02 1.253 0.015 0.01 0.006
1915.3 1.0 1.0 1.0 1.546 0.559 0.36 0.615 1.455 0.27 1.88 0.02 1.253 0.015 0.01 0.006
1915.4 1.0 1.0 1.0 1.546 0.559 0.36 0.615 1.455 0.271 1.88 0.02 1.253 0.015 0.01 0.006
1915.5 1.0 1.0 1.0 1.546 0.559 0.36 0.615 1.455 0.271 1.88 0.02 1.253 0.015 0.01 0.006
1915.6 1.0 1.0 1.0 1.546 0.559 0.36 0.615 1.455 0.271 1.88 0.02 1.253 0.015 0.01 0.006
1915.7 1.0 1.0 1.0 1.546 0.559 0.36 0.615 1.455 0.272 1.88 0.02 1.253 0.015 0.01 0.006
1915.8 1.0 1.0 1.0 1.546 0.559 0.36 0.615 1.455 0.272 1.88 0.02 1.253 0.015 0.01 0.006
1915.9 1.0 1.0 1.0 1.546 0.559 0.36 0.615 1.455 0.272 1.88 0.02 1.253 0.015 0.01 0.006
1916.0 1.0 1.0 1.0 1.546 0.559 0.36 0.615 1.455 0.273 1.88 0.02 1.253 0.015 0.01 0.006
1916.1 1.0 1.0 1.0 1.546 0.559 0.36 0.615 1.455 0.273 1.88 0.02 1.253 0.015 0.01 0.006
1916.2 1.0 1.0 1.0 1.546 0.559 0.36 0.615 1.455 0.273 1.88 0.02 1.253 0.015 0.01 0.006
1916.3 1.0 1.0 1.0 1.546 0.559 0.36 0.615 1.455 0.274 1.88 0.02 1.253 0.015 0.01 0.006
1916.4 1.0 1.0 1.0 1.546 0.559 0.36 0.615 1.455 0.274 1.88 0.02 1.253 0.015 0.01 0.006
1916.5 1.0 1.0 1.0 1.546 0.559 0.36 0.615 1.455 0.275 1.88 0.02 1.253 0.015 0.01 0.006
1916.6 1.0 1.0 1.0 1.546 0.559 0.36 0.615 1.455 0.275 1.88 0.02 1.253 0.015 0.01 0.006
1916.7 1.0 1.0 1.0 1.546 0.559 0.36 0.615 1.455 0.275 1.88 0.02 1.253 0.015 0.01 0.006
1916.8 1.0 1.0 1.0 1.546 0.559 0.36 0.615 1.455 0.276 1.88 0.02 1.253 0.015 0.01 0.006
1916.9 1.0 1.0 1.0 1.546 0.559 0.36 0.615 1.455 0.276 1.88 0.02 1.253 0.015 0.01 0.006
1917.0 1.0 1.0 1.0 1.546 0.559 0.36 0.615 1.455 0.276 1.88 0.02 1.253 0.015 0.01 0.006
1917.1 1.0 1.0 1.0 1.546 0.559 0.36 0.615 1.455 0.277 1.88 0.02 1.253 0.015 0.01 0.006
1917.2 1.0 1.0 1.0 1.546 0.559 0.36 0.615 1.455 0.277 1.88 0.02 1.253 0.015 0.01 0.006
1917.3 1.0 1.0 1.0 1.546 0.559 0.36 0.615 1.455 0.277 1.88 0.02 1.253 0.015 0.01 0.006
1917.4 1.0 1.0 1.0 1.546 0.559 0.36 0.615 1.455 0.278 1.88 0.02 1.253 0.015 0.01 0.006
1917.5 1.0 1.0 1.0 1.546 0.559 0.36 0.615 1.455 0.278 1.88 0.02 1.253 0.015 0.01 0.006
1917.6 1.0 1.0 1.0 1.546 0.559 0.36 0.615 1.455 0.278 1.88 0.02 1.253 0.015 0.01 0.006
1917.7 1.0 1.0 1.0 1.546 0.559 0.36 0.615 1.455 0.279 1.88 0.02 1.253 0.015 0.01 0.006
1917.8 1.0 1.0 1.0 1.546 0.559 0.36 0.615 1.455 0.279 1.88 0.02 1.253 0.015 0.01 0.006
1917.9 1.0 1.0 1.0 1.546 0.559 0.36 0.615 1.455 0.279 1.88 0.02 1.253 0.015 0.01 0.006
1918.0 1.0 1.0 1.0 1.546 0.559 0.36 0.615 1.455 0.28 1.88 0.02 1.253 0.015 0.01 0.006
1918.1 1.0 1.0 1.0 1.546 0.559 0.36 0.615 1.455 0.28 1.88 0.02 1.253 0.015 0.01 0.006
1918.2 1.0 1.0 1.0 1.546 0.559 0.36 0.615 1.455 0.28 1.88 0.02 1.253 0.015 0.01 0.006
1918.3 1.0 1.0 1.0 1.546 0.559 0.36 0.615 1.455 0.281 1.88 0.02 1.253 0.015 0.01 0.006
1918.4 1.0 1.0 1.0 1.546 0.559 0.36 0.615 1.455 0.281 1.88 0.02 1.253 0.015 0.01 0.006
1918.5 1.0 1.0 1.0 1.546 0.559 0.36 0.615 1.455 0.281 1.88 0.02 1.253 0.015 0.01 0.006
1918.6 1.0 1.0 1.0 1.546 0.559 0.36 0.615 1.455 0.282 1.88 0.02 1.253 0.015 0.01 0.006
1918.7 1.0 1.0 1.0 1.546 0.559 0.36 0.615 1.455 0.282 1.88 0.02 1.253 0.015 0.01 0.006
1918.8 1.0 1.0 1.0 1.546 0.559 0.36 0.615 1.455 0.282 1.88 0.02 1.253 0.015 0.01 0.006
1918.9 1.0 1.0 1.0 1.546 0.559 0.36 0.615 1.455 0.283 1.88 0.02 1.253 0.015 0.01 0.006
1919.0 1.0 1.0 1.0 1.546 0.559 0.36 0.615 1.455 0.283 1.88 0.02 1.253 0.015 0.01 0.006
1919.1 1.0 1.0 1.0 1.546 0.559 0.36 0.615 1.455 0.283 1.88 0.02 1.253 0.015 0.01 0.006
1919.2 1.0 1.0 1.0 1.546 0.559 0.36 0.615 1.455 0.284 1.88 0.02 1.253 0.015 0.01 0.006
1919.3 1.0 1.0 1.0 1.546 0.559 0.36 0.615 1.455 0.284 1.88 0.02 1.253 0.015 0.01 0.006
1919.4 1.0 1.0 1.0 1.546 0.559 0.36 0.615 1.455 0.284 1.88 0.02 1.253 0.015 0.01 0.006
1919.5 1.0 1.0 1.0 1.546 0.559 0.36 0.615 1.455 0.285 1.88 0.02 1.253 0.015 0.01 0.006
1919.6 1.0 1.0 1.0 1.546 0.559 0.36 0.615 1.455 0.285 1.88 0.02 1.253 0.015 0.01 0.006
1919.7 1.0 1.0 1.0 1.546 0.559 0.36 0.615 1.455 0.285 1.88 0.02 1.253 0.015 0.01 0.006
1919.8 1.0 1.0 1.0 1.546 0.559 0.36 0.615 1.455 0.285 1.88 0.02 1.253 0.015 0.01 0.006
1919.9 1.0 1.0 1.0 1.546 0.559 0.36 0.615 1.455 0.286 1.88 0.02 1.253 0.015 0.01 0.006
1920.0 1.0 1.0 1.0 1.546 0.559 0.36 0.615 1.455 0.286 1.88 0.02 1.253 0.015 0.01 0.006
1920.1 1.0 1.0 1.0 1.546 0.559 0.36 0.615 1.455 0.286 1.88 0.02 1.253 0.015 0.01 0.006
1920.2 1.0 1.0 1.0 1.546 0.559 0.36 0.615 1.455 0.287 1.88 0.02 1.253 0.015 0.01 0.006
1920.3 1.0 1.0 1.0 1.546 0.559 0.36 0.615 1.455 0.287 1.88 0.02 1.253 0.015 0.01 0.006
1920.4 1.0 1.0 1.0 1.546 0.559 0.36 0.615 1.455 0.287 1.88 0.02 1.253 0.015 0.01 0.006
1920.5 1.0 1.0 1.0 1.546 0.559 0.36 0.615 1.455 0.288 1.88 0.02 1.253 0.015 0.01 0.006
1920.6 1.0 1.0 1.0 1.546 0.559 0.36 0.615 1.455 0.288 1.88 0.02 1.253 0.015 0.01 0.006
1920.7 1.0 1.0 1.0 1.546 0.559 0.36 0.615 1.455 0.288 1.88 0.02 1.253 0.015 0.01 0.006
1920.8 1.0 1.0 1.0 1.546 0.559 0.36 0.615 1.455 0.289 1.88 0.02 1.253 0.015 0.01 0.006
1920.9 1.0 1.0 1.0 1.546 0.559 0.36 0.615 1.455 0.289 1.88 0.02 1.253 0.015 0.01 0.006
1921.0 1.0 1.0 1.0 1.546 0.559 0.36 0.615 1.455 0.289 1.88 0.02 1.253 0.015 0.01 0.006
1921.1 1.0 1.0 1.0 1.546 0.559 0.36 0.615 1.455 0.29 1.88 0.02 1.253 0.015 0.01 0.006
1921.2 1.0 1.0 1.0 1.546 0.559 0.36 0.615 1.455 0.29 1.88 0.02 1.253 0.015 0.01 0.006
1921.3 1.0 1.0 1.0 1.546 0.559 0.36 0.615 1.455 0.29 1.88 0.02 1.253 0.015 0.01 0.006
1921.4 1.0 1.0 1.0 1.546 0.559 0.36 0.615 1.455 0.291 1.88 0.02 1.253 0.015 0.01 0.006
1921.5 1.0 1.0 1.0 1.546 0.559 0.36 0.615 1.455 0.291 1.88 0.02 1.253 0.015 0.01 0.006
1921.6 1.0 1.0 1.0 1.546 0.559 0.36 0.615 1.455 0.291 1.88 0.02 1.253 0.015 0.01 0.006
1921.7 1.0 1.0 1.0 1.546 0.559 0.36 0.615 1.455 0.292 1.88 0.02 1.253 0.015 0.01 0.006
1921.8 1.0 1.0 1.0 1.546 0.559 0.36 0.615 1.455 0.292 1.88 0.02 1.253 0.015 0.01 0.006
1921.9 1.0 1.0 1.0 1.546 0.559 0.36 0.615 1.455 0.292 1.88 0.02 1.253 0.015 0.01 0.006
1922.0 1.0 1.0 1.0 1.546 0.559 0.36 0.615 1.455 0.293 1.88 0.02 1.253 0.015 0.01 0.006
1922.1 1.0 1.0 1.0 1.546 0.559 0.36 0.615 1.455 0.293 1.88 0.02 1.253 0.015 0.01 0.006
1922.2 1.0 1.0 1.0 1.546 0.559 0.36 0.615 1.455 0.293 1.88 0.02 1.253 0.015 0.01 0.006
1922.3 1.0 1.0 1.0 1.546 0.559 0.36 0.615 1.455 0.294 1.88 0.02 1.253 0.015 0.01 0.006
1922.4 1.0 1.0 1.0 1.546 0.559 0.36 0.615 1.455 0.294 1.88 0.02 1.253 0.015 0.01 0.006
1922.5 1.0 1.0 1.0 1.546 0.559 0.36 0.615 1.455 0.294 1.88 0.02 1.253 0.015 0.01 0.006
1922.6 1.0 1.0 1.0 1.546 0.559 0.36 0.615 1.455 0.294 1.88 0.02 1.253 0.015 0.01 0.006
1922.7 1.0 1.0 1.0 1.546 0.559 0.36 0.615 1.455 0.295 1.88 0.02 1.253 0.015 0.01 0.006
1922.8 1.0 1.0 1.0 1.546 0.559 0.36 0.615 1.455 0.295 1.88 0.02 1.253 0.015 0.01 0.006
1922.9 1.0 1.0 1.0 1.546 0.559 0.36 0.615 1.455 0.295 1.88 0.02 1.253 0.015 0.01 0.006
1923.0 1.0 1.0 1.0 1.546 0.559 0.36 0.615 1.455 0.296 1.88 0.02 1.253 0.015 0.01 0.006
1923.1 1.0 1.0 1.0 1.546 0.559 0.36 0.615 1.455 0.296 1.88 0.02 1.253 0.015 0.01 0.006
1923.2 1.0 1.0 1.0 1.546 0.559 0.36 0.615 1.455 0.296 1.88 0.02 1.253 0.015 0.01 0.006
1923.3 1.0 1.0 1.0 1.546 0.559 0.36 0.615 1.455 0.297 1.88 0.02 1.253 0.015 0.01 0.006
1923.4 1.0 1.0 1.0 1.546 0.559 0.36 0.615 1.455 0.297 1.88 0.02 1.253 0.015 0.01 0.006
1923.5 1.0 1.0 1.0 1.546 0.559 0.36 0.615 1.455 0.297 1.88 0.02 1.253 0.015 0.01 0.006
1923.6 1.0 1.0 1.0 1.546 0.559 0.36 0.615 1.455 0.298 1.88 0.02 1.253 0.015 0.01 0.006
1923.7 1.0 1.0 1.0 1.546 0.559 0.36 0.615 1.455 0.298 1.88 0.02 1.253 0.015 0.01 0.006
1923.8 1.0 1.0 1.0 1.546 0.559 0.36 0.615 1.455 0.298 1.88 0.02 1.253 0.015 0.01 0.006
1923.9 1.0 1.0 1.0 1.546 0.559 0.36 0.615 1.455 0.299 1.88 0.02 1.253 0.015 0.01 0.006
1924.0 1.0 1.0 1.0 1.546 0.559 0.36 0.615 1.455 0.299 1.88 0.02 1.253 0.015 0.01 0.006
1924.1 1.0 1.0 1.0 1.546 0.559 0.36 0.615 1.455 0.299 1.88 0.02 1.253 0.015 0.01 0.006
1924.2 1.0 1.0 1.0 1.546 0.559 0.36 0.615 1.455 0.299 1.88 0.02 1.253 0.015 0.01 0.006
1924.3 1.0 1.0 1.0 1.546 0.559 0.36 0.615 1.455 0.3 1.88 0.02 1.253 0.015 0.01 0.006
1924.4 1.0 1.0 1.0 1.546 0.559 0.36 0.615 1.455 0.3 1.88 0.02 1.253 0.015 0.01 0.006
1924.5 1.0 1.0 1.0 1.546 0.559 0.36 0.615 1.455 0.3 1.88 0.02 1.253 0.015 0.01 0.006
1924.6 1.0 1.0 1.0 1.546 0.559 0.36 0.615 1.455 0.301 1.88 0.02 1.253 0.015 0.01 0.006
1924.7 1.0 1.0 1.0 1.546 0.559 0.36 0.615 1.455 0.301 1.88 0.02 1.253 0.015 0.01 0.006
1924.8 1.0 1.0 1.0 1.546 0.559 0.36 0.615 1.455 0.301 1.88 0.02 1.253 0.015 0.01 0.006
1924.9 1.0 1.0 1.0 1.546 0.559 0.36 0.615 1.455 0.302 1.88 0.02 1.253 0.015 0.01 0.006
1925.0 1.0 1.0 1.0 1.546 0.559 0.36 0.615 1.455 0.302 1.88 0.02 1.253 0.015 0.01 0.006
1925.1 1.0 1.0 1.0 1.546 0.559 0.36 0.615 1.455 0.302 1.88 0.02 1.253 0.015 0.01 0.006
1925.2 1.0 1.0 1.0 1.546 0.559 0.36 0.615 1.455 0.303 1.88 0.02 1.253 0.015 0.01 0.006
1925.3 1.0 1.0 1.0 1.546 0.559 0.36 0.615 1.455 0.303 1.88 0.02 1.253 0.015 0.01 0.006
1925.4 1.0 1.0 1.0 1.546 0.559 0.36 0.615 1.455 0.303 1.88 0.02 1.253 0.015 0.01 0.006
1925.5 1.0 1.0 1.0 1.546 0.559 0.36 0.615 1.455 0.303 1.88 0.02 1.253 0.015 0.01 0.006
1925.6 1.0 1.0 1.0 1.546 0.559 0.36 0.615 1.455 0.304 1.88 0.02 1.253 0.015 0.01 0.006
1925.7 1.0 1.0 1.0 1.546 0.559 0.36 0.615 1.455 0.304 1.88 0.02 1.253 0.015 0.01 0.006
1925.8 1.0 1.0 1.0 1.546 0.559 0.36 0.615 1.455 0.304 1.88 0.02 1.253 0.015 0.01 0.006
1925.9 1.0 1.0 1.0 1.546 0.559 0.36 0.615 1.455 0.305 1.88 0.02 1.253 0.015 0.01 0.006
1926.0 1.0 1.0 1.0 1.546 0.559 0.36 0.615 1.455 0.305 1.88 0.02 1.253 0.015 0.01 0.006
1926.1 1.0 1.0 1.0 1.546 0.559 0.36 0.615 1.455 0.305 1.88 0.02 1.253 0.015 0.01 0.006
1926.2 1.0 1.0 1.0 1.546 0.559 0.36 0.615 1.455 0.306 1.88 0.02 1.253 0.015 0.01 0.006
1926.3 1.0 1.0 1.0 1.546 0.559 0.36 0.615 1.455 0.306 1.88 0.02 1.253 0.015 0.01 0.006
1926.4 1.0 1.0 1.0 1.546 0.559 0.36 0.615 1.455 0.306 1.88 0.02 1.253 0.015 0.01 0.006
1926.5 1.0 1.0 1.0 1.546 0.559 0.36 0.615 1.455 0.306 1.88 0.02 1.253 0.015 0.01 0.006
1926.6 1.0 1.0 1.0 1.546 0.559 0.36 0.615 1.455 0.307 1.88 0.02 1.253 0.015 0.01 0.006
1926.7 1.0 1.0 1.0 1.546 0.559 0.36 0.615 1.455 0.307 1.88 0.02 1.253 0.015 0.01 0.006
1926.8 1.0 1.0 1.0 1.546 0.559 0.36 0.615 1.455 0.307 1.88 0.02 1.253 0.015 0.01 0.006
1926.9 1.0 1.0 1.0 1.546 0.559 0.36 0.615 1.455 0.308 1.88 0.02 1.253 0.015 0.01 0.006
1927.0 1.0 1.0 1.0 1.546 0.559 0.36 0.615 1.455 0.308 1.88 0.02 1.253 0.015 0.01 0.006
1927.1 1.0 1.0 1.0 1.546 0.559 0.36 0.615 1.455 0.308 1.88 0.02 1.253 0.015 0.01 0.006
1927.2 1.0 1.0 1.0 1.546 0.559 0.36 0.615 1.455 0.309 1.88 0.02 1.253 0.015 0.01 0.006
1927.3 1.0 1.0 1.0 1.546 0.559 0.36 0.615 1.455 0.309 1.88 0.02 1.253 0.015 0.01 0.006
1927.4 1.0 1.0 1.0 1.546 0.559 0.36 0.615 1.455 0.309 1.88 0.02 1.253 0.015 0.01 0.006
1927.5 1.0 1.0 1.0 1.546 0.559 0.36 0.615 1.455 0.309 1.88 0.02 1.253 0.015 0.01 0.006
1927.6 1.0 1.0 1.0 1.546 0.559 0.36 0.615 1.455 0.31 1.88 0.02 1.253 0.015 0.01 0.006
1927.7 1.0 1.0 1.0 1.546 0.559 0.36 0.615 1.455 0.31 1.88 0.02 1.253 0.015 0.01 0.006
1927.8 1.0 1.0 1.0 1.546 0.559 0.36 0.615 1.455 0.31 1.88 0.02 1.253 0.015 0.01 0.006
1927.9 1.0 1.0 1.0 1.546 0.559 0.36 0.615 1.455 0.311 1.88 0.02 1.253 0.015 0.01 0.006
1928.0 1.0 1.0 1.0 1.546 0.559 0.36 0.615 1.455 0.311 1.88 0.02 1.253 0.015 0.01 0.006
1928.1 1.0 1.0 1.0 1.546 0.559 0.36 0.615 1.455 0.311 1.88 0.02 1.253 0.015 0.01 0.006
1928.2 1.0 1.0 1.0 1.546 0.559 0.36 0.615 1.455 0.312 1.88 0.02 1.253 0.015 0.01 0.006
1928.3 1.0 1.0 1.0 1.546 0.559 0.36 0.615 1.455 0.312 1.88 0.02 1.253 0.015 0.01 0.006
1928.4 1.0 1.0 1.0 1.546 0.559 0.36 0.615 1.455 0.312 1.88 0.02 1.253 0.015 0.01 0.006
1928.5 1.0 1.0 1.0 1.546 0.559 0.36 0.615 1.455 0.312 1.88 0.02 1.253 0.015 0.01 0.006
1928.6 1.0 1.0 1.0 1.546 0.559 0.36 0.615 1.455 0.313 1.88 0.02 1.253 0.015 0.01 0.006
1928.7 1.0 1.0 1.0 1.546 0.559 0.36 0.615 1.455 0.313 1.88 0.02 1.253 0.015 0.01 0.006
1928.8 1.0 1.0 1.0 1.546 0.559 0.36 0.615 1.455 0.313 1.88 0.02 1.253 0.015 0.01 0.006
1928.9 1.0 1.0 1.0 1.546 0.559 0.36 0.615 1.455 0.314 1.88 0.02 1.253 0.015 0.01 0.006
1929.0 1.0 1.0 1.0 1.546 0.559 0.36 0.615 1.455 0.314 1.88 0.02 1.253 0.015 0.01 0.006
1929.1 1.0 1.0 1.0 1.546 0.559 0.36 0.615 1.455 0.314 1.88 0.02 1.253 0.015 0.01 0.006
1929.2 1.0 1.0 1.0 1.546 0.559 0.36 0.615 1.455 0.314 1.88 0.02 1.253 0.015 0.01 0.006
1929.3 1.0 1.0 1.0 1.546 0.559 0.36 0.615 1.455 0.315 1.88 0.02 1.253 0.015 0.01 0.006
1929.4 1.0 1.0 1.0 1.546 0.559 0.36 0.615 1.455 0.315 1.88 0.02 1.253 0.015 0.01 0.006
1929.5 1.0 1.0 1.0 1.546 0.559 0.36 0.615 1.455 0.315 1.88 0.02 1.253 0.015 0.01 0.006
1929.6 1.0 1.0 1.0 1.546 0.559 0.36 0.615 1.455 0.316 1.88 0.02 1.253 0.015 0.01 0.006
1929.7 1.0 1.0 1.0 1.546 0.559 0.36 0.615 1.455 0.316 1.88 0.02 1.253 0.015 0.01 0.006
1929.8 1.0 1.0 1.0 1.546 0.559 0.36 0.615 1.455 0.316 1.88 0.02 1.253 0.015 0.01 0.006
1929.9 1.0 1.0 1.0 1.546 0.559 0.36 0.615 1.455 0.316 1.88 0.02 1.253 0.015 0.01 0.006
1930.0 1.0 1.0 1.0 1.546 0.559 0.36 0.615 1.455 0.317 1.88 0.02 1.253 0.015 0.01 0.006
1930.1 1.0 1.0 1.0 1.546 0.559 0.36 0.615 1.455 0.317 1.88 0.02 1.253 0.015 0.01 0.006
1930.2 1.0 1.0 1.0 1.546 0.559 0.36 0.615 1.455 0.317 1.88 0.02 1.253 0.015 0.01 0.006
1930.3 1.0 1.0 1.0 1.546 0.559 0.36 0.615 1.455 0.318 1.88 0.02 1.253 0.015 0.01 0.006
1930.4 1.0 1.0 1.0 1.546 0.559 0.36 0.615 1.455 0.318 1.88 0.02 1.253 0.015 0.01 0.006
1930.5 1.0 1.0 1.0 1.546 0.559 0.36 0.615 1.455 0.318 1.88 0.02 1.253 0.015 0.01 0.006
1930.6 1.0 1.0 1.0 1.546 0.559 0.36 0.615 1.455 0.318 1.88 0.02 1.253 0.015 0.01 0.006
1930.7 1.0 1.0 1.0 1.546 0.559 0.36 0.615 1.455 0.319 1.88 0.02 1.253 0.015 0.01 0.006
1930.8 1.0 1.0 1.0 1.546 0.559 0.36 0.615 1.455 0.319 1.88 0.02 1.253 0.015 0.01 0.006
1930.9 1.0 1.0 1.0 1.546 0.559 0.36 0.615 1.455 0.319 1.88 0.02 1.253 0.015 0.01 0.006
1931.0 1.0 1.0 1.0 1.546 0.559 0.36 0.615 1.455 0.32 1.88 0.02 1.253 0.015 0.01 0.006
1931.1 1.0 1.0 1.0 1.546 0.559 0.36 0.615 1.455 0.32 1.88 0.02 1.253 0.015 0.01 0.006
1931.2 1.0 1.0 1.0 1.546 0.559 0.36 0.615 1.455 0.32 1.88 0.02 1.253 0.015 0.01 0.006
1931.3 1.0 1.0 1.0 1.546 0.559 0.36 0.615 1.455 0.32 1.88 0.02 1.253 0.015 0.01 0.006
1931.4 1.0 1.0 1.0 1.546 0.559 0.36 0.615 1.455 0.321 1.88 0.02 1.253 0.015 0.01 0.006
1931.5 1.0 1.0 1.0 1.546 0.559 0.36 0.615 1.455 0.321 1.88 0.02 1.253 0.015 0.01 0.006
1931.6 1.0 1.0 1.0 1.546 0.559 0.36 0.615 1.455 0.321 1.88 0.02 1.253 0.015 0.01 0.006
1931.7 1.0 1.0 1.0 1.546 0.559 0.36 0.615 1.455 0.322 1.88 0.02 1.253 0.015 0.01 0.006
1931.8 1.0 1.0 1.0 1.546 0.559 0.36 0.615 1.455 0.322 1.88 0.02 1.253 0.015 0.01 0.006
1931.9 1.0 1.0 1.0 1.546 0.559 0.36 0.615 1.455 0.322 1.88 0.02 1.253 0.015 0.01 0.006
1932.0 1.0 1.0 1.0 1.546 0.559 0.36 0.615 1.455 0.322 1.88 0.02 1.253 0.015 0.01 0.006
1932.1 1.0 1.0 1.0 1.546 0.559 0.36 0.615 1.455 0.323 1.88 0.02 1.253 0.015 0.01 0.006
1932.2 1.0 1.0 1.0 1.546 0.559 0.36 0.615 1.455 0.323 1.88 0.02 1.253 0.015 0.01 0.006
1932.3 1.0 1.0 1.0 1.546 0.559 0.36 0.615 1.455 0.323 1.88 0.02 1.253 0.015 0.01 0.006
1932.4 1.0 1.0 1.0 1.546 0.559 0.36 0.615 1.455 0.324 1.88 0.02 1.253 0.015 0.01 0.006
1932.5 1.0 1.0 1.0 1.546 0.559 0.36 0.615 1.455 0.324 1.88 0.02 1.253 0.015 0.01 0.006
1932.6 1.0 1.0 1.0 1.546 0.559 0.36 0.615 1.455 0.324 1.88 0.02 1.253 0.015 0.01 0.006
1932.7 1.0 1.0 1.0 1.546 0.559 0.36 0.615 1.455 0.324 1.88 0.02 1.253 0.015 0.01 0.006
1932.8 1.0 1.0 1.0 1.546 0.559 0.36 0.615 1.455 0.325 1.88 0.02 1.253 0.015 0.01 0.006
1932.9 1.0 1.0 1.0 1.546 0.559 0.36 0.615 1.455 0.325 1.88 0.02 1.253 0.015 0.01 0.006
1933.0 1.0 1.0 1.0 1.546 0.559 0.36 0.615 1.455 0.325 1.88 0.02 1.253 0.015 0.01 0.006
1933.1 1.0 1.0 1.0 1.546 0.559 0.36 0.615 1.455 0.326 1.88 0.02 1.253 0.015 0.01 0.006
1933.2 1.0 1.0 1.0 1.546 0.559 0.36 0.615 1.455 0.326 1.88 0.02 1.253 0.015 0.01 0.006
1933.3 1.0 1.0 1.0 1.546 0.559 0.36 0.615 1.455 0.326 1.88 0.02 1.253 0.015 0.01 0.006
1933.4 1.0 1.0 1.0 1.546 0.559 0.36 0.615 1.455 0.326 1.88 0.02 1.253 0.015 0.01 0.006
1933.5 1.0 1.0 1.0 1.546 0.559 0.36 0.615 1.455 0.327 1.88 0.02 1.253 0.015 0.01 0.006
1933.6 1.0 1.0 1.0 1.546 0.559 0.36 0.615 1.455 0.327 1.88 0.02 1.253 0.015 0.01 0.006
1933.7 1.0 1.0 1.0 1.546 0.559 0.36 0.615 1.455 0.327 1.88 0.02 1.253 0.015 0.01 0.006
1933.8 1.0 1.0 1.0 1.546 0.559 0.36 0.615 1.455 0.327 1.88 0.02 1.253 0.015 0.01 0.006
1933.9 1.0 1.0 1.0 1.546 0.559 0.36 0.615 1.455 0.328 1.88 0.02 1.253 0.015 0.01 0.006
1934.0 1.0 1.0 1.0 1.546 0.559 0.36 0.615 1.455 0.328 1.88 0.02 1.253 0.015 0.01 0.006
1934.1 1.0 1.0 1.0 1.546 0.559 0.36 0.615 1.455 0.328 1.88 0.02 1.253 0.015 0.01 0.006
1934.2 1.0 1.0 1.0 1.546 0.559 0.36 0.615 1.455 0.329 1.88 0.02 1.253 0.015 0.01 0.006
1934.3 1.0 1.0 1.0 1.546 0.559 0.36 0.615 1.455 0.329 1.88 0.02 1.253 0.015 0.01 0.006
1934.4 1.0 1.0 1.0 1.546 0.559 0.36 0.615 1.455 0.329 1.88 0.02 1.253 0.015 0.01 0.006
1934.5 1.0 1.0 1.0 1.546 0.559 0.36 0.615 1.455 0.329 1.88 0.02 1.253 0.015 0.01 0.006
1934.6 1.0 1.0 1.0 1.546 0.559 0.36 0.615 1.455 0.33 1.88 0.02 1.253 0.015 0.01 0.006
1934.7 1.0 1.0 1.0 1.546 0.559 0.36 0.615 1.455 0.33 1.88 0.02 1.253 0.015 0.01 0.006
1934.8 1.0 1.0 1.0 1.546 0.559 0.36 0.615 1.455 0.33 1.88 0.02 1.253 0.015 0.01 0.006
1934.9 1.0 1.0 1.0 1.546 0.559 0.36 0.615 1.455 0.33 1.88 0.02 1.253 0.015 0.01 0.006
1935.0 1.0 1.0 1.0 1.546 0.559 0.36 0.615 1.455 0.331 1.88 0.02 1.253 0.015 0.01 0.006
1935.1 1.0 1.0 1.0 1.546 0.559 0.36 0.615 1.455 0.331 1.88 0.02 1.253 0.015 0.01 0.006
1935.2 1.0 1.0 1.0 1.546 0.559 0.36 0.615 1.455 0.331 1.88 0.02 1.253 0.015 0.01 0.006
1935.3 1.0 1.0 1.0 1.546 0.559 0.36 0.615 1.455 0.332 1.88 0.02 1.253 0.015 0.01 0.006
1935.4 1.0 1.0 1.0 1.546 0.559 0.36 0.615 1.455 0.332 1.88 0.02 1.253 0.015 0.01 0.006
1935.5 1.0 1.0 1.0 1.546 0.559 0.36 0.615 1.455 0.332 1.88 0.02 1.253 0.015 0.01 0.006
1935.6 1.0 1.0 1.0 1.546 0.559 0.36 0.615 1.455 0.332 1.88 0.02 1.253 0.015 0.01 0.006
1935.7 1.0 1.0 1.0 1.546 0.559 0.36 0.615 1.455 0.333 1.88 0.02 1.253 0.015 0.01 0.006
1935.8 1.0 1.0 1.0 1.546 0.559 0.36 0.615 1.455 0.333 1.88 0.02 1.253 0.015 0.01 0.006
1935.9 1.0 1.0 1.0 1.546 0.559 0.36 0.615 1.455 0.333 1.88 0.02 1.253 0.015 0.01 0.006
1936.0 1.0 1.0 1.0 1.546 0.559 0.36 0.615 1.455 0.333 1.88 0.02 1.253 0.015 0.01 0.006
1936.1 1.0 1.0 1.0 1.546 0.559 0.36 0.615 1.455 0.334 1.88 0.02 1.253 0.015 0.01 0.006
1936.2 1.0 1.0 1.0 1.546 0.559 0.36 0.615 1.455 0.334 1.88 0.02 1.253 0.015 0.01 0.006
1936.3 1.0 1.0 1.0 1.546 0.559 0.36 0.615 1.455 0.334 1.88 0.02 1.253 0.015 0.01 0.006
1936.4 1.0 1.0 1.0 1.546 0.559 0.36 0.615 1.455 0.335 1.88 0.02 1.253 0.015 0.01 0.006
1936.5 1.0 1.0 1.0 1.546 0.559 0.36 0.615 1.455 0.335 1.88 0.02 1.253 0.015 0.01 0.006
1936.6 1.0 1.0 1.0 1.546 0.559 0.36 0.615 1.455 0.335 1.88 0.02 1.253 0.015 0.01 0.006
1936.7 1.0 1.0 1.0 1.546 0.559 0.36 0.615 1.455 0.335 1.88 0.02 1.253 0.015 0.01 0.006
1936.8 1.0 1.0 1.0 1.546 0.559 0.36 0.615 1.455 0.336 1.88 0.02 1.253 0.015 0.01 0.006
1936.9 1.0 1.0 1.0 1.546 0.559 0.36 0.615 1.455 0.336 1.88 0.02 1.253 0.015 0.01 0.006
1937.0 1.0 1.0 1.0 1.546 0.559 0.36 0.615 1.455 0.336 1.88 0.02 1.253 0.015 0.01 0.006
1937.1 1.0 1.0 1.0 1.546 0.559 0.36 0.615 1.455 0.336 1.88 0.02 1.253 0.015 0.01 0.006
1937.2 1.0 1.0 1.0 1.546 0.559 0.36 0.615 1.455 0.337 1.88 0.02 1.253 0.015 0.01 0.006
1937.3 1.0 1.0 1.0 1.546 0.559 0.36 0.615 1.455 0.337 1.88 0.02 1.253 0.015 0.01 0.006
1937.4 1.0 1.0 1.0 1.546 0.559 0.36 0.615 1.455 0.337 1.88 0.02 1.253 0.015 0.01 0.006
1937.5 1.0 1.0 1.0 1.546 0.559 0.36 0.615 1.455 0.337 1.88 0.02 1.253 0.015 0.01 0.006
1937.6 1.0 1.0 1.0 1.546 0.559 0.36 0.615 1.455 0.338 1.88 0.02 1.253 0.015 0.01 0.006
1937.7 1.0 1.0 1.0 1.546 0.559 0.36 0.615 1.455 0.338 1.88 0.02 1.253 0.015 0.01 0.006
1937.8 1.0 1.0 1.0 1.546 0.559 0.36 0.615 1.455 0.338 1.88 0.02 1.253 0.015 0.01 0.006
1937.9 1.0 1.0 1.0 1.546 0.559 0.36 0.615 1.455 0.338 1.88 0.02 1.253 0.015 0.01 0.006
1938.0 1.0 1.0 1.0 1.546 0.559 0.36 0.615 1.455 0.339 1.88 0.02 1.253 0.015 0.01 0.006
1938.1 1.0 1.0 1.0 1.546 0.559 0.36 0.615 1.455 0.339 1.88 0.02 1.253 0.015 0.01 0.006
1938.2 1.0 1.0 1.0 1.546 0.559 0.36 0.615 1.455 0.339 1.88 0.02 1.253 0.015 0.01 0.006
1938.3 1.0 1.0 1.0 1.546 0.559 0.36 0.615 1.455 0.34 1.88 0.02 1.253 0.015 0.01 0.006
1938.4 1.0 1.0 1.0 1.546 0.559 0.36 0.615 1.455 0.34 1.88 0.02 1.253 0.015 0.01 0.006
1938.5 1.0 1.0 1.0 1.546 0.559 0.36 0.615 1.455 0.34 1.88 0.02 1.253 0.015 0.01 0.006
1938.6 1.0 1.0 1.0 1.546 0.559 0.36 0.615 1.454 0.34 1.88 0.02 1.253 0.015 0.01 0.006
1938.7 1.0 1.0 1.0 1.546 0.559 0.36 0.615 1.454 0.341 1.88 0.02 1.253 0.015 0.01 0.006
1938.8 1.0 1.0 1.0 1.546 0.559 0.36 0.615 1.454 0.341 1.88 0.02 1.253 0.015 0.01 0.006
1938.9 1.0 1.0 1.0 1.546 0.559 0.36 0.615 1.454 0.341 1.88 0.02 1.253 0.015 0.01 0.006
1939.0 1.0 1.0 1.0 1.546 0.559 0.36 0.615 1.454 0.341 1.88 0.02 1.253 0.015 0.01 0.006
1939.1 1.0 1.0 1.0 1.546 0.559 0.36 0.615 1.454 0.342 1.88 0.02 1.253 0.015 0.01 0.006
1939.2 1.0 1.0 1.0 1.546 0.559 0.36 0.615 1.454 0.342 1.88 0.02 1.253 0.015 0.01 0.006
1939.3 1.0 1.0 1.0 1.546 0.559 0.36 0.615 1.454 0.342 1.88 0.02 1.253 0.015 0.01 0.006
1939.4 1.0 1.0 1.0 1.546 0.559 0.36 0.615 1.454 0.342 1.88 0.02 1.253 0.015 0.01 0.006
1939.5 1.0 1.0 1.0 1.546 0.559 0.36 0.615 1.454 0.343 1.88 0.02 1.253 0.015 0.01 0.006
1939.6 1.0 1.0 1.0 1.546 0.559 0.36 0.615 1.454 0.343 1.88 0.02 1.253 0.015 0.01 0.006
1939.7 1.0 1.0 1.0 1.546 0.559 0.36 0.615 1.454 0.343 1.88 0.02 1.253 0.015 0.01 0.006
1939.8 1.0 1.0 1.0 1.546 0.559 0.36 0.615 1.454 0.343 1.88 0.02 1.253 0.015 0.01 0.006
1939.9 1.0 1.0 1.0 1.546 0.559 0.36 0.615 1.454 0.344 1.88 0.02 1.253 0.015 0.01 0.006
1940.0 1.0 1.0 1.0 1.546 0.559 0.36 0.615 1.454 0.344 1.88 0.02 1.253 0.015 0.01 0.006
1940.1 1.0 1.0 1.0 1.546 0.559 0.36 0.615 1.454 0.344 1.88 0.02 1.253 0.015 0.01 0.006
1940.2 1.0 1.0 1.0 1.546 0.559 0.36 0.615 1.454 0.344 1.88 0.02 1.253 0.015 0.01 0.006
1940.3 1.0 1.0 1.0 1.546 0.559 0.36 0.615 1.454 0.345 1.88 0.02 1.253 0.015 0.01 0.006
1940.4 1.0 1.0 1.0 1.546 0.559 0.36 0.615 1.454 0.345 1.88 0.02 1.253 0.015 0.01 0.006
1940.5 1.0 1.0 1.0 1.546 0.559 0.36 0.615 1.454 0.345 1.88 0.02 1.253 0.015 0.01 0.006
1940.6 1.0 1.0 1.0 1.546 0.559 0.36 0.615 1.454 0.345 1.88 0.02 1.253 0.015 0.01 0.006
1940.7 1.0 1.0 1.0 1.546 0.559 0.36 0.615 1.454 0.346 1.88 0.02 1.253 0.015 0.01 0.006
1940.8 1.0 1.0 1.0 1.546 0.559 0.36 0.615 1.454 0.346 1.88 0.02 1.253 0.015 0.01 0.006
1940.9 1.0 1.0 1.0 1.546 0.559 0.36 0.615 1.454 0.346 1.88 0.02 1.253 0.015 0.01 0.006
1941.0 1.0 1.0 1.0 1.546 0.559 0.36 0.615 1.454 0.346 1.88 0.02 1.253 0.015 0.01 0.006
1941.1 1.0 1.0 1.0 1.546 0.559 0.36 0.615 1.454 0.347 1.88 0.02 1.253 0.015 0.01 0.006
1941.2 1.0 1.0 1.0 1.546 0.559 0.36 0.615 1.454 0.347 1.88 0.02 1.253 0.015 0.01 0.006
1941.3 1.0 1.0 1.0 1.546 0.559 0.36 0.615 1.454 0.347 1.88 0.02 1.253 0.015 0.01 0.006
1941.4 1.0 1.0 1.0 1.546 0.559 0.36 0.615 1.454 0.347 1.88 0.02 1.253 0.015 0.01 0.006
1941.5 1.0 1.0 1.0 1.546 0.559 0.36 0.615 1.454 0.348 1.88 0.02 1.253 0.015 0.01 0.006
1941.6 1.0 1.0 1.0 1.546 0.559 0.36 0.615 1.454 0.348 1.88 0.02 1.253 0.015 0.01 0.006
1941.7 1.0 1.0 1.0 1.546 0.559 0.36 0.615 1.454 0.348 1.88 0.02 1.253 0.015 0.01 0.006
1941.8 1.0 1.0 1.0 1.546 0.559 0.36 0.615 1.454 0.348 1.88 0.02 1.253 0.015 0.01 0.006
1941.9 1.0 1.0 1.0 1.546 0.559 0.36 0.615 1.454 0.349 1.88 0.02 1.253 0.015 0.01 0.006
1942.0 1.0 1.0 1.0 1.546 0.559 0.36 0.615 1.454 0.349 1.88 0.02 1.253 0.015 0.01 0.006
1942.1 1.0 1.0 1.0 1.546 0.559 0.36 0.615 1.454 0.349 1.88 0.02 1.253 0.015 0.01 0.006
1942.2 1.0 1.0 1.0 1.546 0.559 0.36 0.615 1.454 0.349 1.88 0.02 1.253 0.015 0.01 0.006
1942.3 1.0 1.0 1.0 1.546 0.559 0.36 0.615 1.454 0.35 1.88 0.02 1.253 0.015 0.01 0.006
1942.4 1.0 1.0 1.0 1.546 0.559 0.36 0.615 1.454 0.35 1.88 0.02 1.253 0.015 0.01 0.006
1942.5 1.0 1.0 1.0 1.546 0.559 0.36 0.615 1.454 0.35 1.88 0.02 1.253 0.015 0.01 0.006
1942.6 1.0 1.0 1.0 1.546 0.559 0.36 0.615 1.454 0.35 1.88 0.02 1.253 0.015 0.01 0.006
1942.7 1.0 1.0 1.0 1.546 0.559 0.36 0.615 1.454 0.351 1.88 0.02 1.253 0.015 0.01 0.006
1942.8 1.0 1.0 1.0 1.546 0.559 0.36 0.615 1.454 0.351 1.88 0.02 1.253 0.015 0.01 0.006
1942.9 1.0 1.0 1.0 1.546 0.559 0.36 0.615 1.454 0.351 1.88 0.02 1.253 0.015 0.01 0.006
1943.0 1.0 1.0 1.0 1.546 0.559 0.36 0.615 1.454 0.351 1.88 0.02 1.253 0.015 0.01 0.006
1943.1 1.0 1.0 1.0 1.546 0.559 0.36 0.615 1.454 0.352 1.88 0.02 1.253 0.015 0.01 0.006
1943.2 1.0 1.0 1.0 1.546 0.559 0.36 0.615 1.454 0.352 1.88 0.02 1.253 0.015 0.01 0.006
1943.3 1.0 1.0 1.0 1.546 0.559 0.36 0.615 1.454 0.352 1.88 0.02 1.253 0.015 0.01 0.006
1943.4 1.0 1.0 1.0 1.546 0.559 0.36 0.615 1.454 0.352 1.88 0.02 1.253 0.015 0.01 0.006
1943.5 1.0 1.0 1.0 1.546 0.559 0.36 0.615 1.454 0.353 1.88 0.02 1.253 0.015 0.01 0.006
1943.6 1.0 1.0 1.0 1.546 0.559 0.36 0.615 1.454 0.353 1.88 0.02 1.253 0.015 0.01 0.006
1943.7 1.0 1.0 1.0 1.546 0.559 0.36 0.615 1.454 0.353 1.88 0.02 1.253 0.015 0.01 0.006
1943.8 1.0 1.0 1.0 1.546 0.559 0.36 0.615 1.454 0.353 1.88 0.02 1.253 0.015 0.01 0.006
1943.9 1.0 1.0 1.0 1.546 0.559 0.36 0.615 1.454 0.354 1.88 0.02 1.253 0.015 0.01 0.006
1944.0 1.0 1.0 1.0 1.546 0.559 0.36 0.615 1.454 0.354 1.88 0.02 1.253 0.015 0.01 0.006
1944.1 1.0 1.0 1.0 1.546 0.559 0.36 0.615 1.454 0.354 1.88 0.02 1.253 0.015 0.01 0.006
1944.2 1.0 1.0 1.0 1.546 0.559 0.36 0.615 1.454 0.354 1.88 0.02 1.253 0.015 0.01 0.006
1944.3 1.0 1.0 1.0 1.546 0.559 0.36 0.615 1.454 0.355 1.88 0.02 1.253 0.015 0.01 0.006
1944.4 1.0 1.0 1.0 1.546 0.559 0.36 0.615 1.454 0.355 1.88 0.02 1.253 0.015 0.01 0.006
1944.5 1.0 1.0 1.0 1.546 0.559 0.36 0.615 1.454 0.355 1.88 0.02 1.253 0.015 0.01 0.006
1944.6 1.0 1.0 1.0 1.546 0.559 0.36 0.615 1.454 0.355 1.88 0.02 1.253 0.015 0.01 0.006
1944.7 1.0 1.0 1.0 1.546 0.559 0.36 0.615 1.454 0.356 1.88 0.02 1.253 0.015 0.01 0.006
1944.8 1.0 1.0 1.0 1.546 0.559 0.36 0.615 1.454 0.356 1.88 0.02 1.253 0.015 0.01 0.006
1944.9 1.0 1.0 1.0 1.546 0.559 0.36 0.615 1.454 0.356 1.88 0.02 1.253 0.015 0.01 0.006
1945.0 1.0 1.0 1.0 1.546 0.559 0.36 0.615 1.454 0.356 1.88 0.02 1.253 0.015 0.01 0.006
1945.1 1.0 1.0 1.0 1.546 0.559 0.36 0.615 1.454 0.357 1.88 0.02 1.253 0.015 0.01 0.006
1945.2 1.0 1.0 1.0 1.546 0.559 0.36 0.615 1.454 0.357 1.88 0.02 1.253 0.015 0.01 0.006
1945.3 1.0 1.0 1.0 1.546 0.559 0.36 0.615 1.454 0.357 1.88 0.02 1.253 0.015 0.01 0.006
1945.4 1.0 1.0 1.0 1.546 0.559 0.36 0.615 1.454 0.357 1.88 0.02 1.253 0.015 0.01 0.006
1945.5 1.0 1.0 1.0 1.546 0.559 0.36 0.615 1.454 0.358 1.88 0.02 1.253 0.015 0.01 0.006
1945.6 1.0 1.0 1.0 1.546 0.559 0.36 0.615 1.454 0.358 1.88 0.02 1.253 0.015 0.01 0.006
1945.7 1.0 1.0 1.0 1.546 0.559 0.36 0.615 1.454 0.358 1.88 0.02 1.253 0.015 0.01 0.006
1945.8 1.0 1.0 1.0 1.546 0.559 0.36 0.615 1.454 0.358 1.88 0.02 1.253 0.015 0.01 0.006
1945.9 1.0 1.0 1.0 1.546 0.559 0.36 0.615 1.454 0.359 1.88 0.02 1.253 0.015 0.01 0.006
1946.0 1.0 1.0 1.0 1.546 0.559 0.36 0.615 1.454 0.359 1.88 0.02 1.253 0.015 0.01 0.006
1946.1 1.0 1.0 1.0 1.546 0.559 0.36 0.615 1.454 0.359 1.88 0.02 1.253 0.015 0.01 0.006
1946.2 1.0 1.0 1.0 1.546 0.559 0.36 0.615 1.454 0.359 1.88 0.02 1.253 0.015 0.01 0.006
1946.3 1.0 1.0 1.0 1.546 0.559 0.36 0.615 1.454 0.359 1.88 0.02 1.253 0.015 0.01 0.006
1946.4 1.0 1.0 1.0 1.546 0.559 0.36 0.615 1.454 0.36 1.88 0.02 1.253 0.015 0.01 0.006
1946.5 1.0 1.0 1.0 1.546 0.559 0.36 0.615 1.454 0.36 1.88 0.02 1.253 0.015 0.01 0.006
1946.6 1.0 1.0 1.0 1.546 0.559 0.36 0.615 1.454 0.36 1.88 0.02 1.253 0.015 0.01 0.006
1946.7 1.0 1.0 1.0 1.546 0.559 0.36 0.615 1.454 0.36 1.88 0.02 1.253 0.015 0.01 0.006
1946.8 1.0 1.0 1.0 1.546 0.559 0.36 0.615 1.454 0.361 1.88 0.02 1.253 0.015 0.01 0.006
1946.9 1.0 1.0 1.0 1.546 0.559 0.36 0.615 1.454 0.361 1.88 0.02 1.253 0.015 0.01 0.006
1947.0 1.0 1.0 1.0 1.546 0.559 0.36 0.615 1.454 0.361 1.88 0.02 1.253 0.015 0.01 0.006
1947.1 1.0 1.0 1.0 1.546 0.559 0.36 0.615 1.454 0.361 1.88 0.02 1.253 0.015 0.01 0.006
1947.2 1.0 1.0 1.0 1.546 0.559 0.36 0.615 1.454 0.362 1.88 0.02 1.253 0.015 0.01 0.006
1947.3 1.0 1.0 1.0 1.546 0.559 0.36 0.615 1.454 0.362 1.88 0.02 1.253 0.015 0.01 0.006
1947.4 1.0 1.0 1.0 1.546 0.559 0.36 0.615 1.454 0.362 1.88 0.02 1.253 0.015 0.01 0.006
1947.5 1.0 1.0 1.0 1.546 0.559 0.36 0.615 1.454 0.362 1.88 0.02 1.253 0.015 0.01 0.006
1947.6 1.0 1.0 1.0 1.546 0.559 0.36 0.615 1.454 0.363 1.88 0.02 1.253 0.015 0.01 0.006
1947.7 1.0 1.0 1.0 1.546 0.559 0.36 0.615 1.454 0.363 1.88 0.02 1.253 0.015 0.01 0.006
1947.8 1.0 1.0 1.0 1.546 0.559 0.36 0.615 1.454 0.363 1.88 0.02 1.253 0.015 0.01 0.006
1947.9 1.0 1.0 1.0 1.546 0.559 0.36 0.615 1.454 0.363 1.88 0.02 1.253 0.015 0.01 0.006
1948.0 1.0 1.0 1.0 1.546 0.559 0.36 0.615 1.454 0.363 1.88 0.02 1.253 0.015 0.01 0.006
1948.1 1.0 1.0 1.0 1.546 0.559 0.36 0.615 1.454 0.364 1.88 0.02 1.253 0.015 0.01 0.006
1948.2 1.0 1.0 1.0 1.546 0.559 0.36 0.615 1.454 0.364 1.88 0.02 1.253 0.015 0.01 0.006
1948.3 1.0 1.0 1.0 1.546 0.559 0.36 0.615 1.454 0.364 1.88 0.02 1.253 0.015 0.01 0.006
1948.4 1.0 1.0 1.0 1.546 0.559 0.36 0.615 1.454 0.364 1.88 0.02 1.253 0.015 0.01 0.006
1948.5 1.0 1.0 1.0 1.546 0.559 0.36 0.615 1.454 0.365 1.88 0.02 1.253 0.015 0.01 0.006
1948.6 1.0 1.0 1.0 1.546 0.559 0.36 0.615 1.454 0.365 1.88 0.02 1.253 0.015 0.01 0.006
1948.7 1.0 1.0 1.0 1.546 0.559 0.36 0.615 1.454 0.365 1.88 0.02 1.253 0.015 0.01 0.006
1948.8 1.0 1.0 1.0 1.546 0.559 0.36 0.615 1.454 0.365 1.88 0.02 1.253 0.015 0.01 0.006
1948.9 1.0 1.0 1.0 1.546 0.559 0.36 0.615 1.454 0.366 1.88 0.02 1.253 0.015 0.01 0.006
1949.0 1.0 1.0 1.0 1.546 0.559 0.36 0.615 1.454 0.366 1.88 0.02 1.253 0.015 0.01 0.006
1949.1 1.0 1.0 1.0 1.546 0.559 0.36 0.615 1.454 0.366 1.88 0.02 1.253 0.015 0.01 0.006
1949.2 1.0 1.0 1.0 1.546 0.559 0.36 0.615 1.454 0.366 1.88 0.02 1.253 0.015 0.01 0.006
1949.3 1.0 1.0 1.0 1.546 0.559 0.36 0.615 1.454 0.366 1.88 0.02 1.253 0.015 0.01 0.006
1949.4 1.0 1.0 1.0 1.546 0.559 0.36 0.615 1.454 0.367 1.88 0.02 1.253 0.015 0.01 0.006
1949.5 1.0 1.0 1.0 1.546 0.559 0.36 0.615 1.454 0.367 1.88 0.02 1.253 0.015 0.01 0.006
1949.6 1.0 1.0 1.0 1.546 0.559 0.36 0.615 1.454 0.367 1.88 0.02 1.253 0.015 0.01 0.006
1949.7 1.0 1.0 1.0 1.546 0.559 0.36 0.615 1.454 0.367 1.88 0.02 1.253 0.015 0.01 0.006
1949.8 1.0 1.0 1.0 1.546 0.559 0.36 0.615 1.454 0.368 1.88 0.02 1.253 0.015 0.01 0.006
1949.9 1.0 1.0 1.0 1.546 0.559 0.36 0.615 1.454 0.368 1.88 0.02 1.253 0.015 0.01 0.006
1950.0 1.0 1.0 1.0 1.546 0.559 0.36 0.615 1.454 0.368 1.88 0.02 1.253 0.015 0.01 0.006
1950.1 1.0 1.0 1.0 1.546 0.559 0.36 0.615 1.454 0.368 1.88 0.02 1.253 0.015 0.01 0.006
1950.2 1.0 1.0 1.0 1.546 0.559 0.36 0.615 1.454 0.369 1.88 0.02 1.253 0.015 0.01 0.006
1950.3 1.0 1.0 1.0 1.546 0.559 0.36 0.615 1.454 0.369 1.88 0.02 1.253 0.015 0.01 0.006
1950.4 1.0 1.0 1.0 1.546 0.559 0.36 0.615 1.454 0.369 1.88 0.02 1.253 0.015 0.01 0.006
1950.5 1.0 1.0 1.0 1.546 0.559 0.36 0.615 1.454 0.369 1.88 0.02 1.253 0.015 0.01 0.006
1950.6 1.0 1.0 1.0 1.546 0.559 0.36 0.615 1.454 0.369 1.88 0.02 1.253 0.015 0.01 0.006
1950.7 1.0 1.0 1.0 1.546 0.559 0.36 0.615 1.454 0.37 1.88 0.02 1.253 0.015 0.01 0.006
1950.8 1.0 1.0 1.0 1.546 0.559 0.36 0.615 1.454 0.37 1.88 0.02 1.253 0.015 0.01 0.006
1950.9 1.0 1.0 1.0 1.546 0.559 0.36 0.615 1.454 0.37 1.88 0.02 1.253 0.015 0.01 0.006
1951.0 1.0 1.0 1.0 1.546 0.559 0.36 0.615 1.454 0.37 1.88 0.02 1.253 0.015 0.01 0.006
1951.1 1.0 1.0 1.0 1.546 0.559 0.36 0.615 1.454 0.371 1.88 0.02 1.253 0.015 0.01 0.006
1951.2 1.0 1.0 1.0 1.546 0.559 0.36 0.615 1.454 0.371 1.88 0.02 1.253 0.015 0.01 0.006
1951.3 1.0 1.0 1.0 1.546 0.559 0.36 0.615 1.454 0.371 1.88 0.02 1.253 0.015 0.01 0.006
1951.4 1.0 1.0 1.0 1.546 0.559 0.36 0.615 1.454 0.371 1.88 0.02 1.253 0.015 0.01 0.006
1951.5 1.0 1.0 1.0 1.546 0.559 0.36 0.615 1.454 0.371 1.88 0.02 1.253 0.015 0.01 0.006
1951.6 1.0 1.0 1.0 1.546 0.559 0.36 0.615 1.454 0.372 1.88 0.02 1.253 0.015 0.01 0.006
1951.7 1.0 1.0 1.0 1.546 0.559 0.36 0.615 1.454 0.372 1.88 0.02 1.253 0.015 0.01 0.006
1951.8 1.0 1.0 1.0 1.546 0.559 0.36 0.615 1.454 0.372 1.88 0.02 1.253 0.015 0.01 0.006
1951.9 1.0 1.0 1.0 1.546 0.559 0.36 0.615 1.454 0.372 1.88 0.02 1.253 0.015 0.01 0.006
1952.0 1.0 1.0 1.0 1.546 0.559 0.36 0.615 1.454 0.373 1.88 0.02 1.253 0.015 0.01 0.006
1952.1 1.0 1.0 1.0 1.546 0.559 0.36 0.615 1.454 0.373 1.88 0.02 1.253 0.015 0.01 0.006
1952.2 1.0 1.0 1.0 1.546 0.559 0.36 0.615 1.454 0.373 1.88 0.02 1.253 0.015 0.01 0.006
1952.3 1.0 1.0 1.0 1.546 0.559 0.36 0.615 1.454 0.373 1.88 0.02 1.253 0.015 0.01 0.006
1952.4 1.0 1.0 1.0 1.546 0.559 0.36 0.615 1.454 0.373 1.88 0.02 1.253 0.015 0.01 0.006
1952.5 1.0 1.0 1.0 1.546 0.559 0.36 0.615 1.454 0.374 1.88 0.02 1.253 0.015 0.01 0.006
1952.6 1.0 1.0 1.0 1.546 0.559 0.36 0.615 1.454 0.374 1.88 0.02 1.253 0.015 0.01 0.006
1952.7 1.0 1.0 1.0 1.546 0.559 0.36 0.615 1.454 0.374 1.88 0.02 1.253 0.015 0.01 0.006
1952.8 1.0 1.0 1.0 1.546 0.559 0.36 0.615 1.454 0.374 1.88 0.02 1.253 0.015 0.01 0.006
1952.9 1.0 1.0 1.0 1.546 0.559 0.36 0.615 1.454 0.375 1.88 0.02 1.253 0.015 0.01 0.006
1953.0 1.0 1.0 1.0 1.546 0.559 0.36 0.615 1.454 0.375 1.88 0.02 1.253 0.015 0.01 0.006
1953.1 1.0 1.0 1.0 1.546 0.559 0.36 0.615 1.454 0.375 1.88 0.02 1.253 0.015 0.01 0.006
1953.2 1.0 1.0 1.0 1.546 0.559 0.36 0.615 1.454 0.375 1.88 0.02 1.253 0.015 0.01 0.006
1953.3 1.0 1.0 1.0 1.546 0.559 0.36 0.615 1.454 0.375 1.88 0.02 1.253 0.015 0.01 0.006
1953.4 1.0 1.0 1.0 1.546 0.559 0.36 0.615 1.454 0.376 1.88 0.02 1.253 0.015 0.01 0.006
1953.5 1.0 1.0 1.0 1.546 0.559 0.36 0.615 1.454 0.376 1.88 0.02 1.253 0.015 0.01 0.006
1953.6 1.0 1.0 1.0 1.546 0.559 0.36 0.615 1.454 0.376 1.88 0.02 1.253 0.015 0.01 0.006
1953.7 1.0 1.0 1.0 1.546 0.559 0.36 0.615 1.454 0.376 1.88 0.02 1.253 0.015 0.01 0.006
1953.8 1.0 1.0 1.0 1.546 0.559 0.36 0.615 1.454 0.377 1.88 0.02 1.253 0.015 0.01 0.006
1953.9 1.0 1.0 1.0 1.546 0.559 0.36 0.615 1.454 0.377 1.88 0.02 1.253 0.015 0.01 0.006
1954.0 1.0 1.0 1.0 1.546 0.559 0.36 0.615 1.454 0.377 1.88 0.02 1.253 0.015 0.01 0.006
1954.1 1.0 1.0 1.0 1.546 0.559 0.36 0.615 1.454 0.377 1.88 0.02 1.253 0.015 0.01 0.006
1954.2 1.0 1.0 1.0 1.546 0.559 0.36 0.615 1.454 0.377 1.88 0.02 1.253 0.015 0.01 0.006
1954.3 1.0 1.0 1.0 1.546 0.559 0.36 0.615 1.454 0.378 1.88 0.02 1.253 0.015 0.01 0.006
1954.4 1.0 1.0 1.0 1.546 0.559 0.36 0.615 1.454 0.378 1.88 0.02 1.253 0.015 0.01 0.006
1954.5 1.0 1.0 1.0 1.546 0.559 0.36 0.615 1.454 0.378 1.88 0.02 1.253 0.015 0.01 0.006
1954.6 1.0 1.0 1.0 1.546 0.559 0.36 0.615 1.454 0.378 1.88 0.02 1.253 0.015 0.01 0.006
1954.7 1.0 1.0 1.0 1.546 0.559 0.36 0.615 1.454 0.378 1.88 0.02 1.253 0.015 0.01 0.006
1954.8 1.0 1.0 1.0 1.546 0.559 0.36 0.615 1.454 0.379 1.88 0.02 1.253 0.015 0.01 0.006
1954.9 1.0 1.0 1.0 1.546 0.559 0.36 0.615 1.454 0.379 1.88 0.02 1.253 0.015 0.01 0.006
1955.0 1.0 1.0 1.0 1.546 0.559 0.36 0.615 1.454 0.379 1.88 0.02 1.253 0.015 0.01 0.006
1955.1 1.0 1.0 1.0 1.546 0.559 0.36 0.615 1.454 0.379 1.88 0.02 1.253 0.015 0.01 0.006
1955.2 1.0 1.0 1.0 1.546 0.559 0.36 0.615 1.454 0.38 1.88 0.02 1.253 0.015 0.01 0.006
1955.3 1.0 1.0 1.0 1.546 0.559 0.36 0.615 1.454 0.38 1.88 0.02 1.253 0.015 0.01 0.006
1955.4 1.0 1.0 1.0 1.546 0.559 0.36 0.615 1.454 0.38 1.88 0.02 1.253 0.015 0.01 0.006
1955.5 1.0 1.0 1.0 1.546 0.559 0.36 0.615 1.454 0.38 1.88 0.02 1.253 0.015 0.01 0.006
1955.6 1.0 1.0 1.0 1.546 0.559 0.36 0.615 1.454 0.38 1.88 0.02 1.253 0.015 0.01 0.006
1955.7 1.0 1.0 1.0 1.546 0.559 0.36 0.615 1.454 0.381 1.88 0.02 1.253 0.015 0.01 0.006
1955.8 1.0 1.0 1.0 1.546 0.559 0.36 0.615 1.454 0.381 1.88 0.02 1.253 0.015 0.01 0.006
1955.9 1.0 1.0 1.0 1.546 0.559 0.36 0.615 1.454 0.381 1.88 0.02 1.253 0.015 0.01 0.006
1956.0 1.0 1.0 1.0 1.546 0.559 0.36 0.615 1.454 0.381 1.88 0.02 1.253 0.015 0.01 0.006
1956.1 1.0 1.0 1.0 1.546 0.559 0.36 0.615 1.454 0.381 1.88 0.02 1.253 0.015 0.01 0.006
1956.2 1.0 1.0 1.0 1.546 0.559 0.36 0.615 1.454 0.382 1.88 0.02 1.253 0.015 0.01 0.006
1956.3 1.0 1.0 1.0 1.546 0.559 0.36 0.615 1.454 0.382 1.88 0.02 1.253 0.015 0.01 0.006
1956.4 1.0 1.0 1.0 1.546 0.559 0.36 0.615 1.454 0.382 1.88 0.02 1.253 0.015 0.01 0.006
1956.5 1.0 1.0 1.0 1.546 0.559 0.36 0.615 1.454 0.382 1.88 0.02 1.253 0.015 0.01 0.006
1956.6 1.0 1.0 1.0 1.546 0.559 0.36 0.615 1.454 0.382 1.88 0.02 1.253 0.015 0.01 0.006
1956.7 1.0 1.0 1.0 1.546 0.559 0.36 0.615 1.454 0.383 1.88 0.02 1.253 0.015 0.01 0.006
1956.8 1.0 1.0 1.0 1.546 0.559 0.36 0.615 1.454 0.383 1.88 0.02 1.253 0.015 0.01 0.006
1956.9 1.0 1.0 1.0 1.546 0.559 0.36 0.615 1.454 0.383 1.88 0.02 1.253 0.015 0.01 0.006
1957.0 1.0 1.0 1.0 1.546 0.559 0.36 0.615 1.454 0.383 1.88 0.02 1.253 0.015 0.01 0.006
1957.1 1.0 1.0 1.0 1.546 0.559 0.36 0.615 1.454 0.384 1.88 0.02 1.253 0.015 0.01 0.006
1957.2 1.0 1.0 1.0 1.546 0.559 0.36 0.615 1.454 0.384 1.88 0.02 1.253 0.015 0.01 0.006
1957.3 1.0 1.0 1.0 1.546 0.559 0.36 0.615 1.454 0.384 1.88 0.02 1.253 0.015 0.01 0.006
1957.4 1.0 1.0 1.0 1.546 0.559 0.36 0.615 1.454 0.384 1.88 0.02 1.253 0.015 0.01 0.006
1957.5 1.0 1.0 1.0 1.546 0.559 0.36 0.615 1.454 0.384 1.88 0.02 1.253 0.015 0.01 0.006
1957.6 1.0 1.0 1.0 1.546 0.559 0.36 0.615 1.454 0.385 1.88 0.02 1.253 0.015 0.01 0.006
1957.7 1.0 1.0 1.0 1.546 0.559 0.36 0.615 1.454 0.385 1.88 0.02 1.253 0.015 0.01 0.006
1957.8 1.0 1.0 1.0 1.546 0.559 0.36 0.615 1.454 0.385 1.88 0.02 1.253 0.015 0.01 0.006
1957.9 1.0 1.0 1.0 1.546 0.559 0.36 0.615 1.454 0.385 1.88 0.02 1.253 0.015 0.01 0.006
1958.0 1.0 1.0 1.0 1.546 0.559 0.36 0.615 1.454 0.385 1.88 0.02 1.253 0.015 0.01 0.006
1958.1 1.0 1.0 1.0 1.546 0.559 0.36 0.615 1.454 0.386 1.88 0.02 1.253 0.015 0.01 0.006
1958.2 1.0 1.0 1.0 1.546 0.559 0.36 0.615 1.454 0.386 1.88 0.02 1.253 0.015 0.01 0.006
1958.3 1.0 1.0 1.0 1.546 0.559 0.36 0.615 1.454 0.386 1.88 0.02 1.253 0.015 0.01 0.006
1958.4 1.0 1.0 1.0 1.546 0.559 0.36 0.615 1.454 0.386 1.88 0.02 1.253 0.015 0.01 0.006
1958.5 1.0 1.0 1.0 1.546 0.559 0.36 0.615 1.454 0.386 1.88 0.02 1.253 0.015 0.01 0.006
1958.6 1.0 1.0 1.0 1.546 0.559 0.36 0.615 1.454 0.387 1.88 0.02 1.253 0.015 0.01 0.006
1958.7 1.0 1.0 1.0 1.546 0.559 0.36 0.615 1.454 0.387 1.88 0.02 1.253 0.015 0.01 0.006
1958.8 1.0 1.0 1.0 1.546 0.559 0.36 0.615 1.454 0.387 1.88 0.02 1.253 0.015 0.01 0.006
1958.9 1.0 1.0 1.0 1.546 0.559 0.36 0.615 1.454 0.387 1.88 0.02 1.253 0.015 0.01 0.006
1959.0 1.0 1.0 1.0 1.546 0.559 0.36 0.615 1.454 0.387 1.88 0.02 1.253 0.015 0.01 0.006
1959.1 1.0 1.0 1.0 1.546 0.559 0.36 0.615 1.454 0.388 1.88 0.02 1.253 0.015 0.01 0.006
1959.2 1.0 1.0 1.0 1.546 0.559 0.36 0.615 1.454 0.388 1.88 0.02 1.253 0.015 0.01 0.006
1959.3 1.0 1.0 1.0 1.546 0.559 0.36 0.615 1.454 0.388 1.88 0.02 1.253 0.015 0.01 0.006
1959.4 1.0 1.0 1.0 1.546 0.559 0.36 0.615 1.454 0.388 1.88 0.02 1.253 0.015 0.01 0.006
1959.5 1.0 1.0 1.0 1.546 0.559 0.36 0.615 1.454 0.388 1.88 0.02 1.253 0.015 0.01 0.006
1959.6 1.0 1.0 1.0 1.546 0.559 0.36 0.615 1.454 0.389 1.88 0.02 1.253 0.015 0.01 0.006
1959.7 1.0 1.0 1.0 1.546 0.559 0.36 0.615 1.454 0.389 1.88 0.02 1.253 0.015 0.01 0.006
1959.8 1.0 1.0 1.0 1.546 0.559 0.36 0.615 1.454 0.389 1.88 0.02 1.253 0.015 0.01 0.006
1959.9 1.0 1.0 1.0 1.546 0.559 0.36 0.615 1.454 0.389 1.88 0.02 1.253 0.015 0.01 0.006
1960.0 1.0 1.0 1.0 1.546 0.559 0.36 0.615 1.454 0.39 1.88 0.02 1.253 0.015 0.01 0.006
1960.1 1.0 1.0 1.0 1.546 0.559 0.36 0.615 1.454 0.39 1.88 0.02 1.253 0.015 0.01 0.006
1960.2 1.0 1.0 1.0 1.546 0.559 0.36 0.615 1.454 0.39 1.88 0.02 1.253 0.015 0.01 0.006
1960.3 1.0 1.0 1.0 1.546 0.559 0.36 0.615 1.454 0.39 1.88 0.02 1.253 0.015 0.01 0.006
1960.4 1.0 1.0 1.0 1.546 0.559 0.36 0.615 1.454 0.39 1.88 0.02 1.253 0.015 0.01 0.006
1960.5 1.0 1.0 1.0 1.546 0.559 0.36 0.615 1.454 0.391 1.88 0.02 1.253 0.015 0.01 0.006
1960.6 1.0 1.0 1.0 1.546 0.559 0.36 0.615 1.454 0.391 1.88 0.02 1.253 0.015 0.01 0.006
1960.7 1.0 1.0 1.0 1.546 0.559 0.36 0.615 1.454 0.391 1.88 0.02 1.253 0.015 0.01 0.006
1960.8 1.0 1.0 1.0 1.546 0.559 0.36 0.615 1.454 0.391 1.88 0.02 1.253 0.015 0.01 0.006
1960.9 1.0 1.0 1.0 1.546 0.559 0.36 0.615 1.454 0.391 1.88 0.02 1.253 0.015 0.01 0.006
1961.0 1.0 1.0 1.0 1.546 0.559 0.36 0.615 1.454 0.392 1.88 0.02 1.253 0.015 0.01 0.006
1961.1 1.0 1.0 1.0 1.546 0.559 0.36 0.615 1.454 0.392 1.88 0.02 1.253 0.015 0.01 0.006
1961.2 1.0 1.0 1.0 1.546 0.559 0.36 0.615 1.454 0.392 1.88 0.02 1.253 0.015 0.01 0.006
1961.3 1.0 1.0 1.0 1.546 0.559 0.36 0.615 1.454 0.392 1.88 0.02 1.253 0.015 0.01 0.006
1961.4 1.0 1.0 1.0 1.546 0.559 0.36 0.615 1.454 0.392 1.88 0.02 1.253 0.015 0.01 0.006
1961.5 1.0 1.0 1.0 1.546 0.559 0.36 0.615 1.454 0.393 1.88 0.02 1.253 0.015 0.01 0.006
1961.6 1.0 1.0 1.0 1.546 0.559 0.36 0.615 1.454 0.393 1.88 0.02 1.253 0.015 0.01 0.006
1961.7 1.0 1.0 1.0 1.546 0.559 0.36 0.615 1.454 0.393 1.88 0.02 1.253 0.015 0.01 0.006
1961.8 1.0 1.0 1.0 1.546 0.559 0.36 0.615 1.454 0.393 1.88 0.02 1.253 0.015 0.01 0.006
1961.9 1.0 1.0 1.0 1.546 0.559 0.36 0.615 1.454 0.393 1.88 0.02 1.253 0.015 0.01 0.006
1962.0 1.0 1.0 1.0 1.546 0.559 0.36 0.615 1.454 0.393 1.88 0.02 1.253 0.015 0.01 0.006
1962.1 1.0 1.0 1.0 1.546 0.559 0.36 0.615 1.454 0.394 1.88 0.02 1.253 0.015 0.01 0.006
1962.2 1.0 1.0 1.0 1.546 0.559 0.36 0.615 1.454 0.394 1.88 0.02 1.253 0.015 0.01 0.006
1962.3 1.0 1.0 1.0 1.546 0.559 0.36 0.615 1.454 0.394 1.88 0.02 1.253 0.015 0.01 0.006
1962.4 1.0 1.0 1.0 1.546 0.559 0.36 0.615 1.454 0.394 1.88 0.02 1.253 0.015 0.01 0.006
1962.5 1.0 1.0 1.0 1.546 0.559 0.36 0.615 1.454 0.394 1.88 0.02 1.253 0.015 0.01 0.006
1962.6 1.0 1.0 1.0 1.546 0.559 0.36 0.615 1.454 0.395 1.88 0.02 1.253 0.015 0.01 0.006
1962.7 1.0 1.0 1.0 1.546 0.559 0.36 0.615 1.454 0.395 1.88 0.02 1.253 0.015 0.01 0.006
1962.8 1.0 1.0 1.0 1.546 0.559 0.36 0.615 1.454 0.395 1.88 0.02 1.253 0.015 0.01 0.006
1962.9 1.0 1.0 1.0 1.546 0.559 0.36 0.615 1.454 0.395 1.88 0.02 1.253 0.015 0.01 0.006
1963.0 1.0 1.0 1.0 1.546 0.559 0.36 0.615 1.454 0.395 1.88 0.02 1.253 0.015 0.01 0.006
1963.1 1.0 1.0 1.0 1.546 0.559 0.36 0.615 1.454 0.396 1.88 0.02 1.253 0.015 0.01 0.006
1963.2 1.0 1.0 1.0 1.546 0.559 0.36 0.615 1.454 0.396 1.88 0.02 1.253 0.015 0.01 0.006
1963.3 1.0 1.0 1.0 1.546 0.559 0.36 0.615 1.454 0.396 1.88 0.02 1.253 0.015 0.01 0.006
1963.4 1.0 1.0 1.0 1.546 0.559 0.36 0.615 1.454 0.396 1.88 0.02 1.253 0.015 0.01 0.006
1963.5 1.0 1.0 1.0 1.546 0.559 0.36 0.615 1.454 0.396 1.88 0.02 1.253 0.015 0.01 0.006
1963.6 1.0 1.0 1.0 1.546 0.559 0.36 0.615 1.454 0.397 1.88 0.02 1.253 0.015 0.01 0.006
1963.7 1.0 1.0 1.0 1.546 0.559 0.36 0.615 1.454 0.397 1.88 0.02 1.253 0.015 0.01 0.006
1963.8 1.0 1.0 1.0 1.546 0.559 0.36 0.615 1.454 0.397 1.88 0.02 1.253 0.015 0.01 0.006
1963.9 1.0 1.0 1.0 1.546 0.559 0.36 0.615 1.454 0.397 1.88 0.02 1.253 0.015 0.01 0.006
1964.0 1.0 1.0 1.0 1.546 0.559 0.36 0.615 1.454 0.397 1.88 0.02 1.253 0.015 0.01 0.006
1964.1 1.0 1.0 1.0 1.546 0.559 0.36 0.615 1.454 0.398 1.88 0.02 1.253 0.015 0.01 0.006
1964.2 1.0 1.0 1.0 1.546 0.559 0.36 0.615 1.454 0.398 1.88 0.02 1.253 0.015 0.01 0.006
1964.3 1.0 1.0 1.0 1.546 0.559 0.36 0.615 1.454 0.398 1.88 0.02 1.253 0.015 0.01 0.006
1964.4 1.0 1.0 1.0 1.546 0.559 0.36 0.615 1.454 0.398 1.88 0.02 1.253 0.015 0.01 0.006
1964.5 1.0 1.0 1.0 1.546 0.559 0.36 0.615 1.454 0.398 1.88 0.02 1.253 0.015 0.01 0.006
1964.6 1.0 1.0 1.0 1.546 0.559 0.36 0.615 1.454 0.399 1.88 0.02 1.253 0.015 0.01 0.006
1964.7 1.0 1.0 1.0 1.546 0.559 0.36 0.615 1.454 0.399 1.88 0.02 1.253 0.015 0.01 0.006
1964.8 1.0 1.0 1.0 1.546 0.559 0.36 0.615 1.454 0.399 1.88 0.02 1.253 0.015 0.01 0.006
1964.9 1.0 1.0 1.0 1.546 0.559 0.36 0.615 1.454 0.399 1.88 0.02 1.253 0.015 0.01 0.006
1965.0 1.0 1.0 1.0 1.546 0.559 0.36 0.615 1.454 0.399 1.88 0.02 1.253 0.015 0.01 0.006
1965.1 1.0 1.0 1.0 1.546 0.559 0.36 0.615 1.454 0.4 1.88 0.02 1.253 0.015 0.01 0.006
1965.2 1.0 1.0 1.0 1.546 0.559 0.36 0.615 1.454 0.4 1.88 0.02 1.253 0.015 0.01 0.006
1965.3 1.0 1.0 1.0 1.546 0.559 0.36 0.615 1.454 0.4 1.88 0.02 1.253 0.015 0.01 0.006
1965.4 1.0 1.0 1.0 1.546 0.559 0.36 0.615 1.454 0.4 1.88 0.02 1.253 0.015 0.01 0.006
1965.5 1.0 1.0 1.0 1.546 0.559 0.36 0.615 1.454 0.4 1.88 0.02 1.253 0.015 0.01 0.006
1965.6 1.0 1.0 1.0 1.546 0.559 0.36 0.615 1.454 0.4 1.88 0.02 1.253 0.015 0.01 0.006
1965.7 1.0 1.0 1.0 1.546 0.559 0.36 0.615 1.454 0.401 1.88 0.02 1.253 0.015 0.01 0.006
1965.8 1.0 1.0 1.0 1.546 0.559 0.36 0.615 1.454 0.401 1.88 0.02 1.253 0.015 0.01 0.006
1965.9 1.0 1.0 1.0 1.546 0.559 0.36 0.615 1.454 0.401 1.88 0.02 1.253 0.015 0.01 0.006
1966.0 1.0 1.0 1.0 1.546 0.559 0.36 0.615 1.454 0.401 1.88 0.02 1.253 0.015 0.01 0.006
1966.1 1.0 1.0 1.0 1.546 0.559 0.36 0.615 1.454 0.401 1.88 0.02 1.253 0.015 0.01 0.006
1966.2 1.0 1.0 1.0 1.546 0.559 0.36 0.615 1.454 0.402 1.88 0.02 1.253 0.015 0.01 0.006
1966.3 1.0 1.0 1.0 1.546 0.559 0.36 0.615 1.454 0.402 1.88 0.02 1.253 0.015 0.01 0.006
1966.4 1.0 1.0 1.0 1.546 0.559 0.36 0.615 1.454 0.402 1.88 0.02 1.253 0.015 0.01 0.006
1966.5 1.0 1.0 1.0 1.546 0.559 0.36 0.615 1.454 0.402 1.88 0.02 1.253 0.015 0.01 0.006
1966.6 1.0 1.0 1.0 1.546 0.559 0.36 0.615 1.454 0.402 1.88 0.02 1.253 0.015 0.01 0.006
1966.7 1.0 1.0 1.0 1.546 0.559 0.36 0.615 1.454 0.403 1.88 0.02 1.253 0.015 0.01 0.006
1966.8 1.0 1.0 1.0 1.546 0.559 0.36 0.615 1.454 0.403 1.88 0.02 1.253 0.015 0.01 0.006
1966.9 1.0 1.0 1.0 1.546 0.559 0.36 0.615 1.454 0.403 1.88 0.02 1.253 0.015 0.01 0.006
1967.0 1.0 1.0 1.0 1.546 0.559 0.36 0.615 1.454 0.403 1.88 0.02 1.253 0.015 0.01 0.006
1967.1 1.0 1.0 1.0 1.546 0.559 0.36 0.615 1.454 0.403 1.88 0.02 1.253 0.015 0.01 0.006
1967.2 1.0 1.0 1.0 1.546 0.559 0.36 0.615 1.454 0.403 1.88 0.02 1.253 0.015 0.01 0.006
1967.3 1.0 1.0 1.0 1.546 0.559 0.36 0.615 1.454 0.404 1.88 0.02 1.253 0.015 0.01 0.006
1967.4 1.0 1.0 1.0 1.546 0.559 0.36 0.615 1.454 0.404 1.88 0.02 1.253 0.015 0.01 0.006
1967.5 1.0 1.0 1.0 1.546 0.559 0.36 0.615 1.454 0.404 1.88 0.02 1.253 0.015 0.01 0.006
1967.6 1.0 1.0 1.0 1.546 0.559 0.36 0.615 1.454 0.404 1.88 0.02 1.253 0.015 0.01 0.006
1967.7 1.0 1.0 1.0 1.546 0.559 0.36 0.615 1.454 0.404 1.88 0.02 1.253 0.015 0.01 0.006
1967.8 1.0 1.0 1.0 1.546 0.559 0.36 0.615 1.454 0.405 1.88 0.02 1.253 0.015 0.01 0.006
1967.9 1.0 1.0 1.0 1.546 0.559 0.36 0.615 1.454 0.405 1.88 0.02 1.253 0.015 0.01 0.006
1968.0 1.0 1.0 1.0 1.546 0.559 0.36 0.615 1.454 0.405 1.88 0.02 1.253 0.015 0.01 0.006
1968.1 1.0 1.0 1.0 1.546 0.559 0.36 0.615 1.454 0.405 1.88 0.02 1.253 0.015 0.01 0.006
1968.2 1.0 1.0 1.0 1.546 0.559 0.36 0.615 1.454 0.405 1.88 0.02 1.253 0.015 0.01 0.006
1968.3 1.0 1.0 1.0 1.546 0.559 0.36 0.615 1.454 0.405 1.88 0.02 1.253 0.015 0.01 0.006
1968.4 1.0 1.0 1.0 1.546 0.559 0.36 0.615 1.454 0.406 1.88 0.02 1.253 0.015 0.01 0.006
1968.5 1.0 1.0 1.0 1.546 0.559 0.36 0.615 1.454 0.406 1.88 0.02 1.253 0.015 0.01 0.006
1968.6 1.0 1.0 1.0 1.546 0.559 0.36 0.615 1.454 0.406 1.88 0.02 1.253 0.015 0.01 0.006
1968.7 1.0 1.0 1.0 1.546 0.559 0.36 0.615 1.454 0.406 1.88 0.02 1.253 0.015 0.01 0.006
1968.8 1.0 1.0 1.0 1.546 0.559 0.36 0.615 1.454 0.406 1.88 0.02 1.253 0.015 0.01 0.006
1968.9 1.0 1.0 1.0 1.546 0.559 0.36 0.615 1.454 0.407 1.88 0.02 1.253 0.015 0.01 0.006
1969.0 1.0 1.0 1.0 1.546 0.559 0.36 0.615 1.454 0.407 1.88 0.02 1.253 0.015 0.01 0.006
1969.1 1.0 1.0 1.0 1.546 0.559 0.36 0.615 1.454 0.407 1.88 0.02 1.253 0.015 0.01 0.006
1969.2 1.0 1.0 1.0 1.546 0.559 0.36 0.615 1.454 0.407 1.88 0.02 1.253 0.015 0.01 0.006
1969.3 1.0 1.0 1.0 1.546 0.559 0.36 0.615 1.454 0.407 1.88 0.02 1.253 0.015 0.01 0.006
1969.4 1.0 1.0 1.0 1.546 0.559 0.36 0.615 1.454 0.407 1.88 0.02 1.253 0.015 0.01 0.006
1969.5 1.0 1.0 1.0 1.546 0.559 0.36 0.615 1.454 0.408 1.88 0.02 1.253 0.015 0.01 0.006
1969.6 1.0 1.0 1.0 1.546 0.559 0.36 0.615 1.454 0.408 1.88 0.02 1.253 0.015 0.01 0.006
1969.7 1.0 1.0 1.0 1.546 0.559 0.36 0.615 1.454 0.408 1.88 0.02 1.253 0.015 0.01 0.006
1969.8 1.0 1.0 1.0 1.546 0.559 0.36 0.615 1.454 0.408 1.88 0.02 1.253 0.015 0.01 0.006
1969.9 1.0 1.0 1.0 1.546 0.559 0.36 0.615 1.454 0.408 1.88 0.02 1.253 0.015 0.01 0.006
1970.0 1.0 1.0 1.0 1.546 0.559 0.36 0.615 1.454 0.409 1.88 0.02 1.253 0.015 0.01 0.006
1970.1 1.0 1.0 1.0 1.546 0.559 0.36 0.615 1.454 0.409 1.88 0.02 1.253 0.015 0.01 0.006
1970.2 1.0 1.0 1.0 1.546 0.559 0.36 0.615 1.454 0.409 1.88 0.02 1.253 0.015 0.01 0.006
1970.3 1.0 1.0 1.0 1.546 0.559 0.36 0.615 1.454 0.409 1.88 0.02 1.253 0.015 0.01 0.006
1970.4 1.0 1.0 1.0 1.546 0.559 0.36 0.615 1.454 0.409 1.88 0.02 1.253 0.015 0.01 0.006
1970.5 1.0 1.0 1.0 1.546 0.559 0.36 0.615 1.454 0.409 1.88 0.02 1.253 0.015 0.01 0.006
1970.6 1.0 1.0 1.0 1.546 0.559 0.36 0.615 1.454 0.41 1.88 0.02 1.253 0.015 0.01 0.006
1970.7 1.0 1.0 1.0 1.546 0.559 0.36 0.615 1.454 0.41 1.88 0.02 1.253 0.015 0.01 0.006
1970.8 1.0 1.0 1.0 1.546 0.559 0.36 0.615 1.454 0.41 1.88 0.02 1.253 0.015 0.01 0.006
1970.9 1.0 1.0 1.0 1.546 0.559 0.36 0.615 1.454 0.41 1.88 0.02 1.253 0.015 0.01 0.006
1971.0 1.0 1.0 1.0 1.546 0.559 0.36 0.615 1.454 0.41 1.88 0.02 1.253 0.015 0.01 0.006
1971.1 1.0 1.0 1.0 1.546 0.559 0.36 0.615 1.454 0.411 1.88 0.02 1.253 0.015 0.01 0.006
1971.2 1.0 1.0 1.0 1.546 0.559 0.36 0.615 1.454 0.411 1.88 0.02 1.253 0.015 0.01 0.006
1971.3 1.0 1.0 1.0 1.546 0.559 0.36 0.615 1.454 0.411 1.88 0.02 1.253 0.015 0.01 0.006
1971.4 1.0 1.0 1.0 1.546 0.559 0.36 0.615 1.454 0.411 1.88 0.02 1.253 0.015 0.01 0.006
1971.5 1.0 1.0 1.0 1.546 0.559 0.36 0.615 1.454 0.411 1.88 0.02 1.253 0.015 0.01 0.006
1971.6 1.0 1.0 1.0 1.546 0.559 0.36 0.615 1.454 0.411 1.88 0.02 1.253 0.015 0.01 0.006
1971.7 1.0 1.0 1.0 1.546 0.559 0.36 0.615 1.454 0.412 1.88 0.02 1.253 0.015 0.01 0.006
1971.8 1.0 1.0 1.0 1.546 0.559 0.36 0.615 1.454 0.412 1.88 0.02 1.253 0.015 0.01 0.006
1971.9 1.0 1.0 1.0 1.546 0.559 0.36 0.615 1.454 0.412 1.88 0.02 1.253 0.015 0.01 0.006
1972.0 1.0 1.0 1.0 1.546 0.559 0.36 0.615 1.454 0.412 1.88 0.02 1.253 0.015 0.01 0.006
1972.1 1.0 1.0 1.0 1.546 0.559 0.36 0.615 1.454 0.412 1.88 0.02 1.253 0.015 0.01 0.006
1972.2 1.0 1.0 1.0 1.546 0.559 0.36 0.615 1.454 0.412 1.88 0.02 1.253 0.015 0.01 0.006
1972.3 1.0 1.0 1.0 1.546 0.559 0.36 0.615 1.454 0.413 1.88 0.02 1.253 0.015 0.01 0.006
1972.4 1.0 1.0 1.0 1.546 0.559 0.36 0.615 1.454 0.413 1.88 0.02 1.253 0.015 0.01 0.006
1972.5 1.0 1.0 1.0 1.546 0.559 0.36 0.615 1.454 0.413 1.88 0.02 1.253 0.015 0.01 0.006
1972.6 1.0 1.0 1.0 1.546 0.559 0.36 0.615 1.454 0.413 1.88 0.02 1.253 0.015 0.01 0.006
1972.7 1.0 1.0 1.0 1.546 0.559 0.36 0.615 1.454 0.413 1.88 0.02 1.253 0.015 0.01 0.006
1972.8 1.0 1.0 1.0 1.546 0.559 0.36 0.615 1.454 0.414 1.88 0.02 1.253 0.015 0.01 0.006
1972.9 1.0 1.0 1.0 1.546 0.559 0.36 0.615 1.454 0.414 1.88 0.02 1.253 0.015 0.01 0.006
1973.0 1.0 1.0 1.0 1.546 0.559 0.36 0.615 1.454 0.414 1.88 0.02 1.253 0.015 0.01 0.006
1973.1 1.0 1.0 1.0 1.546 0.559 0.36 0.615 1.454 0.414 1.88 0.02 1.253 0.015 0.01 0.006
1973.2 1.0 1.0 1.0 1.546 0.559 0.36 0.615 1.454 0.414 1.88 0.02 1.253 0.015 0.01 0.006
1973.3 1.0 1.0 1.0 1.546 0.559 0.36 0.615 1.454 0.414 1.88 0.02 1.253 0.015 0.01 0.006
1973.4 1.0 1.0 1.0 1.546 0.559 0.36 0.615 1.454 0.415 1.88 0.02 1.253 0.015 0.01 0.006
1973.5 1.0 1.0 1.0 1.546 0.559 0.36 0.615 1.454 0.415 1.88 0.02 1.253 0.015 0.01 0.006
1973.6 1.0 1.0 1.0 1.546 0.559 0.36 0.615 1.454 0.415 1.88 0.02 1.253 0.015 0.01 0.006
1973.7 1.0 1.0 1.0 1.546 0.559 0.36 0.615 1.454 0.415 1.88 0.02 1.253 0.015 0.01 0.006
1973.8 1.0 1.0 1.0 1.546 0.559 0.36 0.615 1.454 0.415 1.88 0.02 1.253 0.015 0.01 0.006
1973.9 1.0 1.0 1.0 1.546 0.559 0.36 0.615 1.454 0.415 1.88 0.02 1.253 0.015 0.01 0.006
1974.0 1.0 1.0 1.0 1.546 0.559 0.36 0.615 1.454 0.416 1.88 0.02 1.253 0.015 0.01 0.006
1974.1 1.0 1.0 1.0 1.546 0.559 0.36 0.615 1.454 0.416 1.88 0.02 1.253 0.015 0.01 0.006
1974.2 1.0 1.0 1.0 1.546 0.559 0.36 0.615 1.454 0.416 1.88 0.02 1.253 0.015 0.01 0.006
1974.3 1.0 1.0 1.0 1.546 0.559 0.36 0.615 1.454 0.416 1.88 0.02 1.253 0.015 0.01 0.006
1974.4 1.0 1.0 1.0 1.546 0.559 0.36 0.615 1.454 0.416 1.88 0.02 1.253 0.015 0.01 0.006
1974.5 1.0 1.0 1.0 1.546 0.559 0.36 0.615 1.454 0.416 1.88 0.02 1.253 0.015 0.01 0.006
1974.6 1.0 1.0 1.0 1.546 0.559 0.36 0.615 1.454 0.417 1.88 0.02 1.253 0.015 0.01 0.006
1974.7 1.0 1.0 1.0 1.546 0.559 0.36 0.615 1.454 0.417 1.88 0.02 1.253 0.015 0.01 0.006
1974.8 1.0 1.0 1.0 1.546 0.559 0.36 0.615 1.454 0.417 1.88 0.02 1.253 0.015 0.01 0.006
1974.9 1.0 1.0 1.0 1.546 0.559 0.36 0.615 1.454 0.417 1.88 0.02 1.253 0.015 0.01 0.006
1975.0 1.0 1.0 1.0 1.546 0.559 0.36 0.615 1.454 0.417 1.88 0.02 1.253 0.015 0.01 0.006
1975.1 1.0 1.0 1.0 1.546 0.559 0.36 0.615 1.454 0.417 1.88 0.02 1.253 0.015 0.01 0.006
1975.2 1.0 1.0 1.0 1.546 0.559 0.36 0.615 1.454 0.418 1.88 0.02 1.253 0.015 0.01 0.006
1975.3 1.0 1.0 1.0 1.546 0.559 0.36 0.615 1.454 0.418 1.88 0.02 1.253 0.015 0.01 0.006
1975.4 1.0 1.0 1.0 1.546 0.559 0.36 0.615 1.454 0.418 1.88 0.02 1.253 0.015 0.01 0.006
1975.5 1.0 1.0 1.0 1.546 0.559 0.36 0.615 1.454 0.418 1.88 0.02 1.253 0.015 0.01 0.006
1975.6 1.0 1.0 1.0 1.546 0.559 0.36 0.615 1.454 0.418 1.88 0.02 1.253 0.015 0.01 0.006
1975.7 1.0 1.0 1.0 1.546 0.559 0.36 0.615 1.454 0.418 1.88 0.02 1.253 0.015 0.01 0.006
1975.8 1.0 1.0 1.0 1.546 0.559 0.36 0.615 1.454 0.419 1.88 0.02 1.253 0.015 0.01 0.006
1975.9 1.0 1.0 1.0 1.546 0.559 0.36 0.615 1.454 0.419 1.88 0.02 1.253 0.015 0.01 0.006
1976.0 1.0 1.0 1.0 1.546 0.559 0.36 0.615 1.454 0.419 1.88 0.02 1.253 0.015 0.01 0.006
1976.1 1.0 1.0 1.0 1.546 0.559 0.36 0.615 1.454 0.419 1.88 0.02 1.253 0.015 0.01 0.006
1976.2 1.0 1.0 1.0 1.546 0.559 0.36 0.615 1.454 0.419 1.88 0.02 1.253 0.015 0.01 0.006
1976.3 1.0 1.0 1.0 1.546 0.559 0.36 0.615 1.454 0.419 1.88 0.02 1.253 0.015 0.01 0.006
1976.4 1.0 1.0 1.0 1.546 0.559 0.36 0.615 1.454 0.42 1.88 0.02 1.253 0.015 0.01 0.006
1976.5 1.0 1.0 1.0 1.546 0.559 0.36 0.615 1.454 0.42 1.88 0.02 1.253 0.015 0.01 0.006
1976.6 1.0 1.0 1.0 1.546 0.559 0.36 0.615 1.454 0.42 1.88 0.02 1.253 0.015 0.01 0.006
1976.7 1.0 1.0 1.0 1.546 0.559 0.36 0.615 1.454 0.42 1.88 0.02 1.253 0.015 0.01 0.006
1976.8 1.0 1.0 1.0 1.546 0.559 0.36 0.615 1.454 0.42 1.88 0.02 1.253 0.015 0.01 0.006
1976.9 1.0 1.0 1.0 1.546 0.559 0.36 0.615 1.454 0.42 1.88 0.02 1.253 0.015 0.01 0.006
1977.0 1.0 1.0 1.0 1.546 0.559 0.36 0.615 1.454 0.421 1.88 0.02 1.253 0.015 0.01 0.006
1977.1 1.0 1.0 1.0 1.546 0.559 0.36 0.615 1.454 0.421 1.88 0.02 1.253 0.015 0.01 0.006
1977.2 1.0 1.0 1.0 1.546 0.559 0.36 0.615 1.454 0.421 1.88 0.02 1.253 0.015 0.01 0.006
1977.3 1.0 1.0 1.0 1.546 0.559 0.36 0.615 1.454 0.421 1.88 0.02 1.253 0.015 0.01 0.006
1977.4 1.0 1.0 1.0 1.546 0.559 0.36 0.615 1.454 0.421 1.88 0.02 1.253 0.015 0.01 0.006
1977.5 1.0 1.0 1.0 1.546 0.559 0.36 0.615 1.454 0.421 1.88 0.02 1.253 0.015 0.01 0.006
1977.6 1.0 1.0 1.0 1.546 0.559 0.36 0.615 1.454 0.422 1.88 0.02 1.253 0.015 0.01 0.006
1977.7 1.0 1.0 1.0 1.546 0.559 0.36 0.615 1.454 0.422 1.88 0.02 1.253 0.015 0.01 0.006
1977.8 1.0 1.0 1.0 1.546 0.559 0.36 0.615 1.454 0.422 1.88 0.02 1.253 0.015 0.01 0.006
1977.9 1.0 1.0 1.0 1.546 0.559 0.36 0.615 1.454 0.422 1.88 0.02 1.253 0.015 0.01 0.006
1978.0 1.0 1.0 1.0 1.546 0.559 0.36 0.615 1.454 0.422 1.88 0.02 1.253 0.015 0.01 0.006
1978.1 1.0 1.0 1.0 1.546 0.559 0.36 0.615 1.454 0.422 1.88 0.02 1.253 0.015 0.01 0.006
1978.2 1.0 1.0 1.0 1.546 0.559 0.36 0.615 1.454 0.423 1.88 0.02 1.253 0.015 0.01 0.006
1978.3 1.0 1.0 1.0 1.546 0.559 0.36 0.615 1.454 0.423 1.88 0.02 1.253 0.015 0.01 0.006
1978.4 1.0 1.0 1.0 1.546 0.559 0.36 0.615 1.454 0.423 1.88 0.02 1.253 0.015 0.01 0.006
1978.5 1.0 1.0 1.0 1.546 0.559 0.36 0.615 1.454 0.423 1.88 0.02 1.253 0.015 0.01 0.006
1978.6 1.0 1.0 1.0 1.546 0.559 0.36 0.615 1.454 0.423 1.88 0.02 1.253 0.015 0.01 0.006
1978.7 1.0 1.0 1.0 1.546 0.559 0.36 0.615 1.454 0.423 1.88 0.02 1.253 0.015 0.01 0.006
1978.8 1.0 1.0 1.0 1.546 0.559 0.36 0.615 1.454 0.424 1.88 0.02 1.253 0.015 0.01 0.006
1978.9 1.0 1.0 1.0 1.546 0.559 0.36 0.615 1.454 0.424 1.88 0.02 1.253 0.015 0.01 0.006
1979.0 1.0 1.0 1.0 1.546 0.559 0.36 0.615 1.454 0.424 1.88 0.02 1.253 0.015 0.01 0.006
1979.1 1.0 1.0 1.0 1.546 0.559 0.36 0.615 1.454 0.424 1.88 0.02 1.253 0.015 0.01 0.006
1979.2 1.0 1.0 1.0 1.546 0.559 0.36 0.615 1.454 0.424 1.88 0.02 1.253 0.015 0.01 0.006
1979.3 1.0 1.0 1.0 1.546 0.559 0.36 0.615 1.454 0.424 1.88 0.02 1.253 0.015 0.01 0.006
1979.4 1.0 1.0 1.0 1.546 0.559 0.36 0.615 1.454 0.425 1.88 0.02 1.253 0.015 0.01 0.006
1979.5 1.0 1.0 1.0 1.546 0.559 0.36 0.615 1.454 0.425 1.88 0.02 1.253 0.015 0.01 0.006
1979.6 1.0 1.0 1.0 1.546 0.559 0.36 0.615 1.454 0.425 1.88 0.02 1.253 0.015 0.01 0.006
1979.7 1.0 1.0 1.0 1.546 0.559 0.36 0.615 1.454 0.425 1.88 0.02 1.253 0.015 0.01 0.006
1979.8 1.0 1.0 1.0 1.546 0.559 0.36 0.615 1.454 0.425 1.88 0.02 1.253 0.015 0.01 0.006
1979.9 1.0 1.0 1.0 1.546 0.559 0.36 0.615 1.454 0.425 1.88 0.02 1.253 0.015 0.01 0.006
1980.0 1.0 1.0 1.0 1.546 0.559 0.36 0.615 1.454 0.426 1.88 0.02 1.253 0.015 0.01 0.006
1980.1 1.0 1.0 1.0 1.546 0.559 0.36 0.615 1.454 0.426 1.88 0.02 1.253 0.015 0.01 0.006
1980.2 1.0 1.0 1.0 1.546 0.559 0.36 0.615 1.454 0.426 1.88 0.02 1.253 0.015 0.01 0.006
1980.3 1.0 1.0 1.0 1.546 0.559 0.36 0.615 1.454 0.426 1.88 0.02 1.253 0.015 0.01 0.006
1980.4 1.0 1.0 1.0 1.546 0.559 0.36 0.615 1.454 0.426 1.88 0.02 1.253 0.015 0.01 0.006
1980.5 1.0 1.0 1.0 1.546 0.559 0.36 0.615 1.454 0.426 1.88 0.02 1.253 0.015 0.01 0.006
1980.6 1.0 1.0 1.0 1.546 0.559 0.36 0.615 1.454 0.426 1.88 0.02 1.253 0.015 0.01 0.006
1980.7 1.0 1.0 1.0 1.546 0.559 0.36 0.615 1.454 0.427 1.88 0.02 1.253 0.015 0.01 0.006
1980.8 1.0 1.0 1.0 1.546 0.559 0.36 0.615 1.454 0.427 1.88 0.02 1.253 0.015 0.01 0.006
1980.9 1.0 1.0 1.0 1.546 0.559 0.36 0.615 1.454 0.427 1.88 0.02 1.253 0.015 0.01 0.006
1981.0 1.0 1.0 1.0 1.546 0.559 0.36 0.615 1.454 0.427 1.88 0.02 1.253 0.015 0.01 0.006
1981.1 1.0 1.0 1.0 1.546 0.559 0.36 0.615 1.454 0.427 1.88 0.02 1.253 0.015 0.01 0.006
1981.2 1.0 1.0 1.0 1.546 0.559 0.36 0.615 1.454 0.427 1.88 0.02 1.253 0.015 0.01 0.006
1981.3 1.0 1.0 1.0 1.546 0.559 0.36 0.615 1.454 0.428 1.88 0.02 1.253 0.015 0.01 0.006
1981.4 1.0 1.0 1.0 1.546 0.559 0.36 0.615 1.454 0.428 1.88 0.02 1.253 0.015 0.01 0.006
1981.5 1.0 1.0 1.0 1.546 0.559 0.36 0.615 1.454 0.428 1.88 0.02 1.253 0.015 0.01 0.006
1981.6 1.0 1.0 1.0 1.546 0.559 0.36 0.615 1.454 0.428 1.88 0.02 1.253 0.015 0.01 0.006
1981.7 1.0 1.0 1.0 1.546 0.559 0.36 0.615 1.454 0.428 1.88 0.02 1.253 0.015 0.01 0.006
1981.8 1.0 1.0 1.0 1.546 0.559 0.36 0.615 1.454 0.428 1.88 0.02 1.253 0.015 0.01 0.006
1981.9 1.0 1.0 1.0 1.546 0.559 0.36 0.615 1.454 0.429 1.88 0.02 1.253 0.015 0.01 0.006
1982.0 1.0 1.0 1.0 1.546 0.559 0.36 0.615 1.454 0.429 1.88 0.02 1.253 0.015 0.01 0.006
1982.1 1.0 1.0 1.0 1.546 0.559 0.36 0.615 1.454 0.429 1.88 0.02 1.253 0.015 0.01 0.006
1982.2 1.0 1.0 1.0 1.546 0.559 0.36 0.615 1.454 0.429 1.88 0.02 1.253 0.015 0.01 0.006
1982.3 1.0 1.0 1.0 1.546 0.559 0.36 0.615 1.454 0.429 1.88 0.02 1.253 0.015 0.01 0.006
1982.4 1.0 1.0 1.0 1.546 0.559 0.36 0.615 1.454 0.429 1.88 0.02 1.253 0.015 0.01 0.006
1982.5 1.0 1.0 1.0 1.546 0.559 0.36 0.615 1.454 0.429 1.88 0.02 1.253 0.015 0.01 0.006
1982.6 1.0 1.0 1.0 1.546 0.559 0.36 0.615 1.454 0.43 1.88 0.02 1.253 0.015 0.01 0.006
1982.7 1.0 1.0 1.0 1.546 0.559 0.36 0.615 1.454 0.43 1.88 0.02 1.253 0.015 0.01 0.006
1982.8 1.0 1.0 1.0 1.546 0.559 0.36 0.615 1.454 0.43 1.88 0.02 1.253 0.015 0.01 0.006
1982.9 1.0 1.0 1.0 1.546 0.559 0.36 0.615 1.454 0.43 1.88 0.02 1.253 0.015 0.01 0.006
1983.0 1.0 1.0 1.0 1.546 0.559 0.36 0.615 1.454 0.43 1.88 0.02 1.253 0.015 0.01 0.006
1983.1 1.0 1.0 1.0 1.546 0.559 0.36 0.615 1.454 0.43 1.88 0.02 1.253 0.015 0.01 0.006
1983.2 1.0 1.0 1.0 1.546 0.559 0.36 0.615 1.454 0.431 1.88 0.02 1.253 0.015 0.01 0.006
1983.3 1.0 1.0 1.0 1.546 0.559 0.36 0.615 1.454 0.431 1.88 0.02 1.253 0.015 0.01 0.006
1983.4 1.0 1.0 1.0 1.546 0.559 0.36 0.615 1.454 0.431 1.88 0.02 1.253 0.015 0.01 0.006
1983.5 1.0 1.0 1.0 1.546 0.559 0.36 0.615 1.454 0.431 1.88 0.02 1.253 0.015 0.01 0.006
1983.6 1.0 1.0 1.0 1.546 0.559 0.36 0.615 1.454 0.431 1.88 0.02 1.253 0.015 0.01 0.006
1983.7 1.0 1.0 1.0 1.546 0.559 0.36 0.615 1.454 0.431 1.88 0.02 1.253 0.015 0.01 0.006
1983.8 1.0 1.0 1.0 1.546 0.559 0.36 0.615 1.454 0.431 1.88 0.02 1.253 0.015 0.01 0.006
1983.9 1.0 1.0 1.0 1.546 0.559 0.36 0.615 1.454 0.432 1.88 0.02 1.253 0.015 0.01 0.006
1984.0 1.0 1.0 1.0 1.546 0.559 0.36 0.615 1.454 0.432 1.88 0.02 1.253 0.015 0.01 0.006
1984.1 1.0 1.0 1.0 1.546 0.559 0.36 0.615 1.454 0.432 1.88 0.02 1.253 0.015 0.01 0.006
1984.2 1.0 1.0 1.0 1.546 0.559 0.36 0.615 1.454 0.432 1.88 0.02 1.253 0.015 0.01 0.006
1984.3 1.0 1.0 1.0 1.546 0.559 0.36 0.615 1.454 0.432 1.88 0.02 1.253 0.015 0.01 0.006
1984.4 1.0 1.0 1.0 1.546 0.559 0.36 0.615 1.454 0.432 1.88 0.02 1.253 0.015 0.01 0.006
1984.5 1.0 1.0 1.0 1.546 0.559 0.36 0.615 1.454 0.433 1.88 0.02 1.253 0.015 0.01 0.006
1984.6 1.0 1.0 1.0 1.546 0.559 0.36 0.615 1.454 0.433 1.88 0.02 1.253 0.015 0.01 0.006
1984.7 1.0 1.0 1.0 1.546 0.559 0.36 0.615 1.454 0.433 1.88 0.02 1.253 0.015 0.01 0.006
1984.8 1.0 1.0 1.0 1.546 0.559 0.36 0.615 1.454 0.433 1.88 0.02 1.253 0.015 0.01 0.006
1984.9 1.0 1.0 1.0 1.546 0.559 0.36 0.615 1.454 0.433 1.88 0.02 1.253 0.015 0.01 0.006
1985.0 1.0 1.0 1.0 1.546 0.559 0.36 0.615 1.454 0.433 1.88 0.02 1.253 0.015 0.01 0.006
1985.1 1.0 1.0 1.0 1.546 0.559 0.36 0.615 1.454 0.433 1.88 0.02 1.253 0.015 0.01 0.006
1985.2 1.0 1.0 1.0 1.546 0.559 0.36 0.615 1.454 0.434 1.88 0.02 1.253 0.015 0.01 0.006
1985.3 1.0 1.0 1.0 1.546 0.559 0.36 0.615 1.454 0.434 1.88 0.02 1.253 0.015 0.01 0.006
1985.4 1.0 1.0 1.0 1.546 0.559 0.36 0.615 1.454 0.434 1.88 0.02 1.253 0.015 0.01 0.006
1985.5 1.0 1.0 1.0 1.546 0.559 0.36 0.615 1.454 0.434 1.88 0.02 1.253 0.015 0.01 0.006
1985.6 1.0 1.0 1.0 1.546 0.559 0.36 0.615 1.454 0.434 1.88 0.02 1.253 0.015 0.01 0.006
1985.7 1.0 1.0 1.0 1.546 0.559 0.36 0.615 1.454 0.434 1.88 0.02 1.253 0.015 0.01 0.006
1985.8 1.0 1.0 1.0 1.546 0.559 0.36 0.615 1.454 0.434 1.88 0.02 1.253 0.015 0.01 0.006
1985.9 1.0 1.0 1.0 1.546 0.559 0.36 0.615 1.454 0.435 1.88 0.02 1.253 0.015 0.01 0.006
1986.0 1.0 1.0 1.0 1.546 0.559 0.36 0.615 1.454 0.435 1.88 0.02 1.253 0.015 0.01 0.006
1986.1 1.0 1.0 1.0 1.546 0.559 0.36 0.615 1.454 0.435 1.88 0.02 1.253 0.015 0.01 0.006
1986.2 1.0 1.0 1.0 1.546 0.559 0.36 0.615 1.454 0.435 1.88 0.02 1.253 0.015 0.01 0.006
1986.3 1.0 1.0 1.0 1.546 0.559 0.36 0.615 1.454 0.435 1.88 0.02 1.253 0.015 0.01 0.006
1986.4 1.0 1.0 1.0 1.546 0.559 0.36 0.615 1.454 0.435 1.88 0.02 1.253 0.015 0.01 0.006
1986.5 1.0 1.0 1.0 1.546 0.559 0.36 0.615 1.454 0.436 1.88 0.02 1.253 0.015 0.01 0.006
1986.6 1.0 1.0 1.0 1.546 0.559 0.36 0.615 1.454 0.436 1.88 0.02 1.253 0.015 0.01 0.006
1986.7 1.0 1.0 1.0 1.546 0.559 0.36 0.615 1.454 0.436 1.88 0.02 1.253 0.015 0.01 0.006
1986.8 1.0 1.0 1.0 1.546 0.559 0.36 0.615 1.454 0.436 1.88 0.02 1.253 0.015 0.01 0.006
1986.9 1.0 1.0 1.0 1.546 0.559 0.36 0.615 1.454 0.436 1.88 0.02 1.253 0.015 0.01 0.006
1987.0 1.0 1.0 1.0 1.546 0.559 0.36 0.615 1.454 0.436 1.88 0.02 1.253 0.015 0.01 0.006
1987.1 1.0 1.0 1.0 1.546 0.559 0.36 0.615 1.454 0.436 1.88 0.02 1.253 0.015 0.01 0.006
1987.2 1.0 1.0 1.0 1.546 0.559 0.36 0.615 1.454 0.437 1.88 0.02 1.253 0.015 0.01 0.006
1987.3 1.0 1.0 1.0 1.546 0.559 0.36 0.615 1.454 0.437 1.88 0.02 1.253 0.015 0.01 0.006
1987.4 1.0 1.0 1.0 1.546 0.559 0.36 0.615 1.454 0.437 1.88 0.02 1.253 0.015 0.01 0.006
1987.5 1.0 1.0 1.0 1.546 0.559 0.36 0.615 1.454 0.437 1.88 0.02 1.253 0.015 0.01 0.006
1987.6 1.0 1.0 1.0 1.546 0.559 0.36 0.615 1.454 0.437 1.88 0.02 1.253 0.015 0.01 0.006
1987.7 1.0 1.0 1.0 1.546 0.559 0.36 0.615 1.454 0.437 1.88 0.02 1.253 0.015 0.01 0.006
1987.8 1.0 1.0 1.0 1.546 0.559 0.36 0.615 1.454 0.437 1.88 0.02 1.253 0.015 0.01 0.006
1987.9 1.0 1.0 1.0 1.546 0.559 0.36 0.615 1.454 0.438 1.88 0.02 1.253 0.015 0.01 0.006
1988.0 1.0 1.0 1.0 1.546 0.559 0.36 0.615 1.454 0.438 1.88 0.02 1.253 0.015 0.01 0.006
1988.1 1.0 1.0 1.0 1.546 0.559 0.36 0.615 1.454 0.438 1.88 0.02 1.253 0.015 0.01 0.006
1988.2 1.0 1.0 1.0 1.546 0.559 0.36 0.615 1.454 0.438 1.88 0.02 1.253 0.015 0.01 0.006
1988.3 1.0 1.0 1.0 1.546 0.559 0.36 0.615 1.454 0.438 1.88 0.02 1.253 0.015 0.01 0.006
1988.4 1.0 1.0 1.0 1.546 0.559 0.36 0.615 1.454 0.438 1.88 0.02 1.253 0.015 0.01 0.006
1988.5 1.0 1.0 1.0 1.546 0.559 0.36 0.615 1.454 0.438 1.88 0.02 1.253 0.015 0.01 0.006
1988.6 1.0 1.0 1.0 1.546 0.559 0.36 0.615 1.454 0.439 1.88 0.02 1.253 0.015 0.01 0.006
1988.7 1.0 1.0 1.0 1.546 0.559 0.36 0.615 1.454 0.439 1.88 0.02 1.253 0.015 0.01 0.006
1988.8 1.0 1.0 1.0 1.546 0.559 0.36 0.615 1.454 0.439 1.88 0.02 1.253 0.015 0.01 0.006
1988.9 1.0 1.0 1.0 1.546 0.559 0.36 0.615 1.454 0.439 1.88 0.02 1.253 0.015 0.01 0.006
1989.0 1.0 1.0 1.0 1.546 0.559 0.36 0.615 1.454 0.439 1.88 0.02 1.253 0.015 0.01 0.006
1989.1 1.0 1.0 1.0 1.546 0.559 0.36 0.615 1.454 0.439 1.88 0.02 1.253 0.015 0.01 0.006
1989.2 1.0 1.0 1.0 1.546 0.559 0.36 0.615 1.454 0.439 1.88 0.02 1.253 0.015 0.01 0.006
1989.3 1.0 1.0 1.0 1.546 0.559 0.36 0.615 1.454 0.44 1.88 0.02 1.253 0.015 0.01 0.006
1989.4 1.0 1.0 1.0 1.546 0.559 0.36 0.615 1.454 0.44 1.88 0.02 1.253 0.015 0.01 0.006
1989.5 1.0 1.0 1.0 1.546 0.559 0.36 0.615 1.454 0.44 1.88 0.02 1.253 0.015 0.01 0.006
1989.6 1.0 1.0 1.0 1.546 0.559 0.36 0.615 1.454 0.44 1.88 0.02 1.253 0.015 0.01 0.006
1989.7 1.0 1.0 1.0 1.546 0.559 0.36 0.615 1.454 0.44 1.88 0.02 1.253 0.015 0.01 0.006
1989.8 1.0 1.0 1.0 1.546 0.559 0.36 0.615 1.454 0.44 1.88 0.02 1.253 0.015 0.01 0.006
1989.9 1.0 1.0 1.0 1.546 0.559 0.36 0.615 1.454 0.44 1.88 0.02 1.253 0.015 0.01 0.006
1990.0 1.0 1.0 1.0 1.546 0.559 0.36 0.615 1.454 0.441 1.88 0.02 1.253 0.015 0.01 0.006
1990.1 1.0 1.0 1.0 1.546 0.559 0.36 0.615 1.454 0.441 1.88 0.02 1.253 0.015 0.01 0.006
1990.2 1.0 1.0 1.0 1.546 0.559 0.36 0.615 1.454 0.441 1.88 0.02 1.253 0.015 0.01 0.006
1990.3 1.0 1.0 1.0 1.546 0.559 0.36 0.615 1.454 0.441 1.88 0.02 1.253 0.015 0.01 0.006
1990.4 1.0 1.0 1.0 1.546 0.559 0.36 0.615 1.454 0.441 1.88 0.02 1.253 0.015 0.01 0.006
1990.5 1.0 1.0 1.0 1.546 0.559 0.36 0.615 1.454 0.441 1.88 0.02 1.253 0.015 0.01 0.006
1990.6 1.0 1.0 1.0 1.546 0.559 0.36 0.615 1.454 0.441 1.88 0.02 1.253 0.015 0.01 0.006
1990.7 1.0 1.0 1.0 1.546 0.559 0.36 0.615 1.454 0.442 1.88 0.02 1.253 0.015 0.01 0.006
1990.8 1.0 1.0 1.0 1.546 0.559 0.36 0.615 1.454 0.442 1.88 0.02 1.253 0.015 0.01 0.006
1990.9 1.0 1.0 1.0 1.546 0.559 0.36 0.615 1.454 0.442 1.88 0.02 1.253 0.015 0.01 0.006
1991.0 1.0 1.0 1.0 1.546 0.559 0.36 0.615 1.454 0.442 1.88 0.02 1.253 0.015 0.01 0.006
1991.1 1.0 1.0 1.0 1.546 0.559 0.36 0.615 1.454 0.442 1.88 0.02 1.253 0.015 0.01 0.006
1991.2 1.0 1.0 1.0 1.546 0.559 0.36 0.615 1.454 0.442 1.88 0.02 1.253 0.015 0.01 0.006
1991.3 1.0 1.0 1.0 1.546 0.559 0.36 0.615 1.454 0.442 1.88 0.02 1.253 0.015 0.01 0.006
1991.4 1.0 1.0 1.0 1.546 0.559 0.36 0.615 1.454 0.443 1.88 0.02 1.253 0.015 0.01 0.006
1991.5 1.0 1.0 1.0 1.546 0.559 0.36 0.615 1.454 0.443 1.88 0.02 1.253 0.015 0.01 0.006
1991.6 1.0 1.0 1.0 1.546 0.559 0.36 0.615 1.454 0.443 1.88 0.02 1.253 0.015 0.01 0.006
1991.7 1.0 1.0 1.0 1.546 0.559 0.36 0.615 1.454 0.443 1.88 0.02 1.253 0.015 0.01 0.006
1991.8 1.0 1.0 1.0 1.546 0.559 0.36 0.615 1.454 0.443 1.88 0.02 1.253 0.015 0.01 0.006
1991.9 1.0 1.0 1.0 1.546 0.559 0.36 0.615 1.454 0.443 1.88 0.02 1.253 0.015 0.01 0.006
1992.0 1.0 1.0 1.0 1.546 0.559 0.36 0.615 1.454 0.443 1.88 0.02 1.253 0.015 0.01 0.006
1992.1 1.0 1.0 1.0 1.546 0.559 0.36 0.615 1.454 0.444 1.88 0.02 1.253 0.015 0.01 0.006
1992.2 1.0 1.0 1.0 1.546 0.559 0.36 0.615 1.454 0.444 1.88 0.02 1.253 0.015 0.01 0.006
1992.3 1.0 1.0 1.0 1.546 0.559 0.36 0.615 1.454 0.444 1.88 0.02 1.253 0.015 0.01 0.006
1992.4 1.0 1.0 1.0 1.546 0.559 0.36 0.615 1.454 0.444 1.88 0.02 1.253 0.015 0.01 0.006
1992.5 1.0 1.0 1.0 1.546 0.559 0.36 0.615 1.454 0.444 1.88 0.02 1.253 0.015 0.01 0.006
1992.6 1.0 1.0 1.0 1.546 0.559 0.36 0.615 1.454 0.444 1.88 0.02 1.253 0.015 0.01 0.006
1992.7 1.0 1.0 1.0 1.546 0.559 0.36 0.615 1.454 0.444 1.88 0.02 1.253 0.015 0.01 0.006
1992.8 1.0 1.0 1.0 1.546 0.559 0.36 0.615 1.454 0.445 1.88 0.02 1.253 0.015 0.01 0.006
1992.9 1.0 1.0 1.0 1.546 0.559 0.36 0.615 1.454 0.445 1.88 0.02 1.253 0.015 0.01 0.006
1993.0 1.0 1.0 1.0 1.546 0.559 0.36 0.615 1.454 0.445 1.88 0.02 1.253 0.015 0.01 0.006
1993.1 1.0 1.0 1.0 1.546 0.559 0.36 0.615 1.454 0.445 1.88 0.02 1.253 0.015 0.01 0.006
1993.2 1.0 1.0 1.0 1.546 0.559 0.36 0.615 1.454 0.445 1.88 0.02 1.253 0.015 0.01 0.006
1993.3 1.0 1.0 1.0 1.546 0.559 0.36 0.615 1.454 0.445 1.88 0.02 1.253 0.015 0.01 0.006
1993.4 1.0 1.0 1.0 1.546 0.559 0.36 0.615 1.454 0.445 1.88 0.02 1.253 0.015 0.01 0.006
1993.5 1.0 1.0 1.0 1.546 0.559 0.36 0.615 1.454 0.445 1.88 0.02 1.253 0.015 0.01 0.006
1993.6 1.0 1.0 1.0 1.546 0.559 0.36 0.615 1.454 0.446 1.88 0.02 1.253 0.015 0.01 0.006
1993.7 1.0 1.0 1.0 1.546 0.559 0.36 0.615 1.454 0.446 1.88 0.02 1.253 0.015 0.01 0.006
1993.8 1.0 1.0 1.0 1.546 0.559 0.36 0.615 1.454 0.446 1.88 0.02 1.253 0.015 0.01 0.006
1993.9 1.0 1.0 1.0 1.546 0.559 0.36 0.615 1.454 0.446 1.88 0.02 1.253 0.015 0.01 0.006
1994.0 1.0 1.0 1.0 1.546 0.559 0.36 0.615 1.454 0.446 1.88 0.02 1.253 0.015 0.01 0.006
1994.1 1.0 1.0 1.0 1.546 0.559 0.36 0.615 1.454 0.446 1.88 0.02 1.253 0.015 0.01 0.006
1994.2 1.0 1.0 1.0 1.546 0.559 0.36 0.615 1.454 0.446 1.88 0.02 1.253 0.015 0.01 0.006
1994.3 1.0 1.0 1.0 1.546 0.559 0.36 0.615 1.454 0.447 1.88 0.02 1.253 0.015 0.01 0.006
1994.4 1.0 1.0 1.0 1.546 0.559 0.36 0.615 1.454 0.447 1.88 0.02 1.253 0.015 0.01 0.006
1994.5 1.0 1.0 1.0 1.546 0.559 0.36 0.615 1.454 0.447 1.88 0.02 1.253 0.015 0.01 0.006
1994.6 1.0 1.0 1.0 1.546 0.559 0.36 0.615 1.454 0.447 1.88 0.02 1.253 0.015 0.01 0.006
1994.7 1.0 1.0 1.0 1.546 0.559 0.36 0.615 1.454 0.447 1.88 0.02 1.253 0.015 0.01 0.006
1994.8 1.0 1.0 1.0 1.546 0.559 0.36 0.615 1.454 0.447 1.88 0.02 1.253 0.015 0.01 0.006
1994.9 1.0 1.0 1.0 1.546 0.559 0.36 0.615 1.454 0.447 1.88 0.02 1.253 0.015 0.01 0.006
1995.0 1.0 1.0 1.0 1.546 0.559 0.36 0.615 1.454 0.448 1.88 0.02 1.253 0.015 0.01 0.006
1995.1 1.0 1.0 1.0 1.546 0.559 0.36 0.615 1.454 0.448 1.88 0.02 1.253 0.015 0.01 0.006
1995.2 1.0 1.0 1.0 1.546 0.559 0.36 0.615 1.454 0.448 1.88 0.02 1.253 0.015 0.01 0.006
1995.3 1.0 1.0 1.0 1.546 0.559 0.36 0.615 1.454 0.448 1.88 0.02 1.253 0.015 0.01 0.006
1995.4 1.0 1.0 1.0 1.546 0.559 0.36 0.615 1.454 0.448 1.88 0.02 1.253 0.015 0.01 0.006
1995.5 1.0 1.0 1.0 1.546 0.559 0.36 0.615 1.454 0.448 1.88 0.02 1.253 0.015 0.01 0.006
1995.6 1.0 1.0 1.0 1.546 0.559 0.36 0.615 1.454 0.448 1.88 0.02 1.253 0.015 0.01 0.006
1995.7 1.0 1.0 1.0 1.546 0.559 0.36 0.615 1.454 0.448 1.88 0.02 1.253 0.015 0.01 0.006
1995.8 1.0 1.0 1.0 1.546 0.559 0.36 0.615 1.454 0.449 1.88 0.02 1.253 0.015 0.01 0.006
1995.9 1.0 1.0 1.0 1.546 0.559 0.36 0.615 1.454 0.449 1.88 0.02 1.253 0.015 0.01 0.006
1996.0 1.0 1.0 1.0 1.546 0.559 0.36 0.615 1.454 0.449 1.88 0.02 1.253 0.015 0.01 0.006
1996.1 1.0 1.0 1.0 1.546 0.559 0.36 0.615 1.454 0.449 1.88 0.02 1.253 0.015 0.01 0.006
1996.2 1.0 1.0 1.0 1.546 0.559 0.36 0.615 1.454 0.449 1.88 0.02 1.253 0.015 0.01 0.006
1996.3 1.0 1.0 1.0 1.546 0.559 0.36 0.615 1.454 0.449 1.88 0.02 1.253 0.015 0.01 0.006
1996.4 1.0 1.0 1.0 1.546 0.559 0.36 0.615 1.454 0.449 1.88 0.02 1.253 0.015 0.01 0.006
1996.5 1.0 1.0 1.0 1.546 0.559 0.36 0.615 1.454 0.449 1.88 0.02 1.253 0.015 0.01 0.006
1996.6 1.0 1.0 1.0 1.546 0.559 0.36 0.615 1.454 0.45 1.88 0.02 1.253 0.015 0.01 0.006
1996.7 1.0 1.0 1.0 1.546 0.559 0.36 0.615 1.454 0.45 1.88 0.02 1.253 0.015 0.01 0.006
1996.8 1.0 1.0 1.0 1.546 0.559 0.36 0.615 1.454 0.45 1.88 0.02 1.253 0.015 0.01 0.006
1996.9 1.0 1.0 1.0 1.546 0.559 0.36 0.615 1.454 0.45 1.88 0.02 1.253 0.015 0.01 0.006
1997.0 1.0 1.0 1.0 1.546 0.559 0.36 0.615 1.454 0.45 1.88 0.02 1.253 0.015 0.01 0.006
1997.1 1.0 1.0 1.0 1.546 0.559 0.36 0.615 1.454 0.45 1.88 0.02 1.253 0.015 0.01 0.006
1997.2 1.0 1.0 1.0 1.546 0.559 0.36 0.615 1.454 0.45 1.88 0.02 1.253 0.015 0.01 0.006
1997.3 1.0 1.0 1.0 1.546 0.559 0.36 0.615 1.454 0.451 1.88 0.02 1.253 0.015 0.01 0.006
1997.4 1.0 1.0 1.0 1.546 0.559 0.36 0.615 1.454 0.451 1.88 0.02 1.253 0.015 0.01 0.006
1997.5 1.0 1.0 1.0 1.546 0.559 0.36 0.615 1.454 0.451 1.88 0.02 1.253 0.015 0.01 0.006
1997.6 1.0 1.0 1.0 1.546 0.559 0.36 0.615 1.454 0.451 1.88 0.02 1.253 0.015 0.01 0.006
1997.7 1.0 1.0 1.0 1.546 0.559 0.36 0.615 1.454 0.451 1.88 0.02 1.253 0.015 0.01 0.006
1997.8 1.0 1.0 1.0 1.546 0.559 0.36 0.615 1.454 0.451 1.88 0.02 1.253 0.015 0.01 0.006
1997.9 1.0 1.0 1.0 1.546 0.559 0.36 0.615 1.454 0.451 1.88 0.02 1.253 0.015 0.01 0.006
1998.0 1.0 1.0 1.0 1.546 0.559 0.36 0.615 1.454 0.451 1.88 0.02 1.253 0.015 0.01 0.006
1998.1 1.0 1.0 1.0 1.546 0.559 0.36 0.615 1.454 0.452 1.88 0.02 1.253 0.015 0.01 0.006
1998.2 1.0 1.0 1.0 1.546 0.559 0.36 0.615 1.454 0.452 1.88 0.02 1.253 0.015 0.01 0.006
1998.3 1.0 1.0 1.0 1.546 0.559 0.36 0.615 1.454 0.452 1.88 0.02 1.253 0.015 0.01 0.006
1998.4 1.0 1.0 1.0 1.546 0.559 0.36 0.615 1.454 0.452 1.88 0.02 1.253 0.015 0.01 0.006
1998.5 1.0 1.0 1.0 1.546 0.559 0.36 0.615 1.454 0.452 1.88 0.02 1.253 0.015 0.01 0.006
1998.6 1.0 1.0 1.0 1.546 0.559 0.36 0.615 1.454 0.452 1.88 0.02 1.253 0.015 0.01 0.006
1998.7 1.0 1.0 1.0 1.546 0.559 0.36 0.615 1.454 0.452 1.88 0.02 1.253 0.015 0.01 0.006
1998.8 1.0 1.0 1.0 1.546 0.559 0.36 0.615 1.454 0.452 1.88 0.02 1.253 0.015 0.01 0.006
1998.9 1.0 1.0 1.0 1.546 0.559 0.36 0.615 1.454 0.453 1.88 0.02 1.253 0.015 0.01 0.006
1999.0 1.0 1.0 1.0 1.546 0.559 0.36 0.615 1.454 0.453 1.88 0.02 1.253 0.015 0.01 0.006
1999.1 1.0 1.0 1.0 1.546 0.559 0.36 0.615 1.454 0.453 1.88 0.02 1.253 0.015 0.01 0.006
1999.2 1.0 1.0 1.0 1.546 0.559 0.36 0.615 1.454 0.453 1.88 0.02 1.253 0.015 0.01 0.006
1999.3 1.0 1.0 1.0 1.546 0.559 0.36 0.615 1.454 0.453 1.88 0.02 1.253 0.015 0.01 0.006
1999.4 1.0 1.0 1.0 1.546 0.559 0.36 0.615 1.454 0.453 1.88 0.02 1.253 0.015 0.01 0.006
1999.5 1.0 1.0 1.0 1.546 0.559 0.36 0.615 1.454 0.453 1.88 0.02 1.253 0.015 0.01 0.006
1999.6 1.0 1.0 1.0 1.546 0.559 0.36 0.615 1.454 0.454 1.88 0.02 1.253 0.015 0.01 0.006
1999.7 1.0 1.0 1.0 1.546 0.559 0.36 0.615 1.454 0.454 1.88 0.02 1.253 0.015 0.01 0.006
1999.8 1.0 1.0 1.0 1.546 0.559 0.36 0.615 1.454 0.454 1.88 0.02 1.253 0.015 0.01 0.006
