700.0 1.0 1.0 1.0 1.49 0.547 0.348 0.013 0.01 0.008
700.1 1.0 1.0 1.0 1.49 0.547 0.348 0.014 0.01 0.007
700.2 1.0 1.0 1.0 1.49 0.547 0.348 0.014 0.01 0.006
700.3 1.0 1.0 1.0 1.49 0.547 0.348 0.015 0.01 0.006
700.4 1.0 1.0 1.0 1.49 0.547 0.348 0.015 0.01 0.006
700.5 1.0 1.0 1.0 1.49 0.547 0.348 0.015 0.01 0.006
700.6 1.0 1.0 1.0 1.49 0.547 0.347 0.015 0.01 0.006
700.7 1.0 1.0 1.0 1.49 0.547 0.347 0.015 0.01 0.006
700.8 1.0 1.0 1.0 1.49 0.547 0.347 0.015 0.01 0.006
700.9 1.0 1.0 1.0 1.49 0.547 0.347 0.015 0.01 0.006
701.0 1.0 1.0 1.0 1.49 0.547 0.347 0.015 0.01 0.006
701.1 1.0 1.0 1.0 1.49 0.547 0.347 0.015 0.01 0.006
701.2 1.0 1.0 1.0 1.49 0.547 0.347 0.015 0.01 0.006
701.3 1.0 1.0 1.0 1.49 0.547 0.347 0.015 0.01 0.006
701.4 1.0 1.0 1.0 1.49 0.547 0.347 0.015 0.01 0.006
701.5 1.0 1.0 1.0 1.49 0.547 0.347 0.015 0.01 0.006
701.6 1.0 1.0 1.0 1.49 0.547 0.347 0.015 0.01 0.006
701.7 1.0 1.0 1.0 1.49 0.547 0.347 0.015 0.01 0.006
701.8 1.0 1.0 1.0 1.49 0.547 0.347 0.015 0.01 0.006
701.9 1.0 1.0 1.0 1.49 0.547 0.347 0.015 0.01 0.006
702.0 1.0 1.0 1.0 1.49 0.547 0.347 0.015 0.01 0.006
702.1 1.0 1.0 1.0 1.49 0.547 0.347 0.015 0.01 0.006
702.2 1.0 1.0 1.0 1.49 0.547 0.347 0.015 0.01 0.006
702.3 1.0 1.0 1.0 1.49 0.547 0.347 0.015 0.01 0.006
702.4 1.0 1.0 1.0 1.49 0.547 0.347 0.015 0.01 0.006
702.5 1.0 1.0 1.0 1.49 0.547 0.347 0.015 0.01 0.006
702.6 1.0 1.0 1.0 1.489 0.547 0.347 0.015 0.01 0.006
702.7 1.0 1.0 1.0 1.489 0.547 0.347 0.015 0.01 0.006
702.8 1.0 1.0 1.0 1.489 0.547 0.347 0.015 0.01 0.006
702.9 1.0 1.0 1.0 1.489 0.547 0.347 0.015 0.01 0.006
703.0 1.0 1.0 1.0 1.489 0.547 0.347 0.015 0.01 0.006
703.1 1.0 1.0 1.0 1.489 0.547 0.347 0.015 0.01 0.006
703.2 1.0 1.0 1.0 1.489 0.547 0.347 0.015 0.01 0.006
703.3 1.0 1.0 1.0 1.489 0.547 0.347 0.015 0.01 0.006
703.4 1.0 1.0 1.0 1.489 0.547 0.347 0.015 0.01 0.006
703.5 1.0 1.0 1.0 1.489 0.547 0.347 0.015 0.01 0.006
703.6 1.0 1.0 1.0 1.489 0.547 0.347 0.015 0.01 0.006
703.7 1.0 1.0 1.0 1.489 0.547 0.347 0.015 0.01 0.006
703.8 1.0 1.0 1.0 1.489 0.547 0.347 0.015 0.01 0.006
703.9 1.0 1.0 1.0 1.489 0.547 0.347 0.015 0.01 0.006
704.0 1.0 1.0 1.0 1.489 0.547 0.347 0.015 0.01 0.006
704.1 1.0 1.0 1.0 1.489 0.547 0.347 0.015 0.01 0.006
704.2 1.0 1.0 1.0 1.489 0.547 0.347 0.015 0.01 0.006
704.3 1.0 1.0 1.0 1.489 0.547 0.347 0.015 0.01 0.006
704.4 1.0 1.0 1.0 1.489 0.547 0.347 0.015 0.01 0.006
704.5 1.0 1.0 1.0 1.489 0.547 0.347 0.015 0.01 0.006
704.6 1.0 1.0 1.0 1.488 0.547 0.347 0.015 0.01 0.006
704.7 1.0 1.0 1.0 1.488 0.547 0.347 0.015 0.01 0.006
704.8 1.0 1.0 1.0 1.488 0.547 0.347 0.015 0.01 0.006
704.9 1.0 1.0 1.0 1.488 0.547 0.347 0.015 0.01 0.006
705.0 1.0 1.0 1.0 1.488 0.547 0.347 0.015 0.01 0.006
705.1 1.0 1.0 1.0 1.488 0.547 0.347 0.015 0.01 0.006
705.2 1.0 1.0 1.0 1.488 0.547 0.347 0.015 0.01 0.006
705.3 1.0 1.0 1.0 1.488 0.546 0.347 0.015 0.01 0.006
705.4 1.0 1.0 1.0 1.488 0.546 0.347 0.015 0.01 0.006
705.5 1.0 1.0 1.0 1.488 0.546 0.347 0.015 0.01 0.006
705.6 1.0 1.0 1.0 1.488 0.546 0.347 0.015 0.01 0.006
705.7 1.0 1.0 1.0 1.488 0.546 0.347 0.015 0.01 0.006
705.8 1.0 1.0 1.0 1.488 0.546 0.347 0.015 0.01 0.006
705.9 1.0 1.0 1.0 1.488 0.546 0.347 0.015 0.01 0.006
706.0 1.0 1.0 1.0 1.488 0.546 0.347 0.015 0.01 0.006
706.1 1.0 1.0 1.0 1.488 0.546 0.347 0.015 0.01 0.006
706.2 1.0 1.0 1.0 1.488 0.546 0.347 0.015 0.01 0.006
706.3 1.0 1.0 1.0 1.488 0.546 0.347 0.015 0.01 0.006
706.4 1.0 1.0 1.0 1.488 0.546 0.347 0.015 0.01 0.006
706.5 1.0 1.0 1.0 1.488 0.546 0.347 0.015 0.01 0.006
706.6 1.0 1.0 1.0 1.488 0.546 0.347 0.015 0.01 0.006
706.7 1.0 1.0 1.0 1.488 0.546 0.347 0.015 0.01 0.006
706.8 1.0 1.0 1.0 1.488 0.546 0.347 0.015 0.01 0.006
706.9 1.0 1.0 1.0 1.487 0.546 0.347 0.015 0.01 0.006
707.0 1.0 1.0 1.0 1.487 0.546 0.347 0.015 0.01 0.006
707.1 1.0 1.0 1.0 1.487 0.546 0.347 0.015 0.01 0.006
707.2 1.0 1.0 1.0 1.487 0.546 0.347 0.015 0.01 0.006
707.3 1.0 1.0 1.0 1.487 0.546 0.347 0.015 0.01 0.006
707.4 1.0 1.0 1.0 1.487 0.546 0.347 0.015 0.01 0.006
707.5 1.0 1.0 1.0 1.487 0.546 0.347 0.015 0.01 0.006
707.6 1.0 1.0 1.0 1.487 0.546 0.347 0.015 0.01 0.006
707.7 1.0 1.0 1.0 1.487 0.546 0.347 0.015 0.01 0.006
707.8 1.0 1.0 1.0 1.487 0.546 0.347 0.015 0.01 0.006
707.9 1.0 1.0 1.0 1.487 0.546 0.347 0.015 0.01 0.006
708.0 1.0 1.0 1.0 1.487 0.546 0.347 0.015 0.01 0.006
708.1 1.0 1.0 1.0 1.487 0.546 0.347 0.015 0.01 0.006
708.2 1.0 1.0 1.0 1.487 0.546 0.347 0.015 0.01 0.006
708.3 1.0 1.0 1.0 1.487 0.546 0.347 0.015 0.01 0.006
708.4 1.0 1.0 1.0 1.487 0.546 0.347 0.015 0.01 0.006
708.5 1.0 1.0 1.0 1.487 0.546 0.347 0.015 0.01 0.006
708.6 1.0 1.0 1.0 1.487 0.546 0.346 0.015 0.01 0.006
708.7 1.0 1.0 1.0 1.487 0.546 0.346 0.015 0.01 0.006
708.8 1.0 1.0 1.0 1.487 0.546 0.346 0.015 0.01 0.006
708.9 1.0 1.0 1.0 1.487 0.546 0.346 0.015 0.01 0.006
709.0 1.0 1.0 1.0 1.487 0.546 0.346 0.015 0.01 0.006
709.1 1.0 1.0 1.0 1.487 0.546 0.346 0.015 0.01 0.006
709.2 1.0 1.0 1.0 1.487 0.546 0.346 0.015 0.01 0.006
709.3 1.0 1.0 1.0 1.487 0.546 0.346 0.015 0.01 0.006
709.4 1.0 1.0 1.0 1.487 0.546 0.346 0.015 0.01 0.006
709.5 1.0 1.0 1.0 1.487 0.546 0.346 0.015 0.01 0.006
709.6 1.0 1.0 1.0 1.486 0.546 0.346 0.015 0.01 0.006
709.7 1.0 1.0 1.0 1.486 0.546 0.346 0.015 0.01 0.006
709.8 1.0 1.0 1.0 1.486 0.546 0.346 0.015 0.01 0.006
709.9 1.0 1.0 1.0 1.486 0.546 0.346 0.015 0.01 0.006
710.0 1.0 1.0 1.0 1.486 0.546 0.346 0.015 0.01 0.006
710.1 1.0 1.0 1.0 1.486 0.546 0.346 0.015 0.01 0.006
710.2 1.0 1.0 1.0 1.486 0.546 0.346 0.015 0.01 0.006
710.3 1.0 1.0 1.0 1.486 0.546 0.346 0.015 0.01 0.006
710.4 1.0 1.0 1.0 1.486 0.546 0.346 0.015 0.01 0.006
710.5 1.0 1.0 1.0 1.486 0.546 0.346 0.015 0.01 0.006
710.6 1.0 1.0 1.0 1.486 0.546 0.346 0.015 0.01 0.006
710.7 1.0 1.0 1.0 1.486 0.546 0.346 0.015 0.01 0.006
710.8 1.0 1.0 1.0 1.486 0.546 0.346 0.015 0.01 0.006
710.9 1.0 1.0 1.0 1.486 0.546 0.346 0.015 0.01 0.006
711.0 1.0 1.0 1.0 1.486 0.546 0.346 0.015 0.01 0.006
711.1 1.0 1.0 1.0 1.486 0.546 0.346 0.015 0.01 0.006
711.2 1.0 1.0 1.0 1.486 0.546 0.346 0.015 0.01 0.006
711.3 1.0 1.0 1.0 1.486 0.546 0.346 0.015 0.01 0.006
711.4 1.0 1.0 1.0 1.486 0.546 0.346 0.015 0.01 0.006
711.5 1.0 1.0 1.0 1.486 0.546 0.346 0.015 0.01 0.006
711.6 1.0 1.0 1.0 1.486 0.546 0.346 0.015 0.01 0.006
711.7 1.0 1.0 1.0 1.486 0.546 0.346 0.015 0.01 0.006
711.8 1.0 1.0 1.0 1.486 0.546 0.346 0.015 0.01 0.006
711.9 1.0 1.0 1.0 1.486 0.546 0.346 0.015 0.01 0.006
712.0 1.0 1.0 1.0 1.486 0.546 0.346 0.015 0.01 0.006
712.1 1.0 1.0 1.0 1.486 0.546 0.346 0.015 0.01 0.006
712.2 1.0 1.0 1.0 1.486 0.546 0.346 0.015 0.01 0.006
712.3 1.0 1.0 1.0 1.486 0.546 0.346 0.015 0.01 0.006
712.4 1.0 1.0 1.0 1.486 0.546 0.346 0.015 0.01 0.006
712.5 1.0 1.0 1.0 1.486 0.546 0.346 0.015 0.01 0.006
712.6 1.0 1.0 1.0 1.486 0.546 0.346 0.015 0.01 0.006
712.7 1.0 1.0 1.0 1.486 0.546 0.346 0.015 0.01 0.006
712.8 1.0 1.0 1.0 1.486 0.546 0.346 0.015 0.01 0.006
712.9 1.0 1.0 1.0 1.485 0.546 0.346 0.015 0.01 0.006
713.0 1.0 1.0 1.0 1.485 0.546 0.346 0.015 0.01 0.006
713.1 1.0 1.0 1.0 1.485 0.546 0.346 0.015 0.01 0.006
713.2 1.0 1.0 1.0 1.485 0.546 0.346 0.015 0.01 0.006
713.3 1.0 1.0 1.0 1.485 0.546 0.346 0.015 0.01 0.006
713.4 1.0 1.0 1.0 1.485 0.546 0.346 0.015 0.01 0.006
713.5 1.0 1.0 1.0 1.485 0.546 0.346 0.015 0.01 0.006
713.6 1.0 1.0 1.0 1.485 0.546 0.346 0.015 0.01 0.006
713.7 1.0 1.0 1.0 1.485 0.546 0.346 0.015 0.01 0.006
713.8 1.0 1.0 1.0 1.485 0.546 0.346 0.015 0.01 0.006
713.9 1.0 1.0 1.0 1.485 0.546 0.346 0.015 0.01 0.006
714.0 1.0 1.0 1.0 1.485 0.546 0.346 0.015 0.01 0.006
714.1 1.0 1.0 1.0 1.485 0.546 0.346 0.015 0.01 0.006
714.2 1.0 1.0 1.0 1.485 0.546 0.346 0.015 0.01 0.006
714.3 1.0 1.0 1.0 1.485 0.546 0.346 0.015 0.01 0.006
714.4 1.0 1.0 1.0 1.485 0.546 0.346 0.015 0.01 0.006
714.5 1.0 1.0 1.0 1.485 0.546 0.346 0.015 0.01 0.006
714.6 1.0 1.0 1.0 1.485 0.546 0.346 0.015 0.01 0.006
714.7 1.0 1.0 1.0 1.485 0.546 0.346 0.015 0.01 0.006
714.8 1.0 1.0 1.0 1.485 0.546 0.346 0.015 0.01 0.006
714.9 1.0 1.0 1.0 1.485 0.546 0.346 0.015 0.01 0.006
715.0 1.0 1.0 1.0 1.485 0.546 0.346 0.015 0.01 0.006
715.1 1.0 1.0 1.0 1.485 0.546 0.346 0.015 0.01 0.006
715.2 1.0 1.0 1.0 1.485 0.546 0.346 0.015 0.01 0.006
715.3 1.0 1.0 1.0 1.485 0.546 0.346 0.015 0.01 0.006
715.4 1.0 1.0 1.0 1.485 0.546 0.346 0.015 0.01 0.006
715.5 1.0 1.0 1.0 1.485 0.546 0.346 0.015 0.01 0.006
715.6 1.0 1.0 1.0 1.485 0.546 0.346 0.015 0.01 0.006
715.7 1.0 1.0 1.0 1.485 0.546 0.346 0.015 0.01 0.006
715.8 1.0 1.0 1.0 1.485 0.546 0.346 0.015 0.01 0.006
715.9 1.0 1.0 1.0 1.485 0.546 0.346 0.015 0.01 0.006
716.0 1.0 1.0 1.0 1.485 0.546 0.346 0.015 0.01 0.006
716.1 1.0 1.0 1.0 1.485 0.546 0.346 0.015 0.01 0.006
716.2 1.0 1.0 1.0 1.485 0.546 0.346 0.015 0.01 0.006
716.3 1.0 1.0 1.0 1.485 0.546 0.346 0.015 0.01 0.006
716.4 1.0 1.0 1.0 1.485 0.546 0.346 0.015 0.01 0.006
716.5 1.0 1.0 1.0 1.485 0.546 0.346 0.015 0.01 0.006
716.6 1.0 1.0 1.0 1.485 0.546 0.346 0.015 0.01 0.006
716.7 1.0 1.0 1.0 1.485 0.546 0.346 0.015 0.01 0.006
716.8 1.0 1.0 1.0 1.485 0.546 0.346 0.015 0.01 0.006
716.9 1.0 1.0 1.0 1.485 0.546 0.346 0.015 0.01 0.006
717.0 1.0 1.0 1.0 1.485 0.546 0.346 0.015 0.01 0.006
717.1 1.0 1.0 1.0 1.485 0.546 0.346 0.015 0.01 0.006
717.2 1.0 1.0 1.0 1.485 0.546 0.346 0.015 0.01 0.006
717.3 1.0 1.0 1.0 1.484 0.546 0.346 0.015 0.01 0.006
717.4 1.0 1.0 1.0 1.484 0.546 0.346 0.015 0.01 0.006
717.5 1.0 1.0 1.0 1.484 0.546 0.346 0.015 0.01 0.006
717.6 1.0 1.0 1.0 1.484 0.546 0.346 0.015 0.01 0.006
717.7 1.0 1.0 1.0 1.484 0.546 0.346 0.015 0.01 0.006
717.8 1.0 1.0 1.0 1.484 0.546 0.346 0.015 0.01 0.006
717.9 1.0 1.0 1.0 1.484 0.546 0.346 0.015 0.01 0.006
718.0 1.0 1.0 1.0 1.484 0.546 0.346 0.015 0.01 0.006
718.1 1.0 1.0 1.0 1.484 0.546 0.346 0.015 0.01 0.006
718.2 1.0 1.0 1.0 1.484 0.546 0.346 0.015 0.01 0.006
718.3 1.0 1.0 1.0 1.484 0.546 0.346 0.015 0.01 0.006
718.4 1.0 1.0 1.0 1.484 0.546 0.346 0.015 0.01 0.006
718.5 1.0 1.0 1.0 1.484 0.546 0.346 0.015 0.01 0.006
718.6 1.0 1.0 1.0 1.484 0.546 0.346 0.015 0.01 0.006
718.7 1.0 1.0 1.0 1.484 0.546 0.346 0.015 0.01 0.006
718.8 1.0 1.0 1.0 1.484 0.546 0.346 0.015 0.01 0.006
718.9 1.0 1.0 1.0 1.484 0.546 0.346 0.015 0.01 0.006
719.0 1.0 1.0 1.0 1.484 0.546 0.346 0.015 0.01 0.006
719.1 1.0 1.0 1.0 1.484 0.546 0.346 0.015 0.01 0.006
719.2 1.0 1.0 1.0 1.484 0.546 0.346 0.015 0.01 0.006
719.3 1.0 1.0 1.0 1.484 0.546 0.346 0.015 0.01 0.006
719.4 1.0 1.0 1.0 1.484 0.546 0.346 0.015 0.01 0.006
719.5 1.0 1.0 1.0 1.484 0.546 0.346 0.015 0.01 0.006
719.6 1.0 1.0 1.0 1.484 0.546 0.346 0.015 0.01 0.006
719.7 1.0 1.0 1.0 1.484 0.546 0.346 0.015 0.01 0.006
719.8 1.0 1.0 1.0 1.484 0.546 0.346 0.015 0.01 0.006
719.9 1.0 1.0 1.0 1.484 0.546 0.346 0.015 0.01 0.006
720.0 1.0 1.0 1.0 1.484 0.546 0.346 0.015 0.01 0.006
720.1 1.0 1.0 1.0 1.484 0.546 0.346 0.015 0.01 0.006
720.2 1.0 1.0 1.0 1.484 0.546 0.346 0.015 0.01 0.006
720.3 1.0 1.0 1.0 1.484 0.546 0.346 0.015 0.01 0.006
720.4 1.0 1.0 1.0 1.484 0.546 0.346 0.015 0.01 0.006
720.5 1.0 1.0 1.0 1.484 0.546 0.346 0.015 0.01 0.006
720.6 1.0 1.0 1.0 1.484 0.546 0.346 0.015 0.01 0.006
720.7 1.0 1.0 1.0 1.484 0.546 0.346 0.015 0.01 0.006
720.8 1.0 1.0 1.0 1.484 0.546 0.346 0.015 0.01 0.006
720.9 1.0 1.0 1.0 1.484 0.546 0.346 0.015 0.01 0.006
721.0 1.0 1.0 1.0 1.484 0.546 0.346 0.015 0.01 0.006
721.1 1.0 1.0 1.0 1.484 0.546 0.346 0.015 0.01 0.006
721.2 1.0 1.0 1.0 1.484 0.546 0.346 0.015 0.01 0.006
721.3 1.0 1.0 1.0 1.484 0.546 0.346 0.015 0.01 0.006
721.4 1.0 1.0 1.0 1.484 0.546 0.346 0.015 0.01 0.006
721.5 1.0 1.0 1.0 1.484 0.546 0.346 0.015 0.01 0.006
721.6 1.0 1.0 1.0 1.484 0.546 0.346 0.015 0.01 0.006
721.7 1.0 1.0 1.0 1.484 0.546 0.346 0.015 0.01 0.006
721.8 1.0 1.0 1.0 1.484 0.546 0.346 0.015 0.01 0.006
721.9 1.0 1.0 1.0 1.484 0.546 0.346 0.015 0.01 0.006
722.0 1.0 1.0 1.0 1.484 0.546 0.346 0.015 0.01 0.006
722.1 1.0 1.0 1.0 1.484 0.546 0.346 0.015 0.01 0.006
722.2 1.0 1.0 1.0 1.484 0.546 0.346 0.015 0.01 0.006
722.3 1.0 1.0 1.0 1.484 0.546 0.346 0.015 0.01 0.006
722.4 1.0 1.0 1.0 1.484 0.546 0.346 0.015 0.01 0.006
722.5 1.0 1.0 1.0 1.484 0.546 0.346 0.015 0.01 0.006
722.6 1.0 1.0 1.0 1.484 0.546 0.346 0.015 0.01 0.006
722.7 1.0 1.0 1.0 1.484 0.546 0.346 0.015 0.01 0.006
722.8 1.0 1.0 1.0 1.484 0.546 0.346 0.015 0.01 0.006
722.9 1.0 1.0 1.0 1.484 0.546 0.346 0.015 0.01 0.006
723.0 1.0 1.0 1.0 1.484 0.546 0.346 0.015 0.01 0.006
723.1 1.0 1.0 1.0 1.484 0.546 0.346 0.015 0.01 0.006
723.2 1.0 1.0 1.0 1.484 0.546 0.346 0.015 0.01 0.006
723.3 1.0 1.0 1.0 1.484 0.546 0.346 0.015 0.01 0.006
723.4 1.0 1.0 1.0 1.484 0.546 0.346 0.015 0.01 0.006
723.5 1.0 1.0 1.0 1.483 0.546 0.346 0.015 0.01 0.006
723.6 1.0 1.0 1.0 1.483 0.546 0.346 0.015 0.01 0.006
723.7 1.0 1.0 1.0 1.483 0.546 0.346 0.015 0.01 0.006
723.8 1.0 1.0 1.0 1.483 0.546 0.346 0.015 0.01 0.006
723.9 1.0 1.0 1.0 1.483 0.546 0.346 0.015 0.01 0.006
724.0 1.0 1.0 1.0 1.483 0.546 0.346 0.015 0.01 0.006
724.1 1.0 1.0 1.0 1.483 0.546 0.346 0.015 0.01 0.006
724.2 1.0 1.0 1.0 1.483 0.546 0.346 0.015 0.01 0.006
724.3 1.0 1.0 1.0 1.483 0.546 0.346 0.015 0.01 0.006
724.4 1.0 1.0 1.0 1.483 0.546 0.346 0.015 0.01 0.006
724.5 1.0 1.0 1.0 1.483 0.546 0.346 0.015 0.01 0.006
724.6 1.0 1.0 1.0 1.483 0.546 0.346 0.015 0.01 0.006
724.7 1.0 1.0 1.0 1.483 0.546 0.346 0.015 0.01 0.006
724.8 1.0 1.0 1.0 1.483 0.546 0.346 0.015 0.01 0.006
724.9 1.0 1.0 1.0 1.483 0.546 0.346 0.015 0.01 0.006
725.0 1.0 1.0 1.0 1.483 0.546 0.346 0.015 0.01 0.006
725.1 1.0 1.0 1.0 1.483 0.546 0.346 0.015 0.01 0.006
725.2 1.0 1.0 1.0 1.483 0.546 0.346 0.015 0.01 0.006
725.3 1.0 1.0 1.0 1.483 0.546 0.346 0.015 0.01 0.006
725.4 1.0 1.0 1.0 1.483 0.546 0.346 0.015 0.01 0.006
725.5 1.0 1.0 1.0 1.483 0.546 0.346 0.015 0.01 0.006
725.6 1.0 1.0 1.0 1.483 0.546 0.346 0.015 0.01 0.006
725.7 1.0 1.0 1.0 1.483 0.546 0.346 0.015 0.01 0.006
725.8 1.0 1.0 1.0 1.483 0.546 0.346 0.015 0.01 0.006
725.9 1.0 1.0 1.0 1.483 0.546 0.346 0.015 0.01 0.006
726.0 1.0 1.0 1.0 1.483 0.546 0.346 0.015 0.01 0.006
726.1 1.0 1.0 1.0 1.483 0.546 0.346 0.015 0.01 0.006
726.2 1.0 1.0 1.0 1.483 0.546 0.346 0.015 0.01 0.006
726.3 1.0 1.0 1.0 1.483 0.546 0.346 0.015 0.01 0.006
726.4 1.0 1.0 1.0 1.483 0.546 0.346 0.015 0.01 0.006
726.5 1.0 1.0 1.0 1.483 0.546 0.346 0.015 0.01 0.006
726.6 1.0 1.0 1.0 1.483 0.545 0.346 0.015 0.01 0.006
726.7 1.0 1.0 1.0 1.483 0.545 0.346 0.015 0.01 0.006
726.8 1.0 1.0 1.0 1.483 0.545 0.346 0.015 0.01 0.006
726.9 1.0 1.0 1.0 1.483 0.545 0.346 0.015 0.01 0.006
727.0 1.0 1.0 1.0 1.483 0.545 0.346 0.015 0.01 0.006
727.1 1.0 1.0 1.0 1.483 0.545 0.346 0.015 0.01 0.006
727.2 1.0 1.0 1.0 1.483 0.545 0.346 0.015 0.01 0.006
727.3 1.0 1.0 1.0 1.483 0.545 0.346 0.015 0.01 0.006
727.4 1.0 1.0 1.0 1.483 0.545 0.346 0.015 0.01 0.006
727.5 1.0 1.0 1.0 1.483 0.545 0.346 0.015 0.01 0.006
727.6 1.0 1.0 1.0 1.483 0.545 0.346 0.015 0.01 0.006
727.7 1.0 1.0 1.0 1.483 0.545 0.346 0.015 0.01 0.006
727.8 1.0 1.0 1.0 1.483 0.545 0.346 0.015 0.01 0.006
727.9 1.0 1.0 1.0 1.483 0.545 0.346 0.015 0.01 0.006
728.0 1.0 1.0 1.0 1.483 0.545 0.346 0.015 0.01 0.006
728.1 1.0 1.0 1.0 1.483 0.545 0.346 0.015 0.01 0.006
728.2 1.0 1.0 1.0 1.483 0.545 0.346 0.015 0.01 0.006
728.3 1.0 1.0 1.0 1.483 0.545 0.346 0.015 0.01 0.006
728.4 1.0 1.0 1.0 1.483 0.545 0.346 0.015 0.01 0.006
728.5 1.0 1.0 1.0 1.483 0.545 0.346 0.015 0.01 0.006
728.6 1.0 1.0 1.0 1.483 0.545 0.346 0.015 0.01 0.006
728.7 1.0 1.0 1.0 1.483 0.545 0.346 0.015 0.01 0.006
728.8 1.0 1.0 1.0 1.483 0.545 0.346 0.015 0.01 0.006
728.9 1.0 1.0 1.0 1.483 0.545 0.346 0.015 0.01 0.006
729.0 1.0 1.0 1.0 1.483 0.545 0.346 0.015 0.01 0.006
729.1 1.0 1.0 1.0 1.483 0.545 0.346 0.015 0.01 0.006
729.2 1.0 1.0 1.0 1.483 0.545 0.346 0.015 0.01 0.006
729.3 1.0 1.0 1.0 1.483 0.545 0.346 0.015 0.01 0.006
729.4 1.0 1.0 1.0 1.483 0.545 0.346 0.015 0.01 0.006
729.5 1.0 1.0 1.0 1.483 0.545 0.346 0.015 0.01 0.006
729.6 1.0 1.0 1.0 1.483 0.545 0.346 0.015 0.01 0.006
729.7 1.0 1.0 1.0 1.483 0.545 0.346 0.015 0.01 0.006
729.8 1.0 1.0 1.0 1.483 0.545 0.346 0.015 0.01 0.006
729.9 1.0 1.0 1.0 1.483 0.545 0.346 0.015 0.01 0.006
730.0 1.0 1.0 1.0 1.483 0.545 0.346 0.015 0.01 0.006
730.1 1.0 1.0 1.0 1.483 0.545 0.346 0.015 0.01 0.006
730.2 1.0 1.0 1.0 1.483 0.545 0.346 0.015 0.01 0.006
730.3 1.0 1.0 1.0 1.483 0.545 0.346 0.015 0.01 0.006
730.4 1.0 1.0 1.0 1.483 0.545 0.346 0.015 0.01 0.006
730.5 1.0 1.0 1.0 1.483 0.545 0.346 0.015 0.01 0.006
730.6 1.0 1.0 1.0 1.483 0.545 0.346 0.015 0.01 0.006
730.7 1.0 1.0 1.0 1.483 0.545 0.346 0.015 0.01 0.006
730.8 1.0 1.0 1.0 1.483 0.545 0.346 0.015 0.01 0.006
730.9 1.0 1.0 1.0 1.483 0.545 0.346 0.015 0.01 0.006
731.0 1.0 1.0 1.0 1.483 0.545 0.346 0.015 0.01 0.006
731.1 1.0 1.0 1.0 1.483 0.545 0.346 0.015 0.01 0.006
731.2 1.0 1.0 1.0 1.483 0.545 0.346 0.015 0.01 0.006
731.3 1.0 1.0 1.0 1.483 0.545 0.346 0.015 0.01 0.006
731.4 1.0 1.0 1.0 1.483 0.545 0.346 0.015 0.01 0.006
731.5 1.0 1.0 1.0 1.483 0.545 0.346 0.015 0.01 0.006
731.6 1.0 1.0 1.0 1.483 0.545 0.346 0.015 0.01 0.006
731.7 1.0 1.0 1.0 1.483 0.545 0.346 0.015 0.01 0.006
731.8 1.0 1.0 1.0 1.483 0.545 0.346 0.015 0.01 0.006
731.9 1.0 1.0 1.0 1.483 0.545 0.346 0.015 0.01 0.006
732.0 1.0 1.0 1.0 1.483 0.545 0.346 0.015 0.01 0.006
732.1 1.0 1.0 1.0 1.483 0.545 0.346 0.015 0.01 0.006
732.2 1.0 1.0 1.0 1.483 0.545 0.346 0.015 0.01 0.006
732.3 1.0 1.0 1.0 1.483 0.545 0.346 0.015 0.01 0.006
732.4 1.0 1.0 1.0 1.483 0.545 0.346 0.015 0.01 0.006
732.5 1.0 1.0 1.0 1.483 0.545 0.346 0.015 0.01 0.006
732.6 1.0 1.0 1.0 1.483 0.545 0.346 0.015 0.01 0.006
732.7 1.0 1.0 1.0 1.483 0.545 0.346 0.015 0.01 0.006
732.8 1.0 1.0 1.0 1.483 0.545 0.346 0.015 0.01 0.006
732.9 1.0 1.0 1.0 1.483 0.545 0.346 0.015 0.01 0.006
733.0 1.0 1.0 1.0 1.483 0.545 0.346 0.015 0.01 0.006
733.1 1.0 1.0 1.0 1.483 0.545 0.346 0.015 0.01 0.006
733.2 1.0 1.0 1.0 1.483 0.545 0.346 0.015 0.01 0.006
733.3 1.0 1.0 1.0 1.483 0.545 0.346 0.015 0.01 0.006
733.4 1.0 1.0 1.0 1.483 0.545 0.346 0.015 0.01 0.006
733.5 1.0 1.0 1.0 1.483 0.545 0.346 0.015 0.01 0.006
733.6 1.0 1.0 1.0 1.483 0.545 0.346 0.015 0.01 0.006
733.7 1.0 1.0 1.0 1.483 0.545 0.346 0.015 0.01 0.006
733.8 1.0 1.0 1.0 1.483 0.545 0.346 0.015 0.01 0.006
733.9 1.0 1.0 1.0 1.483 0.545 0.346 0.015 0.01 0.006
734.0 1.0 1.0 1.0 1.483 0.545 0.346 0.015 0.01 0.006
734.1 1.0 1.0 1.0 1.483 0.545 0.346 0.015 0.01 0.006
734.2 1.0 1.0 1.0 1.483 0.545 0.346 0.015 0.01 0.006
734.3 1.0 1.0 1.0 1.483 0.545 0.346 0.015 0.01 0.006
734.4 1.0 1.0 1.0 1.483 0.545 0.346 0.015 0.01 0.006
734.5 1.0 1.0 1.0 1.483 0.545 0.346 0.015 0.01 0.006
734.6 1.0 1.0 1.0 1.483 0.545 0.346 0.015 0.01 0.006
734.7 1.0 1.0 1.0 1.483 0.545 0.346 0.015 0.01 0.006
734.8 1.0 1.0 1.0 1.483 0.545 0.346 0.015 0.01 0.006
734.9 1.0 1.0 1.0 1.483 0.545 0.346 0.015 0.01 0.006
735.0 1.0 1.0 1.0 1.482 0.545 0.346 0.015 0.01 0.006
735.1 1.0 1.0 1.0 1.482 0.545 0.346 0.015 0.01 0.006
735.2 1.0 1.0 1.0 1.482 0.545 0.346 0.015 0.01 0.006
735.3 1.0 1.0 1.0 1.482 0.545 0.346 0.015 0.01 0.006
735.4 1.0 1.0 1.0 1.482 0.545 0.346 0.015 0.01 0.006
735.5 1.0 1.0 1.0 1.482 0.545 0.346 0.015 0.01 0.006
735.6 1.0 1.0 1.0 1.482 0.545 0.346 0.015 0.01 0.006
735.7 1.0 1.0 1.0 1.482 0.545 0.346 0.015 0.01 0.006
735.8 1.0 1.0 1.0 1.482 0.545 0.346 0.015 0.01 0.006
735.9 1.0 1.0 1.0 1.482 0.545 0.346 0.015 0.01 0.006
736.0 1.0 1.0 1.0 1.482 0.545 0.346 0.015 0.01 0.006
736.1 1.0 1.0 1.0 1.482 0.545 0.346 0.015 0.01 0.006
736.2 1.0 1.0 1.0 1.482 0.545 0.346 0.015 0.01 0.006
736.3 1.0 1.0 1.0 1.482 0.545 0.346 0.015 0.01 0.006
736.4 1.0 1.0 1.0 1.482 0.545 0.346 0.015 0.01 0.006
736.5 1.0 1.0 1.0 1.482 0.545 0.346 0.015 0.01 0.006
736.6 1.0 1.0 1.0 1.482 0.545 0.346 0.015 0.01 0.006
736.7 1.0 1.0 1.0 1.482 0.545 0.346 0.015 0.01 0.006
736.8 1.0 1.0 1.0 1.482 0.545 0.346 0.015 0.01 0.006
736.9 1.0 1.0 1.0 1.482 0.545 0.346 0.015 0.01 0.006
737.0 1.0 1.0 1.0 1.482 0.545 0.346 0.015 0.01 0.006
737.1 1.0 1.0 1.0 1.482 0.545 0.346 0.015 0.01 0.006
737.2 1.0 1.0 1.0 1.482 0.545 0.346 0.015 0.01 0.006
737.3 1.0 1.0 1.0 1.482 0.545 0.346 0.015 0.01 0.006
737.4 1.0 1.0 1.0 1.482 0.545 0.346 0.015 0.01 0.006
737.5 1.0 1.0 1.0 1.482 0.545 0.346 0.015 0.01 0.006
737.6 1.0 1.0 1.0 1.482 0.545 0.346 0.015 0.01 0.006
737.7 1.0 1.0 1.0 1.482 0.545 0.346 0.015 0.01 0.006
737.8 1.0 1.0 1.0 1.482 0.545 0.346 0.015 0.01 0.006
737.9 1.0 1.0 1.0 1.482 0.545 0.346 0.015 0.01 0.006
738.0 1.0 1.0 1.0 1.482 0.545 0.346 0.015 0.01 0.006
738.1 1.0 1.0 1.0 1.482 0.545 0.346 0.015 0.01 0.006
738.2 1.0 1.0 1.0 1.482 0.545 0.346 0.015 0.01 0.006
738.3 1.0 1.0 1.0 1.482 0.545 0.346 0.015 0.01 0.006
738.4 1.0 1.0 1.0 1.482 0.545 0.346 0.015 0.01 0.006
738.5 1.0 1.0 1.0 1.482 0.545 0.346 0.015 0.01 0.006
738.6 1.0 1.0 1.0 1.482 0.545 0.346 0.015 0.01 0.006
738.7 1.0 1.0 1.0 1.482 0.545 0.346 0.015 0.01 0.006
738.8 1.0 1.0 1.0 1.482 0.545 0.346 0.015 0.01 0.006
738.9 1.0 1.0 1.0 1.482 0.545 0.346 0.015 0.01 0.006
739.0 1.0 1.0 1.0 1.482 0.545 0.346 0.015 0.01 0.006
739.1 1.0 1.0 1.0 1.482 0.545 0.346 0.015 0.01 0.006
739.2 1.0 1.0 1.0 1.482 0.545 0.346 0.015 0.01 0.006
739.3 1.0 1.0 1.0 1.482 0.545 0.346 0.015 0.01 0.006
739.4 1.0 1.0 1.0 1.482 0.545 0.346 0.015 0.01 0.006
739.5 1.0 1.0 1.0 1.482 0.545 0.346 0.015 0.01 0.006
739.6 1.0 1.0 1.0 1.482 0.545 0.346 0.015 0.01 0.006
739.7 1.0 1.0 1.0 1.482 0.545 0.346 0.015 0.01 0.006
739.8 1.0 1.0 1.0 1.482 0.545 0.346 0.015 0.01 0.006
739.9 1.0 1.0 1.0 1.482 0.545 0.346 0.015 0.01 0.006
740.0 1.0 1.0 1.0 1.482 0.545 0.346 0.015 0.01 0.006
740.1 1.0 1.0 1.0 1.482 0.545 0.346 0.015 0.01 0.006
740.2 1.0 1.0 1.0 1.482 0.545 0.346 0.015 0.01 0.006
740.3 1.0 1.0 1.0 1.482 0.545 0.346 0.015 0.01 0.006
740.4 1.0 1.0 1.0 1.482 0.545 0.346 0.015 0.01 0.006
740.5 1.0 1.0 1.0 1.482 0.545 0.346 0.015 0.01 0.006
740.6 1.0 1.0 1.0 1.482 0.545 0.346 0.015 0.01 0.006
740.7 1.0 1.0 1.0 1.482 0.545 0.346 0.015 0.01 0.006
740.8 1.0 1.0 1.0 1.482 0.545 0.346 0.015 0.01 0.006
740.9 1.0 1.0 1.0 1.482 0.545 0.346 0.015 0.01 0.006
741.0 1.0 1.0 1.0 1.482 0.545 0.346 0.015 0.01 0.006
741.1 1.0 1.0 1.0 1.482 0.545 0.346 0.015 0.01 0.006
741.2 1.0 1.0 1.0 1.482 0.545 0.346 0.015 0.01 0.006
741.3 1.0 1.0 1.0 1.482 0.545 0.346 0.015 0.01 0.006
741.4 1.0 1.0 1.0 1.482 0.545 0.346 0.015 0.01 0.006
741.5 1.0 1.0 1.0 1.482 0.545 0.346 0.015 0.01 0.006
741.6 1.0 1.0 1.0 1.482 0.545 0.346 0.015 0.01 0.006
741.7 1.0 1.0 1.0 1.482 0.545 0.346 0.015 0.01 0.006
741.8 1.0 1.0 1.0 1.482 0.545 0.346 0.015 0.01 0.006
741.9 1.0 1.0 1.0 1.482 0.545 0.346 0.015 0.01 0.006
742.0 1.0 1.0 1.0 1.482 0.545 0.346 0.015 0.01 0.006
742.1 1.0 1.0 1.0 1.482 0.545 0.346 0.015 0.01 0.006
742.2 1.0 1.0 1.0 1.482 0.545 0.346 0.015 0.01 0.006
742.3 1.0 1.0 1.0 1.482 0.545 0.346 0.015 0.01 0.006
742.4 1.0 1.0 1.0 1.482 0.545 0.346 0.015 0.01 0.006
742.5 1.0 1.0 1.0 1.482 0.545 0.346 0.015 0.01 0.006
742.6 1.0 1.0 1.0 1.482 0.545 0.346 0.015 0.01 0.006
742.7 1.0 1.0 1.0 1.482 0.545 0.346 0.015 0.01 0.006
742.8 1.0 1.0 1.0 1.482 0.545 0.346 0.015 0.01 0.006
742.9 1.0 1.0 1.0 1.482 0.545 0.346 0.015 0.01 0.006
743.0 1.0 1.0 1.0 1.482 0.545 0.346 0.015 0.01 0.006
743.1 1.0 1.0 1.0 1.482 0.545 0.346 0.015 0.01 0.006
743.2 1.0 1.0 1.0 1.482 0.545 0.346 0.015 0.01 0.006
743.3 1.0 1.0 1.0 1.482 0.545 0.346 0.015 0.01 0.006
743.4 1.0 1.0 1.0 1.482 0.545 0.346 0.015 0.01 0.006
743.5 1.0 1.0 1.0 1.482 0.545 0.346 0.015 0.01 0.006
743.6 1.0 1.0 1.0 1.482 0.545 0.346 0.015 0.01 0.006
743.7 1.0 1.0 1.0 1.482 0.545 0.346 0.015 0.01 0.006
743.8 1.0 1.0 1.0 1.482 0.545 0.346 0.015 0.01 0.006
743.9 1.0 1.0 1.0 1.482 0.545 0.346 0.015 0.01 0.006
744.0 1.0 1.0 1.0 1.482 0.545 0.346 0.015 0.01 0.006
744.1 1.0 1.0 1.0 1.482 0.545 0.346 0.015 0.01 0.006
744.2 1.0 1.0 1.0 1.482 0.545 0.346 0.015 0.01 0.006
744.3 1.0 1.0 1.0 1.482 0.545 0.346 0.015 0.01 0.006
744.4 1.0 1.0 1.0 1.482 0.545 0.346 0.015 0.01 0.006
744.5 1.0 1.0 1.0 1.482 0.545 0.346 0.015 0.01 0.006
744.6 1.0 1.0 1.0 1.482 0.545 0.346 0.015 0.01 0.006
744.7 1.0 1.0 1.0 1.482 0.545 0.346 0.015 0.01 0.006
744.8 1.0 1.0 1.0 1.482 0.545 0.346 0.015 0.01 0.006
744.9 1.0 1.0 1.0 1.482 0.545 0.346 0.015 0.01 0.006
745.0 1.0 1.0 1.0 1.482 0.545 0.346 0.015 0.01 0.006
745.1 1.0 1.0 1.0 1.482 0.545 0.346 0.015 0.01 0.006
745.2 1.0 1.0 1.0 1.482 0.545 0.346 0.015 0.01 0.006
745.3 1.0 1.0 1.0 1.482 0.545 0.346 0.015 0.01 0.006
745.4 1.0 1.0 1.0 1.482 0.545 0.346 0.015 0.01 0.006
745.5 1.0 1.0 1.0 1.482 0.545 0.346 0.015 0.01 0.006
745.6 1.0 1.0 1.0 1.482 0.545 0.346 0.015 0.01 0.006
745.7 1.0 1.0 1.0 1.482 0.545 0.346 0.015 0.01 0.006
745.8 1.0 1.0 1.0 1.482 0.545 0.346 0.015 0.01 0.006
745.9 1.0 1.0 1.0 1.482 0.545 0.346 0.015 0.01 0.006
746.0 1.0 1.0 1.0 1.482 0.545 0.346 0.015 0.01 0.006
746.1 1.0 1.0 1.0 1.482 0.545 0.346 0.015 0.01 0.006
746.2 1.0 1.0 1.0 1.482 0.545 0.346 0.015 0.01 0.006
746.3 1.0 1.0 1.0 1.482 0.545 0.346 0.015 0.01 0.006
746.4 1.0 1.0 1.0 1.482 0.545 0.346 0.015 0.01 0.006
746.5 1.0 1.0 1.0 1.482 0.545 0.346 0.015 0.01 0.006
746.6 1.0 1.0 1.0 1.482 0.545 0.346 0.015 0.01 0.006
746.7 1.0 1.0 1.0 1.482 0.545 0.346 0.015 0.01 0.006
746.8 1.0 1.0 1.0 1.482 0.545 0.346 0.015 0.01 0.006
746.9 1.0 1.0 1.0 1.482 0.545 0.346 0.015 0.01 0.006
747.0 1.0 1.0 1.0 1.482 0.545 0.346 0.015 0.01 0.006
747.1 1.0 1.0 1.0 1.482 0.545 0.346 0.015 0.01 0.006
747.2 1.0 1.0 1.0 1.482 0.545 0.346 0.015 0.01 0.006
747.3 1.0 1.0 1.0 1.482 0.545 0.346 0.015 0.01 0.006
747.4 1.0 1.0 1.0 1.482 0.545 0.346 0.015 0.01 0.006
747.5 1.0 1.0 1.0 1.482 0.545 0.346 0.015 0.01 0.006
747.6 1.0 1.0 1.0 1.482 0.545 0.346 0.015 0.01 0.006
747.7 1.0 1.0 1.0 1.482 0.545 0.346 0.015 0.01 0.006
747.8 1.0 1.0 1.0 1.482 0.545 0.346 0.015 0.01 0.006
747.9 1.0 1.0 1.0 1.482 0.545 0.346 0.015 0.01 0.006
748.0 1.0 1.0 1.0 1.482 0.545 0.346 0.015 0.01 0.006
748.1 1.0 1.0 1.0 1.482 0.545 0.346 0.015 0.01 0.006
748.2 1.0 1.0 1.0 1.482 0.545 0.346 0.015 0.01 0.006
748.3 1.0 1.0 1.0 1.482 0.545 0.346 0.015 0.01 0.006
748.4 1.0 1.0 1.0 1.482 0.545 0.346 0.015 0.01 0.006
748.5 1.0 1.0 1.0 1.482 0.545 0.346 0.015 0.01 0.006
748.6 1.0 1.0 1.0 1.482 0.545 0.346 0.015 0.01 0.006
748.7 1.0 1.0 1.0 1.482 0.545 0.346 0.015 0.01 0.006
748.8 1.0 1.0 1.0 1.482 0.545 0.346 0.015 0.01 0.006
748.9 1.0 1.0 1.0 1.482 0.545 0.346 0.015 0.01 0.006
749.0 1.0 1.0 1.0 1.482 0.545 0.346 0.015 0.01 0.006
749.1 1.0 1.0 1.0 1.482 0.545 0.346 0.015 0.01 0.006
749.2 1.0 1.0 1.0 1.482 0.545 0.346 0.015 0.01 0.006
749.3 1.0 1.0 1.0 1.482 0.545 0.346 0.015 0.01 0.006
749.4 1.0 1.0 1.0 1.482 0.545 0.346 0.015 0.01 0.006
749.5 1.0 1.0 1.0 1.482 0.545 0.346 0.015 0.01 0.006
749.6 1.0 1.0 1.0 1.482 0.545 0.346 0.015 0.01 0.006
749.7 1.0 1.0 1.0 1.482 0.545 0.346 0.015 0.01 0.006
749.8 1.0 1.0 1.0 1.482 0.545 0.346 0.015 0.01 0.006
749.9 1.0 1.0 1.0 1.482 0.545 0.346 0.015 0.01 0.006
750.0 1.0 1.0 1.0 1.482 0.545 0.346 0.015 0.01 0.006
750.1 1.0 1.0 1.0 1.482 0.545 0.346 0.015 0.01 0.006
750.2 1.0 1.0 1.0 1.482 0.545 0.346 0.015 0.01 0.006
750.3 1.0 1.0 1.0 1.482 0.545 0.346 0.015 0.01 0.006
750.4 1.0 1.0 1.0 1.482 0.545 0.346 0.015 0.01 0.006
750.5 1.0 1.0 1.0 1.482 0.545 0.346 0.015 0.01 0.006
750.6 1.0 1.0 1.0 1.482 0.545 0.346 0.015 0.01 0.006
750.7 1.0 1.0 1.0 1.482 0.545 0.346 0.015 0.01 0.006
750.8 1.0 1.0 1.0 1.482 0.545 0.346 0.015 0.01 0.006
750.9 1.0 1.0 1.0 1.482 0.545 0.346 0.015 0.01 0.006
751.0 1.0 1.0 1.0 1.482 0.545 0.346 0.015 0.01 0.006
751.1 1.0 1.0 1.0 1.482 0.545 0.346 0.015 0.01 0.006
751.2 1.0 1.0 1.0 1.482 0.545 0.346 0.015 0.01 0.006
751.3 1.0 1.0 1.0 1.482 0.545 0.346 0.015 0.01 0.006
751.4 1.0 1.0 1.0 1.482 0.545 0.346 0.015 0.01 0.006
751.5 1.0 1.0 1.0 1.482 0.545 0.346 0.015 0.01 0.006
751.6 1.0 1.0 1.0 1.482 0.545 0.346 0.015 0.01 0.006
751.7 1.0 1.0 1.0 1.482 0.545 0.346 0.015 0.01 0.006
751.8 1.0 1.0 1.0 1.482 0.545 0.346 0.015 0.01 0.006
751.9 1.0 1.0 1.0 1.482 0.545 0.346 0.015 0.01 0.006
752.0 1.0 1.0 1.0 1.482 0.545 0.346 0.015 0.01 0.006
752.1 1.0 1.0 1.0 1.482 0.545 0.346 0.015 0.01 0.006
752.2 1.0 1.0 1.0 1.482 0.545 0.346 0.015 0.01 0.006
752.3 1.0 1.0 1.0 1.482 0.545 0.346 0.015 0.01 0.006
752.4 1.0 1.0 1.0 1.482 0.545 0.346 0.015 0.01 0.006
752.5 1.0 1.0 1.0 1.482 0.545 0.346 0.015 0.01 0.006
752.6 1.0 1.0 1.0 1.482 0.545 0.346 0.015 0.01 0.006
752.7 1.0 1.0 1.0 1.482 0.545 0.346 0.015 0.01 0.006
752.8 1.0 1.0 1.0 1.482 0.545 0.346 0.015 0.01 0.006
752.9 1.0 1.0 1.0 1.482 0.545 0.346 0.015 0.01 0.006
753.0 1.0 1.0 1.0 1.482 0.545 0.346 0.015 0.01 0.006
753.1 1.0 1.0 1.0 1.482 0.545 0.346 0.015 0.01 0.006
753.2 1.0 1.0 1.0 1.482 0.545 0.346 0.015 0.01 0.006
753.3 1.0 1.0 1.0 1.482 0.545 0.346 0.015 0.01 0.006
753.4 1.0 1.0 1.0 1.482 0.545 0.346 0.015 0.01 0.006
753.5 1.0 1.0 1.0 1.482 0.545 0.346 0.015 0.01 0.006
753.6 1.0 1.0 1.0 1.482 0.545 0.346 0.015 0.01 0.006
753.7 1.0 1.0 1.0 1.482 0.545 0.346 0.015 0.01 0.006
753.8 1.0 1.0 1.0 1.482 0.545 0.346 0.015 0.01 0.006
753.9 1.0 1.0 1.0 1.482 0.545 0.346 0.015 0.01 0.006
754.0 1.0 1.0 1.0 1.482 0.545 0.346 0.015 0.01 0.006
754.1 1.0 1.0 1.0 1.482 0.545 0.346 0.015 0.01 0.006
754.2 1.0 1.0 1.0 1.482 0.545 0.346 0.015 0.01 0.006
754.3 1.0 1.0 1.0 1.482 0.545 0.346 0.015 0.01 0.006
754.4 1.0 1.0 1.0 1.482 0.545 0.346 0.015 0.01 0.006
754.5 1.0 1.0 1.0 1.482 0.545 0.346 0.015 0.01 0.006
754.6 1.0 1.0 1.0 1.482 0.545 0.346 0.015 0.01 0.006
754.7 1.0 1.0 1.0 1.482 0.545 0.346 0.015 0.01 0.006
754.8 1.0 1.0 1.0 1.482 0.545 0.346 0.015 0.01 0.006
754.9 1.0 1.0 1.0 1.482 0.545 0.346 0.015 0.01 0.006
755.0 1.0 1.0 1.0 1.482 0.545 0.346 0.015 0.01 0.006
755.1 1.0 1.0 1.0 1.482 0.545 0.346 0.015 0.01 0.006
755.2 1.0 1.0 1.0 1.482 0.545 0.346 0.015 0.01 0.006
755.3 1.0 1.0 1.0 1.482 0.545 0.346 0.015 0.01 0.006
755.4 1.0 1.0 1.0 1.482 0.545 0.346 0.015 0.01 0.006
755.5 1.0 1.0 1.0 1.482 0.545 0.346 0.015 0.01 0.006
755.6 1.0 1.0 1.0 1.482 0.545 0.346 0.015 0.01 0.006
755.7 1.0 1.0 1.0 1.482 0.545 0.346 0.015 0.01 0.006
755.8 1.0 1.0 1.0 1.482 0.545 0.346 0.015 0.01 0.006
755.9 1.0 1.0 1.0 1.482 0.545 0.346 0.015 0.01 0.006
756.0 1.0 1.0 1.0 1.482 0.545 0.346 0.015 0.01 0.006
756.1 1.0 1.0 1.0 1.482 0.545 0.346 0.015 0.01 0.006
756.2 1.0 1.0 1.0 1.482 0.545 0.346 0.015 0.01 0.006
756.3 1.0 1.0 1.0 1.482 0.545 0.346 0.015 0.01 0.006
756.4 1.0 1.0 1.0 1.482 0.545 0.346 0.015 0.01 0.006
756.5 1.0 1.0 1.0 1.482 0.545 0.346 0.015 0.01 0.006
756.6 1.0 1.0 1.0 1.482 0.545 0.346 0.015 0.01 0.006
756.7 1.0 1.0 1.0 1.482 0.545 0.346 0.015 0.01 0.006
756.8 1.0 1.0 1.0 1.482 0.545 0.346 0.015 0.01 0.006
756.9 1.0 1.0 1.0 1.482 0.545 0.346 0.015 0.01 0.006
757.0 1.0 1.0 1.0 1.482 0.545 0.346 0.015 0.01 0.006
757.1 1.0 1.0 1.0 1.482 0.545 0.346 0.015 0.01 0.006
757.2 1.0 1.0 1.0 1.482 0.545 0.346 0.015 0.01 0.006
757.3 1.0 1.0 1.0 1.482 0.545 0.346 0.015 0.01 0.006
757.4 1.0 1.0 1.0 1.482 0.545 0.346 0.015 0.01 0.006
757.5 1.0 1.0 1.0 1.482 0.545 0.346 0.015 0.01 0.006
757.6 1.0 1.0 1.0 1.482 0.545 0.346 0.015 0.01 0.006
757.7 1.0 1.0 1.0 1.482 0.545 0.346 0.015 0.01 0.006
757.8 1.0 1.0 1.0 1.482 0.545 0.346 0.015 0.01 0.006
757.9 1.0 1.0 1.0 1.482 0.545 0.346 0.015 0.01 0.006
758.0 1.0 1.0 1.0 1.482 0.545 0.346 0.015 0.01 0.006
758.1 1.0 1.0 1.0 1.482 0.545 0.346 0.015 0.01 0.006
758.2 1.0 1.0 1.0 1.482 0.545 0.346 0.015 0.01 0.006
758.3 1.0 1.0 1.0 1.482 0.545 0.346 0.015 0.01 0.006
758.4 1.0 1.0 1.0 1.482 0.545 0.346 0.015 0.01 0.006
758.5 1.0 1.0 1.0 1.482 0.545 0.346 0.015 0.01 0.006
758.6 1.0 1.0 1.0 1.482 0.545 0.346 0.015 0.01 0.006
758.7 1.0 1.0 1.0 1.482 0.545 0.346 0.015 0.01 0.006
758.8 1.0 1.0 1.0 1.482 0.545 0.346 0.015 0.01 0.006
758.9 1.0 1.0 1.0 1.482 0.545 0.346 0.015 0.01 0.006
759.0 1.0 1.0 1.0 1.482 0.545 0.346 0.015 0.01 0.006
759.1 1.0 1.0 1.0 1.482 0.545 0.346 0.015 0.01 0.006
759.2 1.0 1.0 1.0 1.482 0.545 0.346 0.015 0.01 0.006
759.3 1.0 1.0 1.0 1.482 0.545 0.346 0.015 0.01 0.006
759.4 1.0 1.0 1.0 1.482 0.545 0.346 0.015 0.01 0.006
759.5 1.0 1.0 1.0 1.482 0.545 0.346 0.015 0.01 0.006
759.6 1.0 1.0 1.0 1.482 0.545 0.346 0.015 0.01 0.006
759.7 1.0 1.0 1.0 1.482 0.545 0.346 0.015 0.01 0.006
759.8 1.0 1.0 1.0 1.482 0.545 0.346 0.015 0.01 0.006
759.9 1.0 1.0 1.0 1.482 0.545 0.346 0.015 0.01 0.006
760.0 1.0 1.0 1.0 1.482 0.545 0.346 0.015 0.01 0.006
760.1 1.0 1.0 1.0 1.482 0.545 0.346 0.015 0.01 0.006
760.2 1.0 1.0 1.0 1.482 0.545 0.346 0.015 0.01 0.006
760.3 1.0 1.0 1.0 1.482 0.545 0.346 0.015 0.01 0.006
760.4 1.0 1.0 1.0 1.482 0.545 0.346 0.015 0.01 0.006
760.5 1.0 1.0 1.0 1.482 0.545 0.346 0.015 0.01 0.006
760.6 1.0 1.0 1.0 1.482 0.545 0.346 0.015 0.01 0.006
760.7 1.0 1.0 1.0 1.482 0.545 0.346 0.015 0.01 0.006
760.8 1.0 1.0 1.0 1.482 0.545 0.346 0.015 0.01 0.006
760.9 1.0 1.0 1.0 1.482 0.545 0.346 0.015 0.01 0.006
761.0 1.0 1.0 1.0 1.482 0.545 0.346 0.015 0.01 0.006
761.1 1.0 1.0 1.0 1.482 0.545 0.346 0.015 0.01 0.006
761.2 1.0 1.0 1.0 1.482 0.545 0.346 0.015 0.01 0.006
761.3 1.0 1.0 1.0 1.482 0.545 0.346 0.015 0.01 0.006
761.4 1.0 1.0 1.0 1.482 0.545 0.346 0.015 0.01 0.006
761.5 1.0 1.0 1.0 1.482 0.545 0.346 0.015 0.01 0.006
761.6 1.0 1.0 1.0 1.482 0.545 0.346 0.015 0.01 0.006
761.7 1.0 1.0 1.0 1.482 0.545 0.346 0.015 0.01 0.006
761.8 1.0 1.0 1.0 1.482 0.545 0.346 0.015 0.01 0.006
761.9 1.0 1.0 1.0 1.482 0.545 0.346 0.015 0.01 0.006
762.0 1.0 1.0 1.0 1.482 0.545 0.346 0.015 0.01 0.006
762.1 1.0 1.0 1.0 1.482 0.545 0.346 0.015 0.01 0.006
762.2 1.0 1.0 1.0 1.482 0.545 0.346 0.015 0.01 0.006
762.3 1.0 1.0 1.0 1.482 0.545 0.346 0.015 0.01 0.006
762.4 1.0 1.0 1.0 1.482 0.545 0.346 0.015 0.01 0.006
762.5 1.0 1.0 1.0 1.482 0.545 0.346 0.015 0.01 0.006
762.6 1.0 1.0 1.0 1.482 0.545 0.346 0.015 0.01 0.006
762.7 1.0 1.0 1.0 1.482 0.545 0.346 0.015 0.01 0.006
762.8 1.0 1.0 1.0 1.482 0.545 0.346 0.015 0.01 0.006
762.9 1.0 1.0 1.0 1.482 0.545 0.346 0.015 0.01 0.006
763.0 1.0 1.0 1.0 1.482 0.545 0.346 0.015 0.01 0.006
763.1 1.0 1.0 1.0 1.482 0.545 0.346 0.015 0.01 0.006
763.2 1.0 1.0 1.0 1.482 0.545 0.346 0.015 0.01 0.006
763.3 1.0 1.0 1.0 1.482 0.545 0.346 0.015 0.01 0.006
763.4 1.0 1.0 1.0 1.482 0.545 0.346 0.015 0.01 0.006
763.5 1.0 1.0 1.0 1.482 0.545 0.346 0.015 0.01 0.006
763.6 1.0 1.0 1.0 1.482 0.545 0.346 0.015 0.01 0.006
763.7 1.0 1.0 1.0 1.482 0.545 0.346 0.015 0.01 0.006
763.8 1.0 1.0 1.0 1.482 0.545 0.346 0.015 0.01 0.006
763.9 1.0 1.0 1.0 1.482 0.545 0.346 0.015 0.01 0.006
764.0 1.0 1.0 1.0 1.482 0.545 0.346 0.015 0.01 0.006
764.1 1.0 1.0 1.0 1.482 0.545 0.346 0.015 0.01 0.006
764.2 1.0 1.0 1.0 1.482 0.545 0.346 0.015 0.01 0.006
764.3 1.0 1.0 1.0 1.482 0.545 0.346 0.015 0.01 0.006
764.4 1.0 1.0 1.0 1.482 0.545 0.346 0.015 0.01 0.006
764.5 1.0 1.0 1.0 1.482 0.545 0.346 0.015 0.01 0.006
764.6 1.0 1.0 1.0 1.482 0.545 0.346 0.015 0.01 0.006
764.7 1.0 1.0 1.0 1.482 0.545 0.346 0.015 0.01 0.006
764.8 1.0 1.0 1.0 1.482 0.545 0.346 0.015 0.01 0.006
764.9 1.0 1.0 1.0 1.482 0.545 0.346 0.015 0.01 0.006
765.0 1.0 1.0 1.0 1.482 0.545 0.346 0.015 0.01 0.006
765.1 1.0 1.0 1.0 1.482 0.545 0.346 0.015 0.01 0.006
765.2 1.0 1.0 1.0 1.482 0.545 0.346 0.015 0.01 0.006
765.3 1.0 1.0 1.0 1.482 0.545 0.346 0.015 0.01 0.006
765.4 1.0 1.0 1.0 1.482 0.545 0.346 0.015 0.01 0.006
765.5 1.0 1.0 1.0 1.482 0.545 0.346 0.015 0.01 0.006
765.6 1.0 1.0 1.0 1.482 0.545 0.346 0.015 0.01 0.006
765.7 1.0 1.0 1.0 1.482 0.545 0.346 0.015 0.01 0.006
765.8 1.0 1.0 1.0 1.482 0.545 0.346 0.015 0.01 0.006
765.9 1.0 1.0 1.0 1.482 0.545 0.346 0.015 0.01 0.006
766.0 1.0 1.0 1.0 1.482 0.545 0.346 0.015 0.01 0.006
766.1 1.0 1.0 1.0 1.482 0.545 0.346 0.015 0.01 0.006
766.2 1.0 1.0 1.0 1.482 0.545 0.346 0.015 0.01 0.006
766.3 1.0 1.0 1.0 1.482 0.545 0.346 0.015 0.01 0.006
766.4 1.0 1.0 1.0 1.482 0.545 0.346 0.015 0.01 0.006
766.5 1.0 1.0 1.0 1.482 0.545 0.346 0.015 0.01 0.006
766.6 1.0 1.0 1.0 1.482 0.545 0.346 0.015 0.01 0.006
766.7 1.0 1.0 1.0 1.482 0.545 0.346 0.015 0.01 0.006
766.8 1.0 1.0 1.0 1.482 0.545 0.346 0.015 0.01 0.006
766.9 1.0 1.0 1.0 1.482 0.545 0.346 0.015 0.01 0.006
767.0 1.0 1.0 1.0 1.482 0.545 0.346 0.015 0.01 0.006
767.1 1.0 1.0 1.0 1.482 0.545 0.346 0.015 0.01 0.006
767.2 1.0 1.0 1.0 1.482 0.545 0.346 0.015 0.01 0.006
767.3 1.0 1.0 1.0 1.482 0.545 0.346 0.015 0.01 0.006
767.4 1.0 1.0 1.0 1.482 0.545 0.346 0.015 0.01 0.006
767.5 1.0 1.0 1.0 1.482 0.545 0.346 0.015 0.01 0.006
767.6 1.0 1.0 1.0 1.482 0.545 0.346 0.015 0.01 0.006
767.7 1.0 1.0 1.0 1.482 0.545 0.346 0.015 0.01 0.006
767.8 1.0 1.0 1.0 1.482 0.545 0.346 0.015 0.01 0.006
767.9 1.0 1.0 1.0 1.482 0.545 0.346 0.015 0.01 0.006
768.0 1.0 1.0 1.0 1.482 0.545 0.346 0.015 0.01 0.006
768.1 1.0 1.0 1.0 1.482 0.545 0.346 0.015 0.01 0.006
768.2 1.0 1.0 1.0 1.482 0.545 0.346 0.015 0.01 0.006
768.3 1.0 1.0 1.0 1.482 0.545 0.346 0.015 0.01 0.006
768.4 1.0 1.0 1.0 1.482 0.545 0.346 0.015 0.01 0.006
768.5 1.0 1.0 1.0 1.482 0.545 0.346 0.015 0.01 0.006
768.6 1.0 1.0 1.0 1.482 0.545 0.346 0.015 0.01 0.006
768.7 1.0 1.0 1.0 1.482 0.545 0.346 0.015 0.01 0.006
768.8 1.0 1.0 1.0 1.482 0.545 0.346 0.015 0.01 0.006
768.9 1.0 1.0 1.0 1.482 0.545 0.346 0.015 0.01 0.006
769.0 1.0 1.0 1.0 1.482 0.545 0.346 0.015 0.01 0.006
769.1 1.0 1.0 1.0 1.482 0.545 0.346 0.015 0.01 0.006
769.2 1.0 1.0 1.0 1.482 0.545 0.346 0.015 0.01 0.006
769.3 1.0 1.0 1.0 1.482 0.545 0.346 0.015 0.01 0.006
769.4 1.0 1.0 1.0 1.482 0.545 0.346 0.015 0.01 0.006
769.5 1.0 1.0 1.0 1.482 0.545 0.346 0.015 0.01 0.006
769.6 1.0 1.0 1.0 1.482 0.545 0.346 0.015 0.01 0.006
769.7 1.0 1.0 1.0 1.482 0.545 0.346 0.015 0.01 0.006
769.8 1.0 1.0 1.0 1.482 0.545 0.346 0.015 0.01 0.006
769.9 1.0 1.0 1.0 1.482 0.545 0.346 0.015 0.01 0.006
770.0 1.0 1.0 1.0 1.482 0.545 0.346 0.015 0.01 0.006
770.1 1.0 1.0 1.0 1.482 0.545 0.346 0.015 0.01 0.006
770.2 1.0 1.0 1.0 1.482 0.545 0.346 0.015 0.01 0.006
770.3 1.0 1.0 1.0 1.482 0.545 0.346 0.015 0.01 0.006
770.4 1.0 1.0 1.0 1.482 0.545 0.346 0.015 0.01 0.006
770.5 1.0 1.0 1.0 1.482 0.545 0.346 0.015 0.01 0.006
770.6 1.0 1.0 1.0 1.482 0.545 0.346 0.015 0.01 0.006
770.7 1.0 1.0 1.0 1.482 0.545 0.346 0.015 0.01 0.006
770.8 1.0 1.0 1.0 1.482 0.545 0.346 0.015 0.01 0.006
770.9 1.0 1.0 1.0 1.482 0.545 0.346 0.015 0.01 0.006
771.0 1.0 1.0 1.0 1.482 0.545 0.346 0.015 0.01 0.006
771.1 1.0 1.0 1.0 1.482 0.545 0.346 0.015 0.01 0.006
771.2 1.0 1.0 1.0 1.482 0.545 0.346 0.015 0.01 0.006
771.3 1.0 1.0 1.0 1.482 0.545 0.346 0.015 0.01 0.006
771.4 1.0 1.0 1.0 1.482 0.545 0.346 0.015 0.01 0.006
771.5 1.0 1.0 1.0 1.482 0.545 0.346 0.015 0.01 0.006
771.6 1.0 1.0 1.0 1.482 0.545 0.346 0.015 0.01 0.006
771.7 1.0 1.0 1.0 1.482 0.545 0.346 0.015 0.01 0.006
771.8 1.0 1.0 1.0 1.482 0.545 0.346 0.015 0.01 0.006
771.9 1.0 1.0 1.0 1.482 0.545 0.346 0.015 0.01 0.006
772.0 1.0 1.0 1.0 1.482 0.545 0.346 0.015 0.01 0.006
772.1 1.0 1.0 1.0 1.482 0.545 0.346 0.015 0.01 0.006
772.2 1.0 1.0 1.0 1.482 0.545 0.346 0.015 0.01 0.006
772.3 1.0 1.0 1.0 1.482 0.545 0.346 0.015 0.01 0.006
772.4 1.0 1.0 1.0 1.482 0.545 0.346 0.015 0.01 0.006
772.5 1.0 1.0 1.0 1.482 0.545 0.346 0.015 0.01 0.006
772.6 1.0 1.0 1.0 1.482 0.545 0.346 0.015 0.01 0.006
772.7 1.0 1.0 1.0 1.482 0.545 0.346 0.015 0.01 0.006
772.8 1.0 1.0 1.0 1.482 0.545 0.346 0.015 0.01 0.006
772.9 1.0 1.0 1.0 1.482 0.545 0.346 0.015 0.01 0.006
773.0 1.0 1.0 1.0 1.482 0.545 0.346 0.015 0.01 0.006
773.1 1.0 1.0 1.0 1.482 0.545 0.346 0.015 0.01 0.006
773.2 1.0 1.0 1.0 1.482 0.545 0.346 0.015 0.01 0.006
773.3 1.0 1.0 1.0 1.482 0.545 0.346 0.015 0.01 0.006
773.4 1.0 1.0 1.0 1.482 0.545 0.346 0.015 0.01 0.006
773.5 1.0 1.0 1.0 1.482 0.545 0.346 0.015 0.01 0.006
773.6 1.0 1.0 1.0 1.482 0.545 0.346 0.015 0.01 0.006
773.7 1.0 1.0 1.0 1.482 0.545 0.346 0.015 0.01 0.006
773.8 1.0 1.0 1.0 1.482 0.545 0.346 0.015 0.01 0.006
773.9 1.0 1.0 1.0 1.482 0.545 0.346 0.015 0.01 0.006
774.0 1.0 1.0 1.0 1.482 0.545 0.346 0.015 0.01 0.006
774.1 1.0 1.0 1.0 1.482 0.545 0.346 0.015 0.01 0.006
774.2 1.0 1.0 1.0 1.482 0.545 0.346 0.015 0.01 0.006
774.3 1.0 1.0 1.0 1.482 0.545 0.346 0.015 0.01 0.006
774.4 1.0 1.0 1.0 1.482 0.545 0.346 0.015 0.01 0.006
774.5 1.0 1.0 1.0 1.482 0.545 0.346 0.015 0.01 0.006
774.6 1.0 1.0 1.0 1.482 0.545 0.346 0.015 0.01 0.006
774.7 1.0 1.0 1.0 1.482 0.545 0.346 0.015 0.01 0.006
774.8 1.0 1.0 1.0 1.482 0.545 0.346 0.015 0.01 0.006
774.9 1.0 1.0 1.0 1.482 0.545 0.346 0.015 0.01 0.006
775.0 1.0 1.0 1.0 1.482 0.545 0.346 0.015 0.01 0.006
775.1 1.0 1.0 1.0 1.482 0.545 0.346 0.015 0.01 0.006
775.2 1.0 1.0 1.0 1.482 0.545 0.346 0.015 0.01 0.006
775.3 1.0 1.0 1.0 1.482 0.545 0.346 0.015 0.01 0.006
775.4 1.0 1.0 1.0 1.482 0.545 0.346 0.015 0.01 0.006
775.5 1.0 1.0 1.0 1.482 0.545 0.346 0.015 0.01 0.006
775.6 1.0 1.0 1.0 1.482 0.545 0.346 0.015 0.01 0.006
775.7 1.0 1.0 1.0 1.482 0.545 0.346 0.015 0.01 0.006
775.8 1.0 1.0 1.0 1.482 0.545 0.346 0.015 0.01 0.006
775.9 1.0 1.0 1.0 1.482 0.545 0.346 0.015 0.01 0.006
776.0 1.0 1.0 1.0 1.482 0.545 0.346 0.015 0.01 0.006
776.1 1.0 1.0 1.0 1.482 0.545 0.346 0.015 0.01 0.006
776.2 1.0 1.0 1.0 1.482 0.545 0.346 0.015 0.01 0.006
776.3 1.0 1.0 1.0 1.482 0.545 0.346 0.015 0.01 0.006
776.4 1.0 1.0 1.0 1.482 0.545 0.346 0.015 0.01 0.006
776.5 1.0 1.0 1.0 1.482 0.545 0.346 0.015 0.01 0.006
776.6 1.0 1.0 1.0 1.482 0.545 0.346 0.015 0.01 0.006
776.7 1.0 1.0 1.0 1.482 0.545 0.346 0.015 0.01 0.006
776.8 1.0 1.0 1.0 1.482 0.545 0.346 0.015 0.01 0.006
776.9 1.0 1.0 1.0 1.482 0.545 0.346 0.015 0.01 0.006
777.0 1.0 1.0 1.0 1.482 0.545 0.346 0.015 0.01 0.006
777.1 1.0 1.0 1.0 1.482 0.545 0.346 0.015 0.01 0.006
777.2 1.0 1.0 1.0 1.482 0.545 0.346 0.015 0.01 0.006
777.3 1.0 1.0 1.0 1.482 0.545 0.346 0.015 0.01 0.006
777.4 1.0 1.0 1.0 1.482 0.545 0.346 0.015 0.01 0.006
777.5 1.0 1.0 1.0 1.482 0.545 0.346 0.015 0.01 0.006
777.6 1.0 1.0 1.0 1.482 0.545 0.346 0.015 0.01 0.006
777.7 1.0 1.0 1.0 1.482 0.545 0.346 0.015 0.01 0.006
777.8 1.0 1.0 1.0 1.482 0.545 0.346 0.015 0.01 0.006
777.9 1.0 1.0 1.0 1.482 0.545 0.346 0.015 0.01 0.006
778.0 1.0 1.0 1.0 1.482 0.545 0.346 0.015 0.01 0.006
778.1 1.0 1.0 1.0 1.482 0.545 0.346 0.015 0.01 0.006
778.2 1.0 1.0 1.0 1.482 0.545 0.346 0.015 0.01 0.006
778.3 1.0 1.0 1.0 1.482 0.545 0.346 0.015 0.01 0.006
778.4 1.0 1.0 1.0 1.482 0.545 0.346 0.015 0.01 0.006
778.5 1.0 1.0 1.0 1.482 0.545 0.346 0.015 0.01 0.006
778.6 1.0 1.0 1.0 1.482 0.545 0.346 0.015 0.01 0.006
778.7 1.0 1.0 1.0 1.482 0.545 0.346 0.015 0.01 0.006
778.8 1.0 1.0 1.0 1.482 0.545 0.346 0.015 0.01 0.006
778.9 1.0 1.0 1.0 1.482 0.545 0.346 0.015 0.01 0.006
779.0 1.0 1.0 1.0 1.482 0.545 0.346 0.015 0.01 0.006
779.1 1.0 1.0 1.0 1.482 0.545 0.346 0.015 0.01 0.006
779.2 1.0 1.0 1.0 1.482 0.545 0.346 0.015 0.01 0.006
779.3 1.0 1.0 1.0 1.482 0.545 0.346 0.015 0.01 0.006
779.4 1.0 1.0 1.0 1.482 0.545 0.346 0.015 0.01 0.006
779.5 1.0 1.0 1.0 1.482 0.545 0.346 0.015 0.01 0.006
779.6 1.0 1.0 1.0 1.482 0.545 0.346 0.015 0.01 0.006
779.7 1.0 1.0 1.0 1.482 0.545 0.346 0.015 0.01 0.006
779.8 1.0 1.0 1.0 1.482 0.545 0.346 0.015 0.01 0.006
779.9 1.0 1.0 1.0 1.482 0.545 0.346 0.015 0.01 0.006
780.0 1.0 1.0 1.0 1.482 0.545 0.346 0.015 0.01 0.006
780.1 1.0 1.0 1.0 1.482 0.545 0.346 0.015 0.01 0.006
780.2 1.0 1.0 1.0 1.482 0.545 0.346 0.015 0.01 0.006
780.3 1.0 1.0 1.0 1.482 0.545 0.346 0.015 0.01 0.006
780.4 1.0 1.0 1.0 1.482 0.545 0.346 0.015 0.01 0.006
780.5 1.0 1.0 1.0 1.482 0.545 0.346 0.015 0.01 0.006
780.6 1.0 1.0 1.0 1.482 0.545 0.346 0.015 0.01 0.006
780.7 1.0 1.0 1.0 1.482 0.545 0.346 0.015 0.01 0.006
780.8 1.0 1.0 1.0 1.482 0.545 0.346 0.015 0.01 0.006
780.9 1.0 1.0 1.0 1.482 0.545 0.346 0.015 0.01 0.006
781.0 1.0 1.0 1.0 1.482 0.545 0.346 0.015 0.01 0.006
781.1 1.0 1.0 1.0 1.482 0.545 0.346 0.015 0.01 0.006
781.2 1.0 1.0 1.0 1.482 0.545 0.346 0.015 0.01 0.006
781.3 1.0 1.0 1.0 1.482 0.545 0.346 0.015 0.01 0.006
781.4 1.0 1.0 1.0 1.482 0.545 0.346 0.015 0.01 0.006
781.5 1.0 1.0 1.0 1.482 0.545 0.346 0.015 0.01 0.006
781.6 1.0 1.0 1.0 1.482 0.545 0.346 0.015 0.01 0.006
781.7 1.0 1.0 1.0 1.482 0.545 0.346 0.015 0.01 0.006
781.8 1.0 1.0 1.0 1.482 0.545 0.346 0.015 0.01 0.006
781.9 1.0 1.0 1.0 1.482 0.545 0.346 0.015 0.01 0.006
782.0 1.0 1.0 1.0 1.482 0.545 0.346 0.015 0.01 0.006
782.1 1.0 1.0 1.0 1.482 0.545 0.346 0.015 0.01 0.006
782.2 1.0 1.0 1.0 1.482 0.545 0.346 0.015 0.01 0.006
782.3 1.0 1.0 1.0 1.482 0.545 0.346 0.015 0.01 0.006
782.4 1.0 1.0 1.0 1.482 0.545 0.346 0.015 0.01 0.006
782.5 1.0 1.0 1.0 1.482 0.545 0.346 0.015 0.01 0.006
782.6 1.0 1.0 1.0 1.482 0.545 0.346 0.015 0.01 0.006
782.7 1.0 1.0 1.0 1.482 0.545 0.346 0.015 0.01 0.006
782.8 1.0 1.0 1.0 1.482 0.545 0.346 0.015 0.01 0.006
782.9 1.0 1.0 1.0 1.482 0.545 0.346 0.015 0.01 0.006
783.0 1.0 1.0 1.0 1.482 0.545 0.346 0.015 0.01 0.006
783.1 1.0 1.0 1.0 1.482 0.545 0.346 0.015 0.01 0.006
783.2 1.0 1.0 1.0 1.482 0.545 0.346 0.015 0.01 0.006
783.3 1.0 1.0 1.0 1.482 0.545 0.346 0.015 0.01 0.006
783.4 1.0 1.0 1.0 1.482 0.545 0.346 0.015 0.01 0.006
783.5 1.0 1.0 1.0 1.482 0.545 0.346 0.015 0.01 0.006
783.6 1.0 1.0 1.0 1.482 0.545 0.346 0.015 0.01 0.006
783.7 1.0 1.0 1.0 1.482 0.545 0.346 0.015 0.01 0.006
783.8 1.0 1.0 1.0 1.482 0.545 0.346 0.015 0.01 0.006
783.9 1.0 1.0 1.0 1.482 0.545 0.346 0.015 0.01 0.006
784.0 1.0 1.0 1.0 1.482 0.545 0.346 0.015 0.01 0.006
784.1 1.0 1.0 1.0 1.482 0.545 0.346 0.015 0.01 0.006
784.2 1.0 1.0 1.0 1.482 0.545 0.346 0.015 0.01 0.006
784.3 1.0 1.0 1.0 1.482 0.545 0.346 0.015 0.01 0.006
784.4 1.0 1.0 1.0 1.482 0.545 0.346 0.015 0.01 0.006
784.5 1.0 1.0 1.0 1.482 0.545 0.346 0.015 0.01 0.006
784.6 1.0 1.0 1.0 1.482 0.545 0.346 0.015 0.01 0.006
784.7 1.0 1.0 1.0 1.482 0.545 0.346 0.015 0.01 0.006
784.8 1.0 1.0 1.0 1.482 0.545 0.346 0.015 0.01 0.006
784.9 1.0 1.0 1.0 1.482 0.545 0.346 0.015 0.01 0.006
785.0 1.0 1.0 1.0 1.482 0.545 0.346 0.015 0.01 0.006
785.1 1.0 1.0 1.0 1.482 0.545 0.346 0.015 0.01 0.006
785.2 1.0 1.0 1.0 1.482 0.545 0.346 0.015 0.01 0.006
785.3 1.0 1.0 1.0 1.482 0.545 0.346 0.015 0.01 0.006
785.4 1.0 1.0 1.0 1.482 0.545 0.346 0.015 0.01 0.006
785.5 1.0 1.0 1.0 1.482 0.545 0.346 0.015 0.01 0.006
785.6 1.0 1.0 1.0 1.482 0.545 0.346 0.015 0.01 0.006
785.7 1.0 1.0 1.0 1.482 0.545 0.346 0.015 0.01 0.006
785.8 1.0 1.0 1.0 1.482 0.545 0.346 0.015 0.01 0.006
785.9 1.0 1.0 1.0 1.482 0.545 0.346 0.015 0.01 0.006
786.0 1.0 1.0 1.0 1.482 0.545 0.346 0.015 0.01 0.006
786.1 1.0 1.0 1.0 1.482 0.545 0.346 0.015 0.01 0.006
786.2 1.0 1.0 1.0 1.482 0.545 0.346 0.015 0.01 0.006
786.3 1.0 1.0 1.0 1.482 0.545 0.346 0.015 0.01 0.006
786.4 1.0 1.0 1.0 1.482 0.545 0.346 0.015 0.01 0.006
786.5 1.0 1.0 1.0 1.482 0.545 0.346 0.015 0.01 0.006
786.6 1.0 1.0 1.0 1.482 0.545 0.346 0.015 0.01 0.006
786.7 1.0 1.0 1.0 1.482 0.545 0.346 0.015 0.01 0.006
786.8 1.0 1.0 1.0 1.482 0.545 0.346 0.015 0.01 0.006
786.9 1.0 1.0 1.0 1.482 0.545 0.346 0.015 0.01 0.006
787.0 1.0 1.0 1.0 1.482 0.545 0.346 0.015 0.01 0.006
787.1 1.0 1.0 1.0 1.482 0.545 0.346 0.015 0.01 0.006
787.2 1.0 1.0 1.0 1.482 0.545 0.346 0.015 0.01 0.006
787.3 1.0 1.0 1.0 1.482 0.545 0.346 0.015 0.01 0.006
787.4 1.0 1.0 1.0 1.482 0.545 0.346 0.015 0.01 0.006
787.5 1.0 1.0 1.0 1.482 0.545 0.346 0.015 0.01 0.006
787.6 1.0 1.0 1.0 1.482 0.545 0.346 0.015 0.01 0.006
787.7 1.0 1.0 1.0 1.482 0.545 0.346 0.015 0.01 0.006
787.8 1.0 1.0 1.0 1.482 0.545 0.346 0.015 0.01 0.006
787.9 1.0 1.0 1.0 1.482 0.545 0.346 0.015 0.01 0.006
788.0 1.0 1.0 1.0 1.482 0.545 0.346 0.015 0.01 0.006
788.1 1.0 1.0 1.0 1.482 0.545 0.346 0.015 0.01 0.006
788.2 1.0 1.0 1.0 1.482 0.545 0.346 0.015 0.01 0.006
788.3 1.0 1.0 1.0 1.482 0.545 0.346 0.015 0.01 0.006
788.4 1.0 1.0 1.0 1.482 0.545 0.346 0.015 0.01 0.006
788.5 1.0 1.0 1.0 1.482 0.545 0.346 0.015 0.01 0.006
788.6 1.0 1.0 1.0 1.482 0.545 0.346 0.015 0.01 0.006
788.7 1.0 1.0 1.0 1.482 0.545 0.346 0.015 0.01 0.006
788.8 1.0 1.0 1.0 1.482 0.545 0.346 0.015 0.01 0.006
788.9 1.0 1.0 1.0 1.482 0.545 0.346 0.015 0.01 0.006
789.0 1.0 1.0 1.0 1.482 0.545 0.346 0.015 0.01 0.006
789.1 1.0 1.0 1.0 1.482 0.545 0.346 0.015 0.01 0.006
789.2 1.0 1.0 1.0 1.482 0.545 0.346 0.015 0.01 0.006
789.3 1.0 1.0 1.0 1.482 0.545 0.346 0.015 0.01 0.006
789.4 1.0 1.0 1.0 1.482 0.545 0.346 0.015 0.01 0.006
789.5 1.0 1.0 1.0 1.482 0.545 0.346 0.015 0.01 0.006
789.6 1.0 1.0 1.0 1.482 0.545 0.346 0.015 0.01 0.006
789.7 1.0 1.0 1.0 1.482 0.545 0.346 0.015 0.01 0.006
789.8 1.0 1.0 1.0 1.482 0.545 0.346 0.015 0.01 0.006
789.9 1.0 1.0 1.0 1.482 0.545 0.346 0.015 0.01 0.006
790.0 1.0 1.0 1.0 1.482 0.545 0.346 0.015 0.01 0.006
790.1 1.0 1.0 1.0 1.482 0.545 0.346 0.015 0.01 0.006
790.2 1.0 1.0 1.0 1.482 0.545 0.346 0.015 0.01 0.006
790.3 1.0 1.0 1.0 1.482 0.545 0.346 0.015 0.01 0.006
790.4 1.0 1.0 1.0 1.482 0.545 0.346 0.015 0.01 0.006
790.5 1.0 1.0 1.0 1.482 0.545 0.346 0.015 0.01 0.006
790.6 1.0 1.0 1.0 1.482 0.545 0.346 0.015 0.01 0.006
790.7 1.0 1.0 1.0 1.482 0.545 0.346 0.015 0.01 0.006
790.8 1.0 1.0 1.0 1.482 0.545 0.346 0.015 0.01 0.006
790.9 1.0 1.0 1.0 1.482 0.545 0.346 0.015 0.01 0.006
791.0 1.0 1.0 1.0 1.482 0.545 0.346 0.015 0.01 0.006
791.1 1.0 1.0 1.0 1.482 0.545 0.346 0.015 0.01 0.006
791.2 1.0 1.0 1.0 1.482 0.545 0.346 0.015 0.01 0.006
791.3 1.0 1.0 1.0 1.482 0.545 0.346 0.015 0.01 0.006
791.4 1.0 1.0 1.0 1.482 0.545 0.346 0.015 0.01 0.006
791.5 1.0 1.0 1.0 1.482 0.545 0.346 0.015 0.01 0.006
791.6 1.0 1.0 1.0 1.482 0.545 0.346 0.015 0.01 0.006
791.7 1.0 1.0 1.0 1.482 0.545 0.346 0.015 0.01 0.006
791.8 1.0 1.0 1.0 1.482 0.545 0.346 0.015 0.01 0.006
791.9 1.0 1.0 1.0 1.482 0.545 0.346 0.015 0.01 0.006
792.0 1.0 1.0 1.0 1.482 0.545 0.346 0.015 0.01 0.006
792.1 1.0 1.0 1.0 1.482 0.545 0.346 0.015 0.01 0.006
792.2 1.0 1.0 1.0 1.482 0.545 0.346 0.015 0.01 0.006
792.3 1.0 1.0 1.0 1.482 0.545 0.346 0.015 0.01 0.006
792.4 1.0 1.0 1.0 1.482 0.545 0.346 0.015 0.01 0.006
792.5 1.0 1.0 1.0 1.482 0.545 0.346 0.015 0.01 0.006
792.6 1.0 1.0 1.0 1.482 0.545 0.346 0.015 0.01 0.006
792.7 1.0 1.0 1.0 1.482 0.545 0.346 0.015 0.01 0.006
792.8 1.0 1.0 1.0 1.482 0.545 0.346 0.015 0.01 0.006
792.9 1.0 1.0 1.0 1.482 0.545 0.346 0.015 0.01 0.006
793.0 1.0 1.0 1.0 1.482 0.545 0.346 0.015 0.01 0.006
793.1 1.0 1.0 1.0 1.482 0.545 0.346 0.015 0.01 0.006
793.2 1.0 1.0 1.0 1.482 0.545 0.346 0.015 0.01 0.006
793.3 1.0 1.0 1.0 1.482 0.545 0.346 0.015 0.01 0.006
793.4 1.0 1.0 1.0 1.482 0.545 0.346 0.015 0.01 0.006
793.5 1.0 1.0 1.0 1.482 0.545 0.346 0.015 0.01 0.006
793.6 1.0 1.0 1.0 1.482 0.545 0.346 0.015 0.01 0.006
793.7 1.0 1.0 1.0 1.482 0.545 0.346 0.015 0.01 0.006
793.8 1.0 1.0 1.0 1.482 0.545 0.346 0.015 0.01 0.006
793.9 1.0 1.0 1.0 1.482 0.545 0.346 0.015 0.01 0.006
794.0 1.0 1.0 1.0 1.482 0.545 0.346 0.015 0.01 0.006
794.1 1.0 1.0 1.0 1.482 0.545 0.346 0.015 0.01 0.006
794.2 1.0 1.0 1.0 1.482 0.545 0.346 0.015 0.01 0.006
794.3 1.0 1.0 1.0 1.482 0.545 0.346 0.015 0.01 0.006
794.4 1.0 1.0 1.0 1.482 0.545 0.346 0.015 0.01 0.006
794.5 1.0 1.0 1.0 1.482 0.545 0.346 0.015 0.01 0.006
794.6 1.0 1.0 1.0 1.482 0.545 0.346 0.015 0.01 0.006
794.7 1.0 1.0 1.0 1.482 0.545 0.346 0.015 0.01 0.006
794.8 1.0 1.0 1.0 1.482 0.545 0.346 0.015 0.01 0.006
794.9 1.0 1.0 1.0 1.482 0.545 0.346 0.015 0.01 0.006
795.0 1.0 1.0 1.0 1.482 0.545 0.346 0.015 0.01 0.006
795.1 1.0 1.0 1.0 1.482 0.545 0.346 0.015 0.01 0.006
795.2 1.0 1.0 1.0 1.482 0.545 0.346 0.015 0.01 0.006
795.3 1.0 1.0 1.0 1.482 0.545 0.346 0.015 0.01 0.006
795.4 1.0 1.0 1.0 1.482 0.545 0.346 0.015 0.01 0.006
795.5 1.0 1.0 1.0 1.482 0.545 0.346 0.015 0.01 0.006
795.6 1.0 1.0 1.0 1.482 0.545 0.346 0.015 0.01 0.006
795.7 1.0 1.0 1.0 1.482 0.545 0.346 0.015 0.01 0.006
795.8 1.0 1.0 1.0 1.482 0.545 0.346 0.015 0.01 0.006
795.9 1.0 1.0 1.0 1.482 0.545 0.346 0.015 0.01 0.006
796.0 1.0 1.0 1.0 1.482 0.545 0.346 0.015 0.01 0.006
796.1 1.0 1.0 1.0 1.482 0.545 0.346 0.015 0.01 0.006
796.2 1.0 1.0 1.0 1.482 0.545 0.346 0.015 0.01 0.006
796.3 1.0 1.0 1.0 1.482 0.545 0.346 0.015 0.01 0.006
796.4 1.0 1.0 1.0 1.482 0.545 0.346 0.015 0.01 0.006
796.5 1.0 1.0 1.0 1.482 0.545 0.346 0.015 0.01 0.006
796.6 1.0 1.0 1.0 1.482 0.545 0.346 0.015 0.01 0.006
796.7 1.0 1.0 1.0 1.482 0.545 0.346 0.015 0.01 0.006
796.8 1.0 1.0 1.0 1.482 0.545 0.346 0.015 0.01 0.006
796.9 1.0 1.0 1.0 1.482 0.545 0.346 0.015 0.01 0.006
797.0 1.0 1.0 1.0 1.482 0.545 0.346 0.015 0.01 0.006
797.1 1.0 1.0 1.0 1.482 0.545 0.346 0.015 0.01 0.006
797.2 1.0 1.0 1.0 1.482 0.545 0.346 0.015 0.01 0.006
797.3 1.0 1.0 1.0 1.482 0.545 0.346 0.015 0.01 0.006
797.4 1.0 1.0 1.0 1.482 0.545 0.346 0.015 0.01 0.006
797.5 1.0 1.0 1.0 1.482 0.545 0.346 0.015 0.01 0.006
797.6 1.0 1.0 1.0 1.482 0.545 0.346 0.015 0.01 0.006
797.7 1.0 1.0 1.0 1.482 0.545 0.346 0.015 0.01 0.006
797.8 1.0 1.0 1.0 1.482 0.545 0.346 0.015 0.01 0.006
797.9 1.0 1.0 1.0 1.482 0.545 0.346 0.015 0.01 0.006
798.0 1.0 1.0 1.0 1.482 0.545 0.346 0.015 0.01 0.006
798.1 1.0 1.0 1.0 1.482 0.545 0.346 0.015 0.01 0.006
798.2 1.0 1.0 1.0 1.482 0.545 0.346 0.015 0.01 0.006
798.3 1.0 1.0 1.0 1.482 0.545 0.346 0.015 0.01 0.006
798.4 1.0 1.0 1.0 1.482 0.545 0.346 0.015 0.01 0.006
798.5 1.0 1.0 1.0 1.482 0.545 0.346 0.015 0.01 0.006
798.6 1.0 1.0 1.0 1.482 0.545 0.346 0.015 0.01 0.006
798.7 1.0 1.0 1.0 1.482 0.545 0.346 0.015 0.01 0.006
798.8 1.0 1.0 1.0 1.482 0.545 0.346 0.015 0.01 0.006
798.9 1.0 1.0 1.0 1.482 0.545 0.346 0.015 0.01 0.006
799.0 1.0 1.0 1.0 1.482 0.545 0.346 0.015 0.01 0.006
799.1 1.0 1.0 1.0 1.482 0.545 0.346 0.015 0.01 0.006
799.2 1.0 1.0 1.0 1.482 0.545 0.346 0.015 0.01 0.006
799.3 1.0 1.0 1.0 1.482 0.545 0.346 0.015 0.01 0.006
799.4 1.0 1.0 1.0 1.482 0.545 0.346 0.015 0.01 0.006
799.5 1.0 1.0 1.0 1.482 0.545 0.346 0.015 0.01 0.006
799.6 1.0 1.0 1.0 1.482 0.545 0.346 0.015 0.01 0.006
799.7 1.0 1.0 1.0 1.482 0.545 0.346 0.015 0.01 0.006
799.8 1.0 1.0 1.0 1.482 0.545 0.346 0.015 0.01 0.006
