300.0 1.0 1.0 1.0 1.484 0.546 0.347 0.008 0.014 0.009
300.1 1.0 1.0 1.0 1.484 0.546 0.347 0.007 0.016 0.008
300.2 1.0 1.0 1.0 1.484 0.546 0.347 0.007 0.016 0.007
300.3 1.0 1.0 1.0 1.484 0.546 0.347 0.007 0.017 0.007
300.4 1.0 1.0 1.0 1.484 0.546 0.347 0.007 0.017 0.007
300.5 1.0 1.0 1.0 1.484 0.546 0.347 0.007 0.017 0.007
300.6 1.0 1.0 1.0 1.484 0.546 0.347 0.007 0.017 0.007
300.7 1.0 1.0 1.0 1.484 0.546 0.347 0.007 0.018 0.007
300.8 1.0 1.0 1.0 1.485 0.546 0.347 0.007 0.018 0.006
300.9 1.0 1.0 1.0 1.485 0.546 0.347 0.007 0.018 0.006
301.0 1.0 1.0 1.0 1.485 0.546 0.347 0.007 0.018 0.006
301.1 1.0 1.0 1.0 1.485 0.546 0.347 0.007 0.018 0.006
301.2 1.0 1.0 1.0 1.485 0.546 0.347 0.007 0.018 0.006
301.3 1.0 1.0 1.0 1.485 0.546 0.347 0.007 0.018 0.006
301.4 1.0 1.0 1.0 1.485 0.546 0.347 0.007 0.018 0.006
301.5 1.0 1.0 1.0 1.485 0.546 0.347 0.007 0.018 0.006
301.6 1.0 1.0 1.0 1.485 0.546 0.347 0.007 0.018 0.006
301.7 1.0 1.0 1.0 1.485 0.546 0.347 0.007 0.018 0.006
301.8 1.0 1.0 1.0 1.485 0.546 0.347 0.007 0.018 0.006
301.9 1.0 1.0 1.0 1.485 0.546 0.347 0.007 0.018 0.006
302.0 1.0 1.0 1.0 1.485 0.546 0.347 0.007 0.018 0.006
302.1 1.0 1.0 1.0 1.485 0.546 0.347 0.007 0.018 0.006
302.2 1.0 1.0 1.0 1.485 0.546 0.347 0.007 0.018 0.006
302.3 1.0 1.0 1.0 1.485 0.546 0.347 0.007 0.018 0.006
302.4 1.0 1.0 1.0 1.485 0.546 0.347 0.007 0.018 0.006
302.5 1.0 1.0 1.0 1.485 0.546 0.347 0.007 0.018 0.006
302.6 1.0 1.0 1.0 1.485 0.546 0.347 0.007 0.018 0.006
302.7 1.0 1.0 1.0 1.485 0.546 0.347 0.007 0.018 0.006
302.8 1.0 1.0 1.0 1.485 0.546 0.347 0.007 0.018 0.006
302.9 1.0 1.0 1.0 1.485 0.546 0.347 0.007 0.018 0.006
303.0 1.0 1.0 1.0 1.485 0.546 0.347 0.007 0.018 0.006
303.1 1.0 1.0 1.0 1.485 0.546 0.347 0.007 0.018 0.006
303.2 1.0 1.0 1.0 1.485 0.546 0.347 0.007 0.018 0.006
303.3 1.0 1.0 1.0 1.485 0.546 0.347 0.007 0.018 0.006
303.4 1.0 1.0 1.0 1.486 0.546 0.347 0.007 0.018 0.006
303.5 1.0 1.0 1.0 1.486 0.546 0.347 0.007 0.018 0.006
303.6 1.0 1.0 1.0 1.486 0.546 0.347 0.007 0.018 0.006
303.7 1.0 1.0 1.0 1.486 0.546 0.347 0.007 0.018 0.006
303.8 1.0 1.0 1.0 1.486 0.546 0.347 0.007 0.018 0.006
303.9 1.0 1.0 1.0 1.486 0.546 0.347 0.007 0.018 0.006
304.0 1.0 1.0 1.0 1.486 0.546 0.347 0.007 0.018 0.006
304.1 1.0 1.0 1.0 1.486 0.546 0.347 0.007 0.018 0.006
304.2 1.0 1.0 1.0 1.486 0.546 0.347 0.007 0.018 0.006
304.3 1.0 1.0 1.0 1.486 0.546 0.347 0.007 0.018 0.006
304.4 1.0 1.0 1.0 1.486 0.546 0.347 0.007 0.018 0.006
304.5 1.0 1.0 1.0 1.486 0.546 0.347 0.007 0.018 0.006
304.6 1.0 1.0 1.0 1.486 0.546 0.347 0.007 0.018 0.006
304.7 1.0 1.0 1.0 1.486 0.546 0.347 0.007 0.018 0.006
304.8 1.0 1.0 1.0 1.486 0.546 0.347 0.007 0.018 0.006
304.9 1.0 1.0 1.0 1.486 0.546 0.347 0.007 0.018 0.006
305.0 1.0 1.0 1.0 1.486 0.546 0.347 0.007 0.018 0.006
305.1 1.0 1.0 1.0 1.486 0.546 0.347 0.007 0.018 0.006
305.2 1.0 1.0 1.0 1.486 0.546 0.347 0.007 0.018 0.006
305.3 1.0 1.0 1.0 1.486 0.546 0.347 0.007 0.018 0.006
305.4 1.0 1.0 1.0 1.486 0.546 0.347 0.007 0.018 0.006
305.5 1.0 1.0 1.0 1.486 0.546 0.347 0.007 0.018 0.006
305.6 1.0 1.0 1.0 1.486 0.546 0.347 0.007 0.018 0.006
305.7 1.0 1.0 1.0 1.486 0.546 0.347 0.007 0.018 0.006
305.8 1.0 1.0 1.0 1.486 0.546 0.347 0.007 0.018 0.006
305.9 1.0 1.0 1.0 1.486 0.546 0.347 0.007 0.018 0.006
306.0 1.0 1.0 1.0 1.486 0.546 0.347 0.007 0.018 0.006
306.1 1.0 1.0 1.0 1.486 0.546 0.347 0.007 0.018 0.006
306.2 1.0 1.0 1.0 1.486 0.546 0.347 0.007 0.018 0.006
306.3 1.0 1.0 1.0 1.486 0.546 0.347 0.007 0.018 0.006
306.4 1.0 1.0 1.0 1.486 0.546 0.347 0.007 0.018 0.006
306.5 1.0 1.0 1.0 1.486 0.546 0.347 0.007 0.018 0.006
306.6 1.0 1.0 1.0 1.486 0.546 0.347 0.007 0.018 0.006
306.7 1.0 1.0 1.0 1.486 0.546 0.347 0.007 0.018 0.006
306.8 1.0 1.0 1.0 1.487 0.546 0.347 0.007 0.018 0.006
306.9 1.0 1.0 1.0 1.487 0.546 0.347 0.007 0.018 0.006
307.0 1.0 1.0 1.0 1.487 0.546 0.347 0.007 0.018 0.006
307.1 1.0 1.0 1.0 1.487 0.546 0.347 0.007 0.018 0.006
307.2 1.0 1.0 1.0 1.487 0.546 0.347 0.007 0.018 0.006
307.3 1.0 1.0 1.0 1.487 0.546 0.347 0.007 0.018 0.006
307.4 1.0 1.0 1.0 1.487 0.546 0.347 0.007 0.018 0.006
307.5 1.0 1.0 1.0 1.487 0.546 0.347 0.007 0.018 0.006
307.6 1.0 1.0 1.0 1.487 0.546 0.347 0.007 0.018 0.006
307.7 1.0 1.0 1.0 1.487 0.546 0.347 0.007 0.018 0.006
307.8 1.0 1.0 1.0 1.487 0.546 0.347 0.007 0.018 0.006
307.9 1.0 1.0 1.0 1.487 0.546 0.347 0.007 0.018 0.006
308.0 1.0 1.0 1.0 1.487 0.546 0.347 0.007 0.018 0.006
308.1 1.0 1.0 1.0 1.487 0.546 0.347 0.007 0.018 0.006
308.2 1.0 1.0 1.0 1.487 0.546 0.347 0.007 0.018 0.006
308.3 1.0 1.0 1.0 1.487 0.546 0.347 0.007 0.018 0.006
308.4 1.0 1.0 1.0 1.487 0.546 0.347 0.007 0.018 0.006
308.5 1.0 1.0 1.0 1.487 0.546 0.347 0.007 0.018 0.006
308.6 1.0 1.0 1.0 1.487 0.546 0.347 0.007 0.018 0.006
308.7 1.0 1.0 1.0 1.487 0.546 0.347 0.007 0.018 0.006
308.8 1.0 1.0 1.0 1.487 0.546 0.347 0.007 0.018 0.006
308.9 1.0 1.0 1.0 1.487 0.546 0.347 0.007 0.018 0.006
309.0 1.0 1.0 1.0 1.487 0.546 0.347 0.007 0.018 0.006
309.1 1.0 1.0 1.0 1.487 0.546 0.347 0.007 0.018 0.006
309.2 1.0 1.0 1.0 1.487 0.546 0.347 0.007 0.018 0.006
309.3 1.0 1.0 1.0 1.487 0.546 0.347 0.007 0.018 0.006
309.4 1.0 1.0 1.0 1.487 0.546 0.347 0.007 0.018 0.006
309.5 1.0 1.0 1.0 1.487 0.546 0.347 0.007 0.018 0.006
309.6 1.0 1.0 1.0 1.487 0.546 0.347 0.007 0.018 0.006
309.7 1.0 1.0 1.0 1.487 0.546 0.347 0.007 0.018 0.006
309.8 1.0 1.0 1.0 1.487 0.546 0.347 0.007 0.018 0.006
309.9 1.0 1.0 1.0 1.487 0.546 0.347 0.007 0.018 0.006
310.0 1.0 1.0 1.0 1.487 0.546 0.347 0.007 0.018 0.006
310.1 1.0 1.0 1.0 1.487 0.546 0.347 0.007 0.018 0.006
310.2 1.0 1.0 1.0 1.487 0.546 0.347 0.007 0.018 0.006
310.3 1.0 1.0 1.0 1.487 0.546 0.347 0.007 0.018 0.006
310.4 1.0 1.0 1.0 1.487 0.546 0.347 0.007 0.018 0.006
310.5 1.0 1.0 1.0 1.487 0.546 0.347 0.007 0.018 0.006
310.6 1.0 1.0 1.0 1.487 0.546 0.347 0.007 0.018 0.006
310.7 1.0 1.0 1.0 1.487 0.546 0.347 0.007 0.018 0.006
310.8 1.0 1.0 1.0 1.487 0.546 0.347 0.007 0.018 0.006
310.9 1.0 1.0 1.0 1.487 0.546 0.347 0.007 0.018 0.006
311.0 1.0 1.0 1.0 1.487 0.546 0.347 0.007 0.018 0.006
311.1 1.0 1.0 1.0 1.488 0.546 0.347 0.007 0.018 0.006
311.2 1.0 1.0 1.0 1.488 0.546 0.347 0.007 0.018 0.006
311.3 1.0 1.0 1.0 1.488 0.546 0.347 0.007 0.018 0.006
311.4 1.0 1.0 1.0 1.488 0.546 0.347 0.007 0.018 0.006
311.5 1.0 1.0 1.0 1.488 0.546 0.347 0.007 0.018 0.006
311.6 1.0 1.0 1.0 1.488 0.546 0.347 0.007 0.018 0.006
311.7 1.0 1.0 1.0 1.488 0.546 0.347 0.007 0.018 0.006
311.8 1.0 1.0 1.0 1.488 0.546 0.347 0.007 0.018 0.006
311.9 1.0 1.0 1.0 1.488 0.546 0.347 0.007 0.018 0.006
312.0 1.0 1.0 1.0 1.488 0.547 0.347 0.007 0.018 0.006
312.1 1.0 1.0 1.0 1.488 0.547 0.347 0.007 0.018 0.006
312.2 1.0 1.0 1.0 1.488 0.547 0.347 0.007 0.018 0.006
312.3 1.0 1.0 1.0 1.488 0.547 0.347 0.007 0.018 0.006
312.4 1.0 1.0 1.0 1.488 0.547 0.347 0.007 0.018 0.006
312.5 1.0 1.0 1.0 1.488 0.547 0.347 0.007 0.018 0.006
312.6 1.0 1.0 1.0 1.488 0.547 0.347 0.007 0.018 0.006
312.7 1.0 1.0 1.0 1.488 0.547 0.347 0.007 0.018 0.006
312.8 1.0 1.0 1.0 1.488 0.547 0.347 0.007 0.018 0.006
312.9 1.0 1.0 1.0 1.488 0.547 0.347 0.007 0.018 0.006
313.0 1.0 1.0 1.0 1.488 0.547 0.347 0.007 0.018 0.006
313.1 1.0 1.0 1.0 1.488 0.547 0.347 0.007 0.018 0.006
313.2 1.0 1.0 1.0 1.488 0.547 0.347 0.007 0.018 0.006
313.3 1.0 1.0 1.0 1.488 0.547 0.347 0.007 0.018 0.006
313.4 1.0 1.0 1.0 1.488 0.547 0.347 0.007 0.018 0.006
313.5 1.0 1.0 1.0 1.488 0.547 0.347 0.007 0.018 0.006
313.6 1.0 1.0 1.0 1.488 0.547 0.347 0.007 0.018 0.006
313.7 1.0 1.0 1.0 1.488 0.547 0.347 0.007 0.018 0.006
313.8 1.0 1.0 1.0 1.488 0.547 0.347 0.007 0.018 0.006
313.9 1.0 1.0 1.0 1.488 0.547 0.347 0.007 0.018 0.006
314.0 1.0 1.0 1.0 1.488 0.547 0.347 0.007 0.018 0.006
314.1 1.0 1.0 1.0 1.488 0.547 0.348 0.007 0.018 0.006
314.2 1.0 1.0 1.0 1.488 0.547 0.348 0.007 0.018 0.006
314.3 1.0 1.0 1.0 1.488 0.547 0.348 0.007 0.018 0.006
314.4 1.0 1.0 1.0 1.488 0.547 0.348 0.007 0.018 0.006
314.5 1.0 1.0 1.0 1.488 0.547 0.348 0.007 0.018 0.006
314.6 1.0 1.0 1.0 1.488 0.547 0.348 0.007 0.018 0.006
314.7 1.0 1.0 1.0 1.488 0.547 0.348 0.007 0.018 0.006
314.8 1.0 1.0 1.0 1.488 0.547 0.348 0.007 0.018 0.006
314.9 1.0 1.0 1.0 1.488 0.547 0.348 0.007 0.018 0.006
315.0 1.0 1.0 1.0 1.488 0.547 0.348 0.007 0.018 0.006
315.1 1.0 1.0 1.0 1.488 0.547 0.348 0.007 0.018 0.006
315.2 1.0 1.0 1.0 1.488 0.547 0.348 0.007 0.018 0.006
315.3 1.0 1.0 1.0 1.488 0.547 0.348 0.007 0.018 0.006
315.4 1.0 1.0 1.0 1.488 0.547 0.348 0.007 0.018 0.006
315.5 1.0 1.0 1.0 1.488 0.547 0.348 0.007 0.018 0.006
315.6 1.0 1.0 1.0 1.488 0.547 0.348 0.007 0.018 0.006
315.7 1.0 1.0 1.0 1.488 0.547 0.348 0.007 0.018 0.006
315.8 1.0 1.0 1.0 1.488 0.547 0.348 0.007 0.018 0.006
315.9 1.0 1.0 1.0 1.488 0.547 0.348 0.007 0.018 0.006
316.0 1.0 1.0 1.0 1.488 0.547 0.348 0.007 0.018 0.006
316.1 1.0 1.0 1.0 1.488 0.547 0.348 0.007 0.018 0.006
316.2 1.0 1.0 1.0 1.488 0.547 0.348 0.007 0.018 0.006
316.3 1.0 1.0 1.0 1.488 0.547 0.348 0.007 0.018 0.006
316.4 1.0 1.0 1.0 1.488 0.547 0.348 0.007 0.018 0.006
316.5 1.0 1.0 1.0 1.488 0.547 0.348 0.007 0.018 0.006
316.6 1.0 1.0 1.0 1.488 0.547 0.348 0.007 0.018 0.006
316.7 1.0 1.0 1.0 1.488 0.547 0.348 0.007 0.018 0.006
316.8 1.0 1.0 1.0 1.488 0.547 0.348 0.007 0.018 0.006
316.9 1.0 1.0 1.0 1.488 0.547 0.348 0.007 0.018 0.006
317.0 1.0 1.0 1.0 1.488 0.547 0.348 0.007 0.018 0.006
317.1 1.0 1.0 1.0 1.488 0.547 0.348 0.007 0.018 0.006
317.2 1.0 1.0 1.0 1.489 0.547 0.348 0.007 0.018 0.006
317.3 1.0 1.0 1.0 1.489 0.547 0.348 0.007 0.018 0.006
317.4 1.0 1.0 1.0 1.489 0.547 0.348 0.007 0.018 0.006
317.5 1.0 1.0 1.0 1.489 0.547 0.348 0.007 0.018 0.006
317.6 1.0 1.0 1.0 1.489 0.547 0.348 0.007 0.018 0.006
317.7 1.0 1.0 1.0 1.489 0.547 0.348 0.007 0.018 0.006
317.8 1.0 1.0 1.0 1.489 0.547 0.348 0.007 0.018 0.006
317.9 1.0 1.0 1.0 1.489 0.547 0.348 0.007 0.018 0.006
318.0 1.0 1.0 1.0 1.489 0.547 0.348 0.007 0.018 0.006
318.1 1.0 1.0 1.0 1.489 0.547 0.348 0.007 0.018 0.006
318.2 1.0 1.0 1.0 1.489 0.547 0.348 0.007 0.018 0.006
318.3 1.0 1.0 1.0 1.489 0.547 0.348 0.007 0.018 0.006
318.4 1.0 1.0 1.0 1.489 0.547 0.348 0.007 0.018 0.006
318.5 1.0 1.0 1.0 1.489 0.547 0.348 0.007 0.018 0.006
318.6 1.0 1.0 1.0 1.489 0.547 0.348 0.007 0.018 0.006
318.7 1.0 1.0 1.0 1.489 0.547 0.348 0.007 0.018 0.006
318.8 1.0 1.0 1.0 1.489 0.547 0.348 0.007 0.018 0.006
318.9 1.0 1.0 1.0 1.489 0.547 0.348 0.007 0.018 0.006
319.0 1.0 1.0 1.0 1.489 0.547 0.348 0.007 0.018 0.006
319.1 1.0 1.0 1.0 1.489 0.547 0.348 0.007 0.018 0.006
319.2 1.0 1.0 1.0 1.489 0.547 0.348 0.007 0.018 0.006
319.3 1.0 1.0 1.0 1.489 0.547 0.348 0.007 0.018 0.006
319.4 1.0 1.0 1.0 1.489 0.547 0.348 0.007 0.018 0.006
319.5 1.0 1.0 1.0 1.489 0.547 0.348 0.007 0.018 0.006
319.6 1.0 1.0 1.0 1.489 0.547 0.348 0.007 0.018 0.006
319.7 1.0 1.0 1.0 1.489 0.547 0.348 0.007 0.018 0.006
319.8 1.0 1.0 1.0 1.489 0.547 0.348 0.007 0.018 0.006
319.9 1.0 1.0 1.0 1.489 0.547 0.348 0.007 0.018 0.006
320.0 1.0 1.0 1.0 1.489 0.547 0.348 0.007 0.018 0.006
320.1 1.0 1.0 1.0 1.489 0.547 0.348 0.007 0.018 0.006
320.2 1.0 1.0 1.0 1.489 0.547 0.348 0.007 0.018 0.006
320.3 1.0 1.0 1.0 1.489 0.547 0.348 0.007 0.018 0.006
320.4 1.0 1.0 1.0 1.489 0.547 0.348 0.007 0.018 0.006
320.5 1.0 1.0 1.0 1.489 0.547 0.348 0.007 0.018 0.006
320.6 1.0 1.0 1.0 1.489 0.547 0.348 0.007 0.018 0.006
320.7 1.0 1.0 1.0 1.489 0.547 0.348 0.007 0.018 0.006
320.8 1.0 1.0 1.0 1.489 0.547 0.348 0.007 0.018 0.006
320.9 1.0 1.0 1.0 1.489 0.547 0.348 0.007 0.018 0.006
321.0 1.0 1.0 1.0 1.489 0.547 0.348 0.007 0.018 0.006
321.1 1.0 1.0 1.0 1.489 0.547 0.348 0.007 0.018 0.006
321.2 1.0 1.0 1.0 1.489 0.547 0.348 0.007 0.018 0.006
321.3 1.0 1.0 1.0 1.489 0.547 0.348 0.007 0.018 0.006
321.4 1.0 1.0 1.0 1.489 0.547 0.348 0.007 0.018 0.006
321.5 1.0 1.0 1.0 1.489 0.547 0.348 0.007 0.018 0.006
321.6 1.0 1.0 1.0 1.489 0.547 0.348 0.007 0.018 0.006
321.7 1.0 1.0 1.0 1.489 0.547 0.348 0.007 0.018 0.006
321.8 1.0 1.0 1.0 1.489 0.547 0.348 0.007 0.018 0.006
321.9 1.0 1.0 1.0 1.489 0.547 0.348 0.007 0.018 0.006
322.0 1.0 1.0 1.0 1.489 0.547 0.348 0.007 0.018 0.006
322.1 1.0 1.0 1.0 1.489 0.547 0.348 0.007 0.018 0.006
322.2 1.0 1.0 1.0 1.489 0.547 0.348 0.007 0.018 0.006
322.3 1.0 1.0 1.0 1.489 0.547 0.348 0.007 0.018 0.006
322.4 1.0 1.0 1.0 1.489 0.547 0.348 0.007 0.018 0.006
322.5 1.0 1.0 1.0 1.489 0.547 0.348 0.007 0.018 0.006
322.6 1.0 1.0 1.0 1.489 0.547 0.348 0.007 0.018 0.006
322.7 1.0 1.0 1.0 1.489 0.547 0.348 0.007 0.018 0.006
322.8 1.0 1.0 1.0 1.489 0.547 0.348 0.007 0.018 0.006
322.9 1.0 1.0 1.0 1.489 0.547 0.348 0.007 0.018 0.006
323.0 1.0 1.0 1.0 1.489 0.547 0.348 0.007 0.018 0.006
323.1 1.0 1.0 1.0 1.489 0.547 0.348 0.007 0.018 0.006
323.2 1.0 1.0 1.0 1.489 0.547 0.348 0.007 0.018 0.006
323.3 1.0 1.0 1.0 1.489 0.547 0.348 0.007 0.018 0.006
323.4 1.0 1.0 1.0 1.489 0.547 0.348 0.007 0.018 0.006
323.5 1.0 1.0 1.0 1.489 0.547 0.348 0.007 0.018 0.006
323.6 1.0 1.0 1.0 1.489 0.547 0.348 0.007 0.018 0.006
323.7 1.0 1.0 1.0 1.489 0.547 0.348 0.007 0.018 0.006
323.8 1.0 1.0 1.0 1.489 0.547 0.348 0.007 0.018 0.006
323.9 1.0 1.0 1.0 1.489 0.547 0.348 0.007 0.018 0.006
324.0 1.0 1.0 1.0 1.489 0.547 0.348 0.007 0.018 0.006
324.1 1.0 1.0 1.0 1.489 0.547 0.348 0.007 0.018 0.006
324.2 1.0 1.0 1.0 1.489 0.547 0.348 0.007 0.018 0.006
324.3 1.0 1.0 1.0 1.489 0.547 0.348 0.007 0.018 0.006
324.4 1.0 1.0 1.0 1.489 0.547 0.348 0.007 0.018 0.006
324.5 1.0 1.0 1.0 1.489 0.547 0.348 0.007 0.018 0.006
324.6 1.0 1.0 1.0 1.489 0.547 0.348 0.007 0.018 0.006
324.7 1.0 1.0 1.0 1.489 0.547 0.348 0.007 0.018 0.006
324.8 1.0 1.0 1.0 1.489 0.547 0.348 0.007 0.018 0.006
324.9 1.0 1.0 1.0 1.489 0.547 0.348 0.007 0.018 0.006
325.0 1.0 1.0 1.0 1.489 0.547 0.348 0.007 0.018 0.006
325.1 1.0 1.0 1.0 1.489 0.547 0.348 0.007 0.018 0.006
325.2 1.0 1.0 1.0 1.489 0.547 0.348 0.007 0.018 0.006
325.3 1.0 1.0 1.0 1.489 0.547 0.348 0.007 0.018 0.006
325.4 1.0 1.0 1.0 1.489 0.547 0.348 0.007 0.018 0.006
325.5 1.0 1.0 1.0 1.489 0.547 0.348 0.007 0.018 0.006
325.6 1.0 1.0 1.0 1.489 0.547 0.348 0.007 0.018 0.006
325.7 1.0 1.0 1.0 1.489 0.547 0.348 0.007 0.018 0.006
325.8 1.0 1.0 1.0 1.489 0.547 0.348 0.007 0.018 0.006
325.9 1.0 1.0 1.0 1.489 0.547 0.348 0.007 0.018 0.006
326.0 1.0 1.0 1.0 1.489 0.547 0.348 0.007 0.018 0.006
326.1 1.0 1.0 1.0 1.489 0.547 0.348 0.007 0.018 0.006
326.2 1.0 1.0 1.0 1.489 0.547 0.348 0.007 0.018 0.006
326.3 1.0 1.0 1.0 1.489 0.547 0.348 0.007 0.018 0.006
326.4 1.0 1.0 1.0 1.489 0.547 0.348 0.007 0.018 0.006
326.5 1.0 1.0 1.0 1.489 0.547 0.348 0.007 0.018 0.006
326.6 1.0 1.0 1.0 1.489 0.547 0.348 0.007 0.018 0.006
326.7 1.0 1.0 1.0 1.489 0.547 0.348 0.007 0.018 0.006
326.8 1.0 1.0 1.0 1.489 0.547 0.348 0.007 0.018 0.006
326.9 1.0 1.0 1.0 1.489 0.547 0.348 0.007 0.018 0.006
327.0 1.0 1.0 1.0 1.489 0.547 0.348 0.007 0.018 0.006
327.1 1.0 1.0 1.0 1.489 0.547 0.348 0.007 0.018 0.006
327.2 1.0 1.0 1.0 1.489 0.547 0.348 0.007 0.018 0.006
327.3 1.0 1.0 1.0 1.489 0.547 0.348 0.007 0.018 0.006
327.4 1.0 1.0 1.0 1.489 0.547 0.348 0.007 0.018 0.006
327.5 1.0 1.0 1.0 1.489 0.547 0.348 0.007 0.018 0.006
327.6 1.0 1.0 1.0 1.489 0.547 0.348 0.007 0.018 0.006
327.7 1.0 1.0 1.0 1.489 0.547 0.348 0.007 0.018 0.006
327.8 1.0 1.0 1.0 1.489 0.547 0.348 0.007 0.018 0.006
327.9 1.0 1.0 1.0 1.489 0.547 0.348 0.007 0.018 0.006
328.0 1.0 1.0 1.0 1.49 0.547 0.348 0.007 0.018 0.006
328.1 1.0 1.0 1.0 1.49 0.547 0.348 0.007 0.018 0.006
328.2 1.0 1.0 1.0 1.49 0.547 0.348 0.007 0.018 0.006
328.3 1.0 1.0 1.0 1.49 0.547 0.348 0.007 0.018 0.006
328.4 1.0 1.0 1.0 1.49 0.547 0.348 0.007 0.018 0.006
328.5 1.0 1.0 1.0 1.49 0.547 0.348 0.007 0.018 0.006
328.6 1.0 1.0 1.0 1.49 0.547 0.348 0.007 0.018 0.006
328.7 1.0 1.0 1.0 1.49 0.547 0.348 0.007 0.018 0.006
328.8 1.0 1.0 1.0 1.49 0.547 0.348 0.007 0.018 0.006
328.9 1.0 1.0 1.0 1.49 0.547 0.348 0.007 0.018 0.006
329.0 1.0 1.0 1.0 1.49 0.547 0.348 0.007 0.018 0.006
329.1 1.0 1.0 1.0 1.49 0.547 0.348 0.007 0.018 0.006
329.2 1.0 1.0 1.0 1.49 0.547 0.348 0.007 0.018 0.006
329.3 1.0 1.0 1.0 1.49 0.547 0.348 0.007 0.018 0.006
329.4 1.0 1.0 1.0 1.49 0.547 0.348 0.007 0.018 0.006
329.5 1.0 1.0 1.0 1.49 0.547 0.348 0.007 0.018 0.006
329.6 1.0 1.0 1.0 1.49 0.547 0.348 0.007 0.018 0.006
329.7 1.0 1.0 1.0 1.49 0.547 0.348 0.007 0.018 0.006
329.8 1.0 1.0 1.0 1.49 0.547 0.348 0.007 0.018 0.006
329.9 1.0 1.0 1.0 1.49 0.547 0.348 0.007 0.018 0.006
330.0 1.0 1.0 1.0 1.49 0.547 0.348 0.007 0.018 0.006
330.1 1.0 1.0 1.0 1.49 0.547 0.348 0.007 0.018 0.006
330.2 1.0 1.0 1.0 1.49 0.547 0.348 0.007 0.018 0.006
330.3 1.0 1.0 1.0 1.49 0.547 0.348 0.007 0.018 0.006
330.4 1.0 1.0 1.0 1.49 0.547 0.348 0.007 0.018 0.006
330.5 1.0 1.0 1.0 1.49 0.547 0.348 0.007 0.018 0.006
330.6 1.0 1.0 1.0 1.49 0.547 0.348 0.007 0.018 0.006
330.7 1.0 1.0 1.0 1.49 0.547 0.348 0.007 0.018 0.006
330.8 1.0 1.0 1.0 1.49 0.547 0.348 0.007 0.018 0.006
330.9 1.0 1.0 1.0 1.49 0.547 0.348 0.007 0.018 0.006
331.0 1.0 1.0 1.0 1.49 0.547 0.348 0.007 0.018 0.006
331.1 1.0 1.0 1.0 1.49 0.547 0.348 0.007 0.018 0.006
331.2 1.0 1.0 1.0 1.49 0.547 0.348 0.007 0.018 0.006
331.3 1.0 1.0 1.0 1.49 0.547 0.348 0.007 0.018 0.006
331.4 1.0 1.0 1.0 1.49 0.547 0.348 0.007 0.018 0.006
331.5 1.0 1.0 1.0 1.49 0.547 0.348 0.007 0.018 0.006
331.6 1.0 1.0 1.0 1.49 0.547 0.348 0.007 0.018 0.006
331.7 1.0 1.0 1.0 1.49 0.547 0.348 0.007 0.018 0.006
331.8 1.0 1.0 1.0 1.49 0.547 0.348 0.007 0.018 0.006
331.9 1.0 1.0 1.0 1.49 0.547 0.348 0.007 0.018 0.006
332.0 1.0 1.0 1.0 1.49 0.547 0.348 0.007 0.018 0.006
332.1 1.0 1.0 1.0 1.49 0.547 0.348 0.007 0.018 0.006
332.2 1.0 1.0 1.0 1.49 0.547 0.348 0.007 0.018 0.006
332.3 1.0 1.0 1.0 1.49 0.547 0.348 0.007 0.018 0.006
332.4 1.0 1.0 1.0 1.49 0.547 0.348 0.007 0.018 0.006
332.5 1.0 1.0 1.0 1.49 0.547 0.348 0.007 0.018 0.006
332.6 1.0 1.0 1.0 1.49 0.547 0.348 0.007 0.018 0.006
332.7 1.0 1.0 1.0 1.49 0.547 0.348 0.007 0.018 0.006
332.8 1.0 1.0 1.0 1.49 0.547 0.348 0.007 0.018 0.006
332.9 1.0 1.0 1.0 1.49 0.547 0.348 0.007 0.018 0.006
333.0 1.0 1.0 1.0 1.49 0.547 0.348 0.007 0.018 0.006
333.1 1.0 1.0 1.0 1.49 0.547 0.348 0.007 0.018 0.006
333.2 1.0 1.0 1.0 1.49 0.547 0.348 0.007 0.018 0.006
333.3 1.0 1.0 1.0 1.49 0.547 0.348 0.007 0.018 0.006
333.4 1.0 1.0 1.0 1.49 0.547 0.348 0.007 0.018 0.006
333.5 1.0 1.0 1.0 1.49 0.547 0.348 0.007 0.018 0.006
333.6 1.0 1.0 1.0 1.49 0.547 0.348 0.007 0.018 0.006
333.7 1.0 1.0 1.0 1.49 0.547 0.348 0.007 0.018 0.006
333.8 1.0 1.0 1.0 1.49 0.547 0.348 0.007 0.018 0.006
333.9 1.0 1.0 1.0 1.49 0.547 0.348 0.007 0.018 0.006
334.0 1.0 1.0 1.0 1.49 0.547 0.348 0.007 0.018 0.006
334.1 1.0 1.0 1.0 1.49 0.547 0.348 0.007 0.018 0.006
334.2 1.0 1.0 1.0 1.49 0.547 0.348 0.007 0.018 0.006
334.3 1.0 1.0 1.0 1.49 0.547 0.348 0.007 0.018 0.006
334.4 1.0 1.0 1.0 1.49 0.547 0.348 0.007 0.018 0.006
334.5 1.0 1.0 1.0 1.49 0.547 0.348 0.007 0.018 0.006
334.6 1.0 1.0 1.0 1.49 0.547 0.348 0.007 0.018 0.006
334.7 1.0 1.0 1.0 1.49 0.547 0.348 0.007 0.018 0.006
334.8 1.0 1.0 1.0 1.49 0.547 0.348 0.007 0.018 0.006
334.9 1.0 1.0 1.0 1.49 0.547 0.348 0.007 0.018 0.006
335.0 1.0 1.0 1.0 1.49 0.547 0.348 0.007 0.018 0.006
335.1 1.0 1.0 1.0 1.49 0.547 0.348 0.007 0.018 0.006
335.2 1.0 1.0 1.0 1.49 0.547 0.348 0.007 0.018 0.006
335.3 1.0 1.0 1.0 1.49 0.547 0.348 0.007 0.018 0.006
335.4 1.0 1.0 1.0 1.49 0.547 0.348 0.007 0.018 0.006
335.5 1.0 1.0 1.0 1.49 0.547 0.348 0.007 0.018 0.006
335.6 1.0 1.0 1.0 1.49 0.547 0.348 0.007 0.018 0.006
335.7 1.0 1.0 1.0 1.49 0.547 0.348 0.007 0.018 0.006
335.8 1.0 1.0 1.0 1.49 0.547 0.348 0.007 0.018 0.006
335.9 1.0 1.0 1.0 1.49 0.547 0.348 0.007 0.018 0.006
336.0 1.0 1.0 1.0 1.49 0.547 0.348 0.007 0.018 0.006
336.1 1.0 1.0 1.0 1.49 0.547 0.348 0.007 0.018 0.006
336.2 1.0 1.0 1.0 1.49 0.547 0.348 0.007 0.018 0.006
336.3 1.0 1.0 1.0 1.49 0.547 0.348 0.007 0.018 0.006
336.4 1.0 1.0 1.0 1.49 0.547 0.348 0.007 0.018 0.006
336.5 1.0 1.0 1.0 1.49 0.547 0.348 0.007 0.018 0.006
336.6 1.0 1.0 1.0 1.49 0.547 0.348 0.007 0.018 0.006
336.7 1.0 1.0 1.0 1.49 0.547 0.348 0.007 0.018 0.006
336.8 1.0 1.0 1.0 1.49 0.547 0.348 0.007 0.018 0.006
336.9 1.0 1.0 1.0 1.49 0.547 0.348 0.007 0.018 0.006
337.0 1.0 1.0 1.0 1.49 0.547 0.348 0.007 0.018 0.006
337.1 1.0 1.0 1.0 1.49 0.547 0.348 0.007 0.018 0.006
337.2 1.0 1.0 1.0 1.49 0.547 0.348 0.007 0.018 0.006
337.3 1.0 1.0 1.0 1.49 0.547 0.348 0.007 0.018 0.006
337.4 1.0 1.0 1.0 1.49 0.547 0.348 0.007 0.018 0.006
337.5 1.0 1.0 1.0 1.49 0.547 0.348 0.007 0.018 0.006
337.6 1.0 1.0 1.0 1.49 0.547 0.348 0.007 0.018 0.006
337.7 1.0 1.0 1.0 1.49 0.547 0.348 0.007 0.018 0.006
337.8 1.0 1.0 1.0 1.49 0.547 0.348 0.007 0.018 0.006
337.9 1.0 1.0 1.0 1.49 0.547 0.348 0.007 0.018 0.006
338.0 1.0 1.0 1.0 1.49 0.547 0.348 0.007 0.018 0.006
338.1 1.0 1.0 1.0 1.49 0.547 0.348 0.007 0.018 0.006
338.2 1.0 1.0 1.0 1.49 0.547 0.348 0.007 0.018 0.006
338.3 1.0 1.0 1.0 1.49 0.547 0.348 0.007 0.018 0.006
338.4 1.0 1.0 1.0 1.49 0.547 0.348 0.007 0.018 0.006
338.5 1.0 1.0 1.0 1.49 0.547 0.348 0.007 0.018 0.006
338.6 1.0 1.0 1.0 1.49 0.547 0.348 0.007 0.018 0.006
338.7 1.0 1.0 1.0 1.49 0.547 0.348 0.007 0.018 0.006
338.8 1.0 1.0 1.0 1.49 0.547 0.348 0.007 0.018 0.006
338.9 1.0 1.0 1.0 1.49 0.547 0.348 0.007 0.018 0.006
339.0 1.0 1.0 1.0 1.49 0.547 0.348 0.007 0.018 0.006
339.1 1.0 1.0 1.0 1.49 0.547 0.348 0.007 0.018 0.006
339.2 1.0 1.0 1.0 1.49 0.547 0.348 0.007 0.018 0.006
339.3 1.0 1.0 1.0 1.49 0.547 0.348 0.007 0.018 0.006
339.4 1.0 1.0 1.0 1.49 0.547 0.348 0.007 0.018 0.006
339.5 1.0 1.0 1.0 1.49 0.547 0.348 0.007 0.018 0.006
339.6 1.0 1.0 1.0 1.49 0.547 0.348 0.007 0.018 0.006
339.7 1.0 1.0 1.0 1.49 0.547 0.348 0.007 0.018 0.006
339.8 1.0 1.0 1.0 1.49 0.547 0.348 0.007 0.018 0.006
339.9 1.0 1.0 1.0 1.49 0.547 0.348 0.007 0.018 0.006
340.0 1.0 1.0 1.0 1.49 0.547 0.348 0.007 0.018 0.006
340.1 1.0 1.0 1.0 1.49 0.547 0.348 0.007 0.018 0.006
340.2 1.0 1.0 1.0 1.49 0.547 0.348 0.007 0.018 0.006
340.3 1.0 1.0 1.0 1.49 0.547 0.348 0.007 0.018 0.006
340.4 1.0 1.0 1.0 1.49 0.547 0.348 0.007 0.018 0.006
340.5 1.0 1.0 1.0 1.49 0.547 0.348 0.007 0.018 0.006
340.6 1.0 1.0 1.0 1.49 0.547 0.348 0.007 0.018 0.006
340.7 1.0 1.0 1.0 1.49 0.547 0.348 0.007 0.018 0.006
340.8 1.0 1.0 1.0 1.49 0.547 0.348 0.007 0.018 0.006
340.9 1.0 1.0 1.0 1.49 0.547 0.348 0.007 0.018 0.006
341.0 1.0 1.0 1.0 1.49 0.547 0.348 0.007 0.018 0.006
341.1 1.0 1.0 1.0 1.49 0.547 0.348 0.007 0.018 0.006
341.2 1.0 1.0 1.0 1.49 0.547 0.348 0.007 0.018 0.006
341.3 1.0 1.0 1.0 1.49 0.547 0.348 0.007 0.018 0.006
341.4 1.0 1.0 1.0 1.49 0.547 0.348 0.007 0.018 0.006
341.5 1.0 1.0 1.0 1.49 0.547 0.348 0.007 0.018 0.006
341.6 1.0 1.0 1.0 1.49 0.547 0.348 0.007 0.018 0.006
341.7 1.0 1.0 1.0 1.49 0.547 0.348 0.007 0.018 0.006
341.8 1.0 1.0 1.0 1.49 0.547 0.348 0.007 0.018 0.006
341.9 1.0 1.0 1.0 1.49 0.547 0.348 0.007 0.018 0.006
342.0 1.0 1.0 1.0 1.49 0.547 0.348 0.007 0.018 0.006
342.1 1.0 1.0 1.0 1.49 0.547 0.348 0.007 0.018 0.006
342.2 1.0 1.0 1.0 1.49 0.547 0.348 0.007 0.018 0.006
342.3 1.0 1.0 1.0 1.49 0.547 0.348 0.007 0.018 0.006
342.4 1.0 1.0 1.0 1.49 0.547 0.348 0.007 0.018 0.006
342.5 1.0 1.0 1.0 1.49 0.547 0.348 0.007 0.018 0.006
342.6 1.0 1.0 1.0 1.49 0.547 0.348 0.007 0.018 0.006
342.7 1.0 1.0 1.0 1.49 0.547 0.348 0.007 0.018 0.006
342.8 1.0 1.0 1.0 1.49 0.547 0.348 0.007 0.018 0.006
342.9 1.0 1.0 1.0 1.49 0.547 0.348 0.007 0.018 0.006
343.0 1.0 1.0 1.0 1.49 0.547 0.348 0.007 0.018 0.006
343.1 1.0 1.0 1.0 1.49 0.547 0.348 0.007 0.018 0.006
343.2 1.0 1.0 1.0 1.49 0.547 0.348 0.007 0.018 0.006
343.3 1.0 1.0 1.0 1.49 0.547 0.348 0.007 0.018 0.006
343.4 1.0 1.0 1.0 1.49 0.547 0.348 0.007 0.018 0.006
343.5 1.0 1.0 1.0 1.49 0.547 0.348 0.007 0.018 0.006
343.6 1.0 1.0 1.0 1.49 0.547 0.348 0.007 0.018 0.006
343.7 1.0 1.0 1.0 1.49 0.547 0.348 0.007 0.018 0.006
343.8 1.0 1.0 1.0 1.49 0.547 0.348 0.007 0.018 0.006
343.9 1.0 1.0 1.0 1.49 0.547 0.348 0.007 0.018 0.006
344.0 1.0 1.0 1.0 1.49 0.547 0.348 0.007 0.018 0.006
344.1 1.0 1.0 1.0 1.49 0.547 0.348 0.007 0.018 0.006
344.2 1.0 1.0 1.0 1.49 0.547 0.348 0.007 0.018 0.006
344.3 1.0 1.0 1.0 1.49 0.547 0.348 0.007 0.018 0.006
344.4 1.0 1.0 1.0 1.49 0.547 0.348 0.007 0.018 0.006
344.5 1.0 1.0 1.0 1.49 0.547 0.348 0.007 0.018 0.006
344.6 1.0 1.0 1.0 1.49 0.547 0.348 0.007 0.018 0.006
344.7 1.0 1.0 1.0 1.49 0.547 0.348 0.007 0.018 0.006
344.8 1.0 1.0 1.0 1.49 0.547 0.348 0.007 0.018 0.006
344.9 1.0 1.0 1.0 1.49 0.547 0.348 0.007 0.018 0.006
345.0 1.0 1.0 1.0 1.49 0.547 0.348 0.007 0.018 0.006
345.1 1.0 1.0 1.0 1.49 0.547 0.348 0.007 0.018 0.006
345.2 1.0 1.0 1.0 1.49 0.547 0.348 0.007 0.018 0.006
345.3 1.0 1.0 1.0 1.49 0.547 0.348 0.007 0.018 0.006
345.4 1.0 1.0 1.0 1.49 0.547 0.348 0.007 0.018 0.006
345.5 1.0 1.0 1.0 1.49 0.547 0.348 0.007 0.018 0.006
345.6 1.0 1.0 1.0 1.49 0.547 0.348 0.007 0.018 0.006
345.7 1.0 1.0 1.0 1.49 0.547 0.348 0.007 0.018 0.006
345.8 1.0 1.0 1.0 1.49 0.547 0.348 0.007 0.018 0.006
345.9 1.0 1.0 1.0 1.49 0.547 0.348 0.007 0.018 0.006
346.0 1.0 1.0 1.0 1.49 0.547 0.348 0.007 0.018 0.006
346.1 1.0 1.0 1.0 1.49 0.547 0.348 0.007 0.018 0.006
346.2 1.0 1.0 1.0 1.49 0.547 0.348 0.007 0.018 0.006
346.3 1.0 1.0 1.0 1.49 0.547 0.348 0.007 0.018 0.006
346.4 1.0 1.0 1.0 1.49 0.547 0.348 0.007 0.018 0.006
346.5 1.0 1.0 1.0 1.49 0.547 0.348 0.007 0.018 0.006
346.6 1.0 1.0 1.0 1.49 0.547 0.348 0.007 0.018 0.006
346.7 1.0 1.0 1.0 1.49 0.547 0.348 0.007 0.018 0.006
346.8 1.0 1.0 1.0 1.49 0.547 0.348 0.007 0.018 0.006
346.9 1.0 1.0 1.0 1.49 0.547 0.348 0.007 0.018 0.006
347.0 1.0 1.0 1.0 1.49 0.547 0.348 0.007 0.018 0.006
347.1 1.0 1.0 1.0 1.49 0.547 0.348 0.007 0.018 0.006
347.2 1.0 1.0 1.0 1.49 0.547 0.348 0.007 0.018 0.006
347.3 1.0 1.0 1.0 1.49 0.547 0.348 0.007 0.018 0.006
347.4 1.0 1.0 1.0 1.49 0.547 0.348 0.007 0.018 0.006
347.5 1.0 1.0 1.0 1.49 0.547 0.348 0.007 0.018 0.006
347.6 1.0 1.0 1.0 1.49 0.547 0.348 0.007 0.018 0.006
347.7 1.0 1.0 1.0 1.49 0.547 0.348 0.007 0.018 0.006
347.8 1.0 1.0 1.0 1.49 0.547 0.348 0.007 0.018 0.006
347.9 1.0 1.0 1.0 1.49 0.547 0.348 0.007 0.018 0.006
348.0 1.0 1.0 1.0 1.49 0.547 0.348 0.007 0.018 0.006
348.1 1.0 1.0 1.0 1.49 0.547 0.348 0.007 0.018 0.006
348.2 1.0 1.0 1.0 1.49 0.547 0.348 0.007 0.018 0.006
348.3 1.0 1.0 1.0 1.49 0.547 0.348 0.007 0.018 0.006
348.4 1.0 1.0 1.0 1.49 0.547 0.348 0.007 0.018 0.006
348.5 1.0 1.0 1.0 1.49 0.547 0.348 0.007 0.018 0.006
348.6 1.0 1.0 1.0 1.49 0.547 0.348 0.007 0.018 0.006
348.7 1.0 1.0 1.0 1.49 0.547 0.348 0.007 0.018 0.006
348.8 1.0 1.0 1.0 1.49 0.547 0.348 0.007 0.018 0.006
348.9 1.0 1.0 1.0 1.49 0.547 0.348 0.007 0.018 0.006
349.0 1.0 1.0 1.0 1.49 0.547 0.348 0.007 0.018 0.006
349.1 1.0 1.0 1.0 1.49 0.547 0.348 0.007 0.018 0.006
349.2 1.0 1.0 1.0 1.49 0.547 0.348 0.007 0.018 0.006
349.3 1.0 1.0 1.0 1.49 0.547 0.348 0.007 0.018 0.006
349.4 1.0 1.0 1.0 1.49 0.547 0.348 0.007 0.018 0.006
349.5 1.0 1.0 1.0 1.49 0.547 0.348 0.007 0.018 0.006
349.6 1.0 1.0 1.0 1.49 0.547 0.348 0.007 0.018 0.006
349.7 1.0 1.0 1.0 1.49 0.547 0.348 0.007 0.018 0.006
349.8 1.0 1.0 1.0 1.49 0.547 0.348 0.007 0.018 0.006
349.9 1.0 1.0 1.0 1.49 0.547 0.348 0.007 0.018 0.006
350.0 1.0 1.0 1.0 1.49 0.547 0.348 0.007 0.018 0.006
350.1 1.0 1.0 1.0 1.49 0.547 0.348 0.007 0.018 0.006
350.2 1.0 1.0 1.0 1.49 0.547 0.348 0.007 0.018 0.006
350.3 1.0 1.0 1.0 1.49 0.547 0.348 0.007 0.018 0.006
350.4 1.0 1.0 1.0 1.49 0.547 0.348 0.007 0.018 0.006
350.5 1.0 1.0 1.0 1.49 0.547 0.348 0.007 0.018 0.006
350.6 1.0 1.0 1.0 1.49 0.547 0.348 0.007 0.018 0.006
350.7 1.0 1.0 1.0 1.49 0.547 0.348 0.007 0.018 0.006
350.8 1.0 1.0 1.0 1.49 0.547 0.348 0.007 0.018 0.006
350.9 1.0 1.0 1.0 1.49 0.547 0.348 0.007 0.018 0.006
351.0 1.0 1.0 1.0 1.49 0.547 0.348 0.007 0.018 0.006
351.1 1.0 1.0 1.0 1.49 0.547 0.348 0.007 0.018 0.006
351.2 1.0 1.0 1.0 1.49 0.547 0.348 0.007 0.018 0.006
351.3 1.0 1.0 1.0 1.49 0.547 0.348 0.007 0.018 0.006
351.4 1.0 1.0 1.0 1.49 0.547 0.348 0.007 0.018 0.006
351.5 1.0 1.0 1.0 1.49 0.547 0.348 0.007 0.018 0.006
351.6 1.0 1.0 1.0 1.49 0.547 0.348 0.007 0.018 0.006
351.7 1.0 1.0 1.0 1.49 0.547 0.348 0.007 0.018 0.006
351.8 1.0 1.0 1.0 1.49 0.547 0.348 0.007 0.018 0.006
351.9 1.0 1.0 1.0 1.49 0.547 0.348 0.007 0.018 0.006
352.0 1.0 1.0 1.0 1.49 0.547 0.348 0.007 0.018 0.006
352.1 1.0 1.0 1.0 1.49 0.547 0.348 0.007 0.018 0.006
352.2 1.0 1.0 1.0 1.49 0.547 0.348 0.007 0.018 0.006
352.3 1.0 1.0 1.0 1.49 0.547 0.348 0.007 0.018 0.006
352.4 1.0 1.0 1.0 1.49 0.547 0.348 0.007 0.018 0.006
352.5 1.0 1.0 1.0 1.49 0.547 0.348 0.007 0.018 0.006
352.6 1.0 1.0 1.0 1.49 0.547 0.348 0.007 0.018 0.006
352.7 1.0 1.0 1.0 1.49 0.547 0.348 0.007 0.018 0.006
352.8 1.0 1.0 1.0 1.49 0.547 0.348 0.007 0.018 0.006
352.9 1.0 1.0 1.0 1.49 0.547 0.348 0.007 0.018 0.006
353.0 1.0 1.0 1.0 1.49 0.547 0.348 0.007 0.018 0.006
353.1 1.0 1.0 1.0 1.49 0.547 0.348 0.007 0.018 0.006
353.2 1.0 1.0 1.0 1.49 0.547 0.348 0.007 0.018 0.006
353.3 1.0 1.0 1.0 1.49 0.547 0.348 0.007 0.018 0.006
353.4 1.0 1.0 1.0 1.49 0.547 0.348 0.007 0.018 0.006
353.5 1.0 1.0 1.0 1.49 0.547 0.348 0.007 0.018 0.006
353.6 1.0 1.0 1.0 1.49 0.547 0.348 0.007 0.018 0.006
353.7 1.0 1.0 1.0 1.49 0.547 0.348 0.007 0.018 0.006
353.8 1.0 1.0 1.0 1.49 0.547 0.348 0.007 0.018 0.006
353.9 1.0 1.0 1.0 1.49 0.547 0.348 0.007 0.018 0.006
354.0 1.0 1.0 1.0 1.49 0.547 0.348 0.007 0.018 0.006
354.1 1.0 1.0 1.0 1.49 0.547 0.348 0.007 0.018 0.006
354.2 1.0 1.0 1.0 1.49 0.547 0.348 0.007 0.018 0.006
354.3 1.0 1.0 1.0 1.49 0.547 0.348 0.007 0.018 0.006
354.4 1.0 1.0 1.0 1.49 0.547 0.348 0.007 0.018 0.006
354.5 1.0 1.0 1.0 1.49 0.547 0.348 0.007 0.018 0.006
354.6 1.0 1.0 1.0 1.49 0.547 0.348 0.007 0.018 0.006
354.7 1.0 1.0 1.0 1.49 0.547 0.348 0.007 0.018 0.006
354.8 1.0 1.0 1.0 1.49 0.547 0.348 0.007 0.018 0.006
354.9 1.0 1.0 1.0 1.49 0.547 0.348 0.007 0.018 0.006
355.0 1.0 1.0 1.0 1.49 0.547 0.348 0.007 0.018 0.006
355.1 1.0 1.0 1.0 1.49 0.547 0.348 0.007 0.018 0.006
355.2 1.0 1.0 1.0 1.49 0.547 0.348 0.007 0.018 0.006
355.3 1.0 1.0 1.0 1.49 0.547 0.348 0.007 0.018 0.006
355.4 1.0 1.0 1.0 1.49 0.547 0.348 0.007 0.018 0.006
355.5 1.0 1.0 1.0 1.49 0.547 0.348 0.007 0.018 0.006
355.6 1.0 1.0 1.0 1.49 0.547 0.348 0.007 0.018 0.006
355.7 1.0 1.0 1.0 1.49 0.547 0.348 0.007 0.018 0.006
355.8 1.0 1.0 1.0 1.49 0.547 0.348 0.007 0.018 0.006
355.9 1.0 1.0 1.0 1.49 0.547 0.348 0.007 0.018 0.006
356.0 1.0 1.0 1.0 1.49 0.547 0.348 0.007 0.018 0.006
356.1 1.0 1.0 1.0 1.49 0.547 0.348 0.007 0.018 0.006
356.2 1.0 1.0 1.0 1.49 0.547 0.348 0.007 0.018 0.006
356.3 1.0 1.0 1.0 1.49 0.547 0.348 0.007 0.018 0.006
356.4 1.0 1.0 1.0 1.49 0.547 0.348 0.007 0.018 0.006
356.5 1.0 1.0 1.0 1.49 0.547 0.348 0.007 0.018 0.006
356.6 1.0 1.0 1.0 1.49 0.547 0.348 0.007 0.018 0.006
356.7 1.0 1.0 1.0 1.49 0.547 0.348 0.007 0.018 0.006
356.8 1.0 1.0 1.0 1.49 0.547 0.348 0.007 0.018 0.006
356.9 1.0 1.0 1.0 1.49 0.547 0.348 0.007 0.018 0.006
357.0 1.0 1.0 1.0 1.49 0.547 0.348 0.007 0.018 0.006
357.1 1.0 1.0 1.0 1.49 0.547 0.348 0.007 0.018 0.006
357.2 1.0 1.0 1.0 1.49 0.547 0.348 0.007 0.018 0.006
357.3 1.0 1.0 1.0 1.49 0.547 0.348 0.007 0.018 0.006
357.4 1.0 1.0 1.0 1.49 0.547 0.348 0.007 0.018 0.006
357.5 1.0 1.0 1.0 1.49 0.547 0.348 0.007 0.018 0.006
357.6 1.0 1.0 1.0 1.49 0.547 0.348 0.007 0.018 0.006
357.7 1.0 1.0 1.0 1.49 0.547 0.348 0.007 0.018 0.006
357.8 1.0 1.0 1.0 1.49 0.547 0.348 0.007 0.018 0.006
357.9 1.0 1.0 1.0 1.49 0.547 0.348 0.007 0.018 0.006
358.0 1.0 1.0 1.0 1.49 0.547 0.348 0.007 0.018 0.006
358.1 1.0 1.0 1.0 1.49 0.547 0.348 0.007 0.018 0.006
358.2 1.0 1.0 1.0 1.49 0.547 0.348 0.007 0.018 0.006
358.3 1.0 1.0 1.0 1.49 0.547 0.348 0.007 0.018 0.006
358.4 1.0 1.0 1.0 1.49 0.547 0.348 0.007 0.018 0.006
358.5 1.0 1.0 1.0 1.49 0.547 0.348 0.007 0.018 0.006
358.6 1.0 1.0 1.0 1.49 0.547 0.348 0.007 0.018 0.006
358.7 1.0 1.0 1.0 1.49 0.547 0.348 0.007 0.018 0.006
358.8 1.0 1.0 1.0 1.49 0.547 0.348 0.007 0.018 0.006
358.9 1.0 1.0 1.0 1.49 0.547 0.348 0.007 0.018 0.006
359.0 1.0 1.0 1.0 1.49 0.547 0.348 0.007 0.018 0.006
359.1 1.0 1.0 1.0 1.49 0.547 0.348 0.007 0.018 0.006
359.2 1.0 1.0 1.0 1.49 0.547 0.348 0.007 0.018 0.006
359.3 1.0 1.0 1.0 1.49 0.547 0.348 0.007 0.018 0.006
359.4 1.0 1.0 1.0 1.49 0.547 0.348 0.007 0.018 0.006
359.5 1.0 1.0 1.0 1.49 0.547 0.348 0.007 0.018 0.006
359.6 1.0 1.0 1.0 1.49 0.547 0.348 0.007 0.018 0.006
359.7 1.0 1.0 1.0 1.49 0.547 0.348 0.007 0.018 0.006
359.8 1.0 1.0 1.0 1.49 0.547 0.348 0.007 0.018 0.006
359.9 1.0 1.0 1.0 1.49 0.547 0.348 0.007 0.018 0.006
360.0 1.0 1.0 1.0 1.49 0.547 0.348 0.007 0.018 0.006
360.1 1.0 1.0 1.0 1.49 0.547 0.348 0.007 0.018 0.006
360.2 1.0 1.0 1.0 1.49 0.547 0.348 0.007 0.018 0.006
360.3 1.0 1.0 1.0 1.49 0.547 0.348 0.007 0.018 0.006
360.4 1.0 1.0 1.0 1.49 0.547 0.348 0.007 0.018 0.006
360.5 1.0 1.0 1.0 1.49 0.547 0.348 0.007 0.018 0.006
360.6 1.0 1.0 1.0 1.49 0.547 0.348 0.007 0.018 0.006
360.7 1.0 1.0 1.0 1.49 0.547 0.348 0.007 0.018 0.006
360.8 1.0 1.0 1.0 1.49 0.547 0.348 0.007 0.018 0.006
360.9 1.0 1.0 1.0 1.49 0.547 0.348 0.007 0.018 0.006
361.0 1.0 1.0 1.0 1.49 0.547 0.348 0.007 0.018 0.006
361.1 1.0 1.0 1.0 1.49 0.547 0.348 0.007 0.018 0.006
361.2 1.0 1.0 1.0 1.49 0.547 0.348 0.007 0.018 0.006
361.3 1.0 1.0 1.0 1.49 0.547 0.348 0.007 0.018 0.006
361.4 1.0 1.0 1.0 1.49 0.547 0.348 0.007 0.018 0.006
361.5 1.0 1.0 1.0 1.49 0.547 0.348 0.007 0.018 0.006
361.6 1.0 1.0 1.0 1.49 0.547 0.348 0.007 0.018 0.006
361.7 1.0 1.0 1.0 1.49 0.547 0.348 0.007 0.018 0.006
361.8 1.0 1.0 1.0 1.49 0.547 0.348 0.007 0.018 0.006
361.9 1.0 1.0 1.0 1.49 0.547 0.348 0.007 0.018 0.006
362.0 1.0 1.0 1.0 1.49 0.547 0.348 0.007 0.018 0.006
362.1 1.0 1.0 1.0 1.49 0.547 0.348 0.007 0.018 0.006
362.2 1.0 1.0 1.0 1.49 0.547 0.348 0.007 0.018 0.006
362.3 1.0 1.0 1.0 1.49 0.547 0.348 0.007 0.018 0.006
362.4 1.0 1.0 1.0 1.49 0.547 0.348 0.007 0.018 0.006
362.5 1.0 1.0 1.0 1.49 0.547 0.348 0.007 0.018 0.006
362.6 1.0 1.0 1.0 1.49 0.547 0.348 0.007 0.018 0.006
362.7 1.0 1.0 1.0 1.49 0.547 0.348 0.007 0.018 0.006
362.8 1.0 1.0 1.0 1.49 0.547 0.348 0.007 0.018 0.006
362.9 1.0 1.0 1.0 1.49 0.547 0.348 0.007 0.018 0.006
363.0 1.0 1.0 1.0 1.49 0.547 0.348 0.007 0.018 0.006
363.1 1.0 1.0 1.0 1.49 0.547 0.348 0.007 0.018 0.006
363.2 1.0 1.0 1.0 1.49 0.547 0.348 0.007 0.018 0.006
363.3 1.0 1.0 1.0 1.49 0.547 0.348 0.007 0.018 0.006
363.4 1.0 1.0 1.0 1.49 0.547 0.348 0.007 0.018 0.006
363.5 1.0 1.0 1.0 1.49 0.547 0.348 0.007 0.018 0.006
363.6 1.0 1.0 1.0 1.49 0.547 0.348 0.007 0.018 0.006
363.7 1.0 1.0 1.0 1.49 0.547 0.348 0.007 0.018 0.006
363.8 1.0 1.0 1.0 1.49 0.547 0.348 0.007 0.018 0.006
363.9 1.0 1.0 1.0 1.49 0.547 0.348 0.007 0.018 0.006
364.0 1.0 1.0 1.0 1.49 0.547 0.348 0.007 0.018 0.006
364.1 1.0 1.0 1.0 1.49 0.547 0.348 0.007 0.018 0.006
364.2 1.0 1.0 1.0 1.49 0.547 0.348 0.007 0.018 0.006
364.3 1.0 1.0 1.0 1.49 0.547 0.348 0.007 0.018 0.006
364.4 1.0 1.0 1.0 1.49 0.547 0.348 0.007 0.018 0.006
364.5 1.0 1.0 1.0 1.49 0.547 0.348 0.007 0.018 0.006
364.6 1.0 1.0 1.0 1.49 0.547 0.348 0.007 0.018 0.006
364.7 1.0 1.0 1.0 1.49 0.547 0.348 0.007 0.018 0.006
364.8 1.0 1.0 1.0 1.49 0.547 0.348 0.007 0.018 0.006
364.9 1.0 1.0 1.0 1.49 0.547 0.348 0.007 0.018 0.006
365.0 1.0 1.0 1.0 1.49 0.547 0.348 0.007 0.018 0.006
365.1 1.0 1.0 1.0 1.49 0.547 0.348 0.007 0.018 0.006
365.2 1.0 1.0 1.0 1.49 0.547 0.348 0.007 0.018 0.006
365.3 1.0 1.0 1.0 1.49 0.547 0.348 0.007 0.018 0.006
365.4 1.0 1.0 1.0 1.49 0.547 0.348 0.007 0.018 0.006
365.5 1.0 1.0 1.0 1.49 0.547 0.348 0.007 0.018 0.006
365.6 1.0 1.0 1.0 1.49 0.547 0.348 0.007 0.018 0.006
365.7 1.0 1.0 1.0 1.49 0.547 0.348 0.007 0.018 0.006
365.8 1.0 1.0 1.0 1.49 0.547 0.348 0.007 0.018 0.006
365.9 1.0 1.0 1.0 1.49 0.547 0.348 0.007 0.018 0.006
366.0 1.0 1.0 1.0 1.49 0.547 0.348 0.007 0.018 0.006
366.1 1.0 1.0 1.0 1.49 0.547 0.348 0.007 0.018 0.006
366.2 1.0 1.0 1.0 1.49 0.547 0.348 0.007 0.018 0.006
366.3 1.0 1.0 1.0 1.49 0.547 0.348 0.007 0.018 0.006
366.4 1.0 1.0 1.0 1.49 0.547 0.348 0.007 0.018 0.006
366.5 1.0 1.0 1.0 1.49 0.547 0.348 0.007 0.018 0.006
366.6 1.0 1.0 1.0 1.49 0.547 0.348 0.007 0.018 0.006
366.7 1.0 1.0 1.0 1.49 0.547 0.348 0.007 0.018 0.006
366.8 1.0 1.0 1.0 1.49 0.547 0.348 0.007 0.018 0.006
366.9 1.0 1.0 1.0 1.49 0.547 0.348 0.007 0.018 0.006
367.0 1.0 1.0 1.0 1.49 0.547 0.348 0.007 0.018 0.006
367.1 1.0 1.0 1.0 1.49 0.547 0.348 0.007 0.018 0.006
367.2 1.0 1.0 1.0 1.49 0.547 0.348 0.007 0.018 0.006
367.3 1.0 1.0 1.0 1.49 0.547 0.348 0.007 0.018 0.006
367.4 1.0 1.0 1.0 1.49 0.547 0.348 0.007 0.018 0.006
367.5 1.0 1.0 1.0 1.49 0.547 0.348 0.007 0.018 0.006
367.6 1.0 1.0 1.0 1.49 0.547 0.348 0.007 0.018 0.006
367.7 1.0 1.0 1.0 1.49 0.547 0.348 0.007 0.018 0.006
367.8 1.0 1.0 1.0 1.49 0.547 0.348 0.007 0.018 0.006
367.9 1.0 1.0 1.0 1.49 0.547 0.348 0.007 0.018 0.006
368.0 1.0 1.0 1.0 1.49 0.547 0.348 0.007 0.018 0.006
368.1 1.0 1.0 1.0 1.49 0.547 0.348 0.007 0.018 0.006
368.2 1.0 1.0 1.0 1.49 0.547 0.348 0.007 0.018 0.006
368.3 1.0 1.0 1.0 1.49 0.547 0.348 0.007 0.018 0.006
368.4 1.0 1.0 1.0 1.49 0.547 0.348 0.007 0.018 0.006
368.5 1.0 1.0 1.0 1.49 0.547 0.348 0.007 0.018 0.006
368.6 1.0 1.0 1.0 1.49 0.547 0.348 0.007 0.018 0.006
368.7 1.0 1.0 1.0 1.49 0.547 0.348 0.007 0.018 0.006
368.8 1.0 1.0 1.0 1.49 0.547 0.348 0.007 0.018 0.006
368.9 1.0 1.0 1.0 1.49 0.547 0.348 0.007 0.018 0.006
369.0 1.0 1.0 1.0 1.49 0.547 0.348 0.007 0.018 0.006
369.1 1.0 1.0 1.0 1.49 0.547 0.348 0.007 0.018 0.006
369.2 1.0 1.0 1.0 1.49 0.547 0.348 0.007 0.018 0.006
369.3 1.0 1.0 1.0 1.49 0.547 0.348 0.007 0.018 0.006
369.4 1.0 1.0 1.0 1.49 0.547 0.348 0.007 0.018 0.006
369.5 1.0 1.0 1.0 1.49 0.547 0.348 0.007 0.018 0.006
369.6 1.0 1.0 1.0 1.49 0.547 0.348 0.007 0.018 0.006
369.7 1.0 1.0 1.0 1.49 0.547 0.348 0.007 0.018 0.006
369.8 1.0 1.0 1.0 1.49 0.547 0.348 0.007 0.018 0.006
369.9 1.0 1.0 1.0 1.49 0.547 0.348 0.007 0.018 0.006
370.0 1.0 1.0 1.0 1.49 0.547 0.348 0.007 0.018 0.006
370.1 1.0 1.0 1.0 1.49 0.547 0.348 0.007 0.018 0.006
370.2 1.0 1.0 1.0 1.49 0.547 0.348 0.007 0.018 0.006
370.3 1.0 1.0 1.0 1.49 0.547 0.348 0.007 0.018 0.006
370.4 1.0 1.0 1.0 1.49 0.547 0.348 0.007 0.018 0.006
370.5 1.0 1.0 1.0 1.49 0.547 0.348 0.007 0.018 0.006
370.6 1.0 1.0 1.0 1.49 0.547 0.348 0.007 0.018 0.006
370.7 1.0 1.0 1.0 1.49 0.547 0.348 0.007 0.018 0.006
370.8 1.0 1.0 1.0 1.49 0.547 0.348 0.007 0.018 0.006
370.9 1.0 1.0 1.0 1.49 0.547 0.348 0.007 0.018 0.006
371.0 1.0 1.0 1.0 1.49 0.547 0.348 0.007 0.018 0.006
371.1 1.0 1.0 1.0 1.49 0.547 0.348 0.007 0.018 0.006
371.2 1.0 1.0 1.0 1.49 0.547 0.348 0.007 0.018 0.006
371.3 1.0 1.0 1.0 1.49 0.547 0.348 0.007 0.018 0.006
371.4 1.0 1.0 1.0 1.49 0.547 0.348 0.007 0.018 0.006
371.5 1.0 1.0 1.0 1.49 0.547 0.348 0.007 0.018 0.006
371.6 1.0 1.0 1.0 1.49 0.547 0.348 0.007 0.018 0.006
371.7 1.0 1.0 1.0 1.49 0.547 0.348 0.007 0.018 0.006
371.8 1.0 1.0 1.0 1.49 0.547 0.348 0.007 0.018 0.006
371.9 1.0 1.0 1.0 1.49 0.547 0.348 0.007 0.018 0.006
372.0 1.0 1.0 1.0 1.49 0.547 0.348 0.007 0.018 0.006
372.1 1.0 1.0 1.0 1.49 0.547 0.348 0.007 0.018 0.006
372.2 1.0 1.0 1.0 1.49 0.547 0.348 0.007 0.018 0.006
372.3 1.0 1.0 1.0 1.49 0.547 0.348 0.007 0.018 0.006
372.4 1.0 1.0 1.0 1.49 0.547 0.348 0.007 0.018 0.006
372.5 1.0 1.0 1.0 1.49 0.547 0.348 0.007 0.018 0.006
372.6 1.0 1.0 1.0 1.49 0.547 0.348 0.007 0.018 0.006
372.7 1.0 1.0 1.0 1.49 0.547 0.348 0.007 0.018 0.006
372.8 1.0 1.0 1.0 1.49 0.547 0.348 0.007 0.018 0.006
372.9 1.0 1.0 1.0 1.49 0.547 0.348 0.007 0.018 0.006
373.0 1.0 1.0 1.0 1.49 0.547 0.348 0.007 0.018 0.006
373.1 1.0 1.0 1.0 1.49 0.547 0.348 0.007 0.018 0.006
373.2 1.0 1.0 1.0 1.49 0.547 0.348 0.007 0.018 0.006
373.3 1.0 1.0 1.0 1.49 0.547 0.348 0.007 0.018 0.006
373.4 1.0 1.0 1.0 1.49 0.547 0.348 0.007 0.018 0.006
373.5 1.0 1.0 1.0 1.49 0.547 0.348 0.007 0.018 0.006
373.6 1.0 1.0 1.0 1.49 0.547 0.348 0.007 0.018 0.006
373.7 1.0 1.0 1.0 1.49 0.547 0.348 0.007 0.018 0.006
373.8 1.0 1.0 1.0 1.49 0.547 0.348 0.007 0.018 0.006
373.9 1.0 1.0 1.0 1.49 0.547 0.348 0.007 0.018 0.006
374.0 1.0 1.0 1.0 1.49 0.547 0.348 0.007 0.018 0.006
374.1 1.0 1.0 1.0 1.49 0.547 0.348 0.007 0.018 0.006
374.2 1.0 1.0 1.0 1.49 0.547 0.348 0.007 0.018 0.006
374.3 1.0 1.0 1.0 1.49 0.547 0.348 0.007 0.018 0.006
374.4 1.0 1.0 1.0 1.49 0.547 0.348 0.007 0.018 0.006
374.5 1.0 1.0 1.0 1.49 0.547 0.348 0.007 0.018 0.006
374.6 1.0 1.0 1.0 1.49 0.547 0.348 0.007 0.018 0.006
374.7 1.0 1.0 1.0 1.49 0.547 0.348 0.007 0.018 0.006
374.8 1.0 1.0 1.0 1.49 0.547 0.348 0.007 0.018 0.006
374.9 1.0 1.0 1.0 1.49 0.547 0.348 0.007 0.018 0.006
375.0 1.0 1.0 1.0 1.49 0.547 0.348 0.007 0.018 0.006
375.1 1.0 1.0 1.0 1.49 0.547 0.348 0.007 0.018 0.006
375.2 1.0 1.0 1.0 1.49 0.547 0.348 0.007 0.018 0.006
375.3 1.0 1.0 1.0 1.49 0.547 0.348 0.007 0.018 0.006
375.4 1.0 1.0 1.0 1.49 0.547 0.348 0.007 0.018 0.006
375.5 1.0 1.0 1.0 1.49 0.547 0.348 0.007 0.018 0.006
375.6 1.0 1.0 1.0 1.49 0.547 0.348 0.007 0.018 0.006
375.7 1.0 1.0 1.0 1.49 0.547 0.348 0.007 0.018 0.006
375.8 1.0 1.0 1.0 1.49 0.547 0.348 0.007 0.018 0.006
375.9 1.0 1.0 1.0 1.49 0.547 0.348 0.007 0.018 0.006
376.0 1.0 1.0 1.0 1.49 0.547 0.348 0.007 0.018 0.006
376.1 1.0 1.0 1.0 1.49 0.547 0.348 0.007 0.018 0.006
376.2 1.0 1.0 1.0 1.49 0.547 0.348 0.007 0.018 0.006
376.3 1.0 1.0 1.0 1.49 0.547 0.348 0.007 0.018 0.006
376.4 1.0 1.0 1.0 1.49 0.547 0.348 0.007 0.018 0.006
376.5 1.0 1.0 1.0 1.49 0.547 0.348 0.007 0.018 0.006
376.6 1.0 1.0 1.0 1.49 0.547 0.348 0.007 0.018 0.006
376.7 1.0 1.0 1.0 1.49 0.547 0.348 0.007 0.018 0.006
376.8 1.0 1.0 1.0 1.49 0.547 0.348 0.007 0.018 0.006
376.9 1.0 1.0 1.0 1.49 0.547 0.348 0.007 0.018 0.006
377.0 1.0 1.0 1.0 1.49 0.547 0.348 0.007 0.018 0.006
377.1 1.0 1.0 1.0 1.49 0.547 0.348 0.007 0.018 0.006
377.2 1.0 1.0 1.0 1.49 0.547 0.348 0.007 0.018 0.006
377.3 1.0 1.0 1.0 1.49 0.547 0.348 0.007 0.018 0.006
377.4 1.0 1.0 1.0 1.49 0.547 0.348 0.007 0.018 0.006
377.5 1.0 1.0 1.0 1.49 0.547 0.348 0.007 0.018 0.006
377.6 1.0 1.0 1.0 1.49 0.547 0.348 0.007 0.018 0.006
377.7 1.0 1.0 1.0 1.49 0.547 0.348 0.007 0.018 0.006
377.8 1.0 1.0 1.0 1.49 0.547 0.348 0.007 0.018 0.006
377.9 1.0 1.0 1.0 1.49 0.547 0.348 0.007 0.018 0.006
378.0 1.0 1.0 1.0 1.49 0.547 0.348 0.007 0.018 0.006
378.1 1.0 1.0 1.0 1.49 0.547 0.348 0.007 0.018 0.006
378.2 1.0 1.0 1.0 1.49 0.547 0.348 0.007 0.018 0.006
378.3 1.0 1.0 1.0 1.49 0.547 0.348 0.007 0.018 0.006
378.4 1.0 1.0 1.0 1.49 0.547 0.348 0.007 0.018 0.006
378.5 1.0 1.0 1.0 1.49 0.547 0.348 0.007 0.018 0.006
378.6 1.0 1.0 1.0 1.49 0.547 0.348 0.007 0.018 0.006
378.7 1.0 1.0 1.0 1.49 0.547 0.348 0.007 0.018 0.006
378.8 1.0 1.0 1.0 1.49 0.547 0.348 0.007 0.018 0.006
378.9 1.0 1.0 1.0 1.49 0.547 0.348 0.007 0.018 0.006
379.0 1.0 1.0 1.0 1.49 0.547 0.348 0.007 0.018 0.006
379.1 1.0 1.0 1.0 1.49 0.547 0.348 0.007 0.018 0.006
379.2 1.0 1.0 1.0 1.49 0.547 0.348 0.007 0.018 0.006
379.3 1.0 1.0 1.0 1.49 0.547 0.348 0.007 0.018 0.006
379.4 1.0 1.0 1.0 1.49 0.547 0.348 0.007 0.018 0.006
379.5 1.0 1.0 1.0 1.49 0.547 0.348 0.007 0.018 0.006
379.6 1.0 1.0 1.0 1.49 0.547 0.348 0.007 0.018 0.006
379.7 1.0 1.0 1.0 1.49 0.547 0.348 0.007 0.018 0.006
379.8 1.0 1.0 1.0 1.49 0.547 0.348 0.007 0.018 0.006
379.9 1.0 1.0 1.0 1.49 0.547 0.348 0.007 0.018 0.006
380.0 1.0 1.0 1.0 1.49 0.547 0.348 0.007 0.018 0.006
380.1 1.0 1.0 1.0 1.49 0.547 0.348 0.007 0.018 0.006
380.2 1.0 1.0 1.0 1.49 0.547 0.348 0.007 0.018 0.006
380.3 1.0 1.0 1.0 1.49 0.547 0.348 0.007 0.018 0.006
380.4 1.0 1.0 1.0 1.49 0.547 0.348 0.007 0.018 0.006
380.5 1.0 1.0 1.0 1.49 0.547 0.348 0.007 0.018 0.006
380.6 1.0 1.0 1.0 1.49 0.547 0.348 0.007 0.018 0.006
380.7 1.0 1.0 1.0 1.49 0.547 0.348 0.007 0.018 0.006
380.8 1.0 1.0 1.0 1.49 0.547 0.348 0.007 0.018 0.006
380.9 1.0 1.0 1.0 1.49 0.547 0.348 0.007 0.018 0.006
381.0 1.0 1.0 1.0 1.49 0.547 0.348 0.007 0.018 0.006
381.1 1.0 1.0 1.0 1.49 0.547 0.348 0.007 0.018 0.006
381.2 1.0 1.0 1.0 1.49 0.547 0.348 0.007 0.018 0.006
381.3 1.0 1.0 1.0 1.49 0.547 0.348 0.007 0.018 0.006
381.4 1.0 1.0 1.0 1.49 0.547 0.348 0.007 0.018 0.006
381.5 1.0 1.0 1.0 1.49 0.547 0.348 0.007 0.018 0.006
381.6 1.0 1.0 1.0 1.49 0.547 0.348 0.007 0.018 0.006
381.7 1.0 1.0 1.0 1.49 0.547 0.348 0.007 0.018 0.006
381.8 1.0 1.0 1.0 1.49 0.547 0.348 0.007 0.018 0.006
381.9 1.0 1.0 1.0 1.49 0.547 0.348 0.007 0.018 0.006
382.0 1.0 1.0 1.0 1.49 0.547 0.348 0.007 0.018 0.006
382.1 1.0 1.0 1.0 1.49 0.547 0.348 0.007 0.018 0.006
382.2 1.0 1.0 1.0 1.49 0.547 0.348 0.007 0.018 0.006
382.3 1.0 1.0 1.0 1.49 0.547 0.348 0.007 0.018 0.006
382.4 1.0 1.0 1.0 1.49 0.547 0.348 0.007 0.018 0.006
382.5 1.0 1.0 1.0 1.49 0.547 0.348 0.007 0.018 0.006
382.6 1.0 1.0 1.0 1.49 0.547 0.348 0.007 0.018 0.006
382.7 1.0 1.0 1.0 1.49 0.547 0.348 0.007 0.018 0.006
382.8 1.0 1.0 1.0 1.49 0.547 0.348 0.007 0.018 0.006
382.9 1.0 1.0 1.0 1.49 0.547 0.348 0.007 0.018 0.006
383.0 1.0 1.0 1.0 1.49 0.547 0.348 0.007 0.018 0.006
383.1 1.0 1.0 1.0 1.49 0.547 0.348 0.007 0.018 0.006
383.2 1.0 1.0 1.0 1.49 0.547 0.348 0.007 0.018 0.006
383.3 1.0 1.0 1.0 1.49 0.547 0.348 0.007 0.018 0.006
383.4 1.0 1.0 1.0 1.49 0.547 0.348 0.007 0.018 0.006
383.5 1.0 1.0 1.0 1.49 0.547 0.348 0.007 0.018 0.006
383.6 1.0 1.0 1.0 1.49 0.547 0.348 0.007 0.018 0.006
383.7 1.0 1.0 1.0 1.49 0.547 0.348 0.007 0.018 0.006
383.8 1.0 1.0 1.0 1.49 0.547 0.348 0.007 0.018 0.006
383.9 1.0 1.0 1.0 1.49 0.547 0.348 0.007 0.018 0.006
384.0 1.0 1.0 1.0 1.49 0.547 0.348 0.007 0.018 0.006
384.1 1.0 1.0 1.0 1.49 0.547 0.348 0.007 0.018 0.006
384.2 1.0 1.0 1.0 1.49 0.547 0.348 0.007 0.018 0.006
384.3 1.0 1.0 1.0 1.49 0.547 0.348 0.007 0.018 0.006
384.4 1.0 1.0 1.0 1.49 0.547 0.348 0.007 0.018 0.006
384.5 1.0 1.0 1.0 1.49 0.547 0.348 0.007 0.018 0.006
384.6 1.0 1.0 1.0 1.49 0.547 0.348 0.007 0.018 0.006
384.7 1.0 1.0 1.0 1.49 0.547 0.348 0.007 0.018 0.006
384.8 1.0 1.0 1.0 1.49 0.547 0.348 0.007 0.018 0.006
384.9 1.0 1.0 1.0 1.49 0.547 0.348 0.007 0.018 0.006
385.0 1.0 1.0 1.0 1.49 0.547 0.348 0.007 0.018 0.006
385.1 1.0 1.0 1.0 1.49 0.547 0.348 0.007 0.018 0.006
385.2 1.0 1.0 1.0 1.49 0.547 0.348 0.007 0.018 0.006
385.3 1.0 1.0 1.0 1.49 0.547 0.348 0.007 0.018 0.006
385.4 1.0 1.0 1.0 1.49 0.547 0.348 0.007 0.018 0.006
385.5 1.0 1.0 1.0 1.49 0.547 0.348 0.007 0.018 0.006
385.6 1.0 1.0 1.0 1.49 0.547 0.348 0.007 0.018 0.006
385.7 1.0 1.0 1.0 1.49 0.547 0.348 0.007 0.018 0.006
385.8 1.0 1.0 1.0 1.49 0.547 0.348 0.007 0.018 0.006
385.9 1.0 1.0 1.0 1.49 0.547 0.348 0.007 0.018 0.006
386.0 1.0 1.0 1.0 1.49 0.547 0.348 0.007 0.018 0.006
386.1 1.0 1.0 1.0 1.49 0.547 0.348 0.007 0.018 0.006
386.2 1.0 1.0 1.0 1.49 0.547 0.348 0.007 0.018 0.006
386.3 1.0 1.0 1.0 1.49 0.547 0.348 0.007 0.018 0.006
386.4 1.0 1.0 1.0 1.49 0.547 0.348 0.007 0.018 0.006
386.5 1.0 1.0 1.0 1.49 0.547 0.348 0.007 0.018 0.006
386.6 1.0 1.0 1.0 1.49 0.547 0.348 0.007 0.018 0.006
386.7 1.0 1.0 1.0 1.49 0.547 0.348 0.007 0.018 0.006
386.8 1.0 1.0 1.0 1.49 0.547 0.348 0.007 0.018 0.006
386.9 1.0 1.0 1.0 1.49 0.547 0.348 0.007 0.018 0.006
387.0 1.0 1.0 1.0 1.49 0.547 0.348 0.007 0.018 0.006
387.1 1.0 1.0 1.0 1.49 0.547 0.348 0.007 0.018 0.006
387.2 1.0 1.0 1.0 1.49 0.547 0.348 0.007 0.018 0.006
387.3 1.0 1.0 1.0 1.49 0.547 0.348 0.007 0.018 0.006
387.4 1.0 1.0 1.0 1.49 0.547 0.348 0.007 0.018 0.006
387.5 1.0 1.0 1.0 1.49 0.547 0.348 0.007 0.018 0.006
387.6 1.0 1.0 1.0 1.49 0.547 0.348 0.007 0.018 0.006
387.7 1.0 1.0 1.0 1.49 0.547 0.348 0.007 0.018 0.006
387.8 1.0 1.0 1.0 1.49 0.547 0.348 0.007 0.018 0.006
387.9 1.0 1.0 1.0 1.49 0.547 0.348 0.007 0.018 0.006
388.0 1.0 1.0 1.0 1.49 0.547 0.348 0.007 0.018 0.006
388.1 1.0 1.0 1.0 1.49 0.547 0.348 0.007 0.018 0.006
388.2 1.0 1.0 1.0 1.49 0.547 0.348 0.007 0.018 0.006
388.3 1.0 1.0 1.0 1.49 0.547 0.348 0.007 0.018 0.006
388.4 1.0 1.0 1.0 1.49 0.547 0.348 0.007 0.018 0.006
388.5 1.0 1.0 1.0 1.49 0.547 0.348 0.007 0.018 0.006
388.6 1.0 1.0 1.0 1.49 0.547 0.348 0.007 0.018 0.006
388.7 1.0 1.0 1.0 1.49 0.547 0.348 0.007 0.018 0.006
388.8 1.0 1.0 1.0 1.49 0.547 0.348 0.007 0.018 0.006
388.9 1.0 1.0 1.0 1.49 0.547 0.348 0.007 0.018 0.006
389.0 1.0 1.0 1.0 1.49 0.547 0.348 0.007 0.018 0.006
389.1 1.0 1.0 1.0 1.49 0.547 0.348 0.007 0.018 0.006
389.2 1.0 1.0 1.0 1.49 0.547 0.348 0.007 0.018 0.006
389.3 1.0 1.0 1.0 1.49 0.547 0.348 0.007 0.018 0.006
389.4 1.0 1.0 1.0 1.49 0.547 0.348 0.007 0.018 0.006
389.5 1.0 1.0 1.0 1.49 0.547 0.348 0.007 0.018 0.006
389.6 1.0 1.0 1.0 1.49 0.547 0.348 0.007 0.018 0.006
389.7 1.0 1.0 1.0 1.49 0.547 0.348 0.007 0.018 0.006
389.8 1.0 1.0 1.0 1.49 0.547 0.348 0.007 0.018 0.006
389.9 1.0 1.0 1.0 1.49 0.547 0.348 0.007 0.018 0.006
390.0 1.0 1.0 1.0 1.49 0.547 0.348 0.007 0.018 0.006
390.1 1.0 1.0 1.0 1.49 0.547 0.348 0.007 0.018 0.006
390.2 1.0 1.0 1.0 1.49 0.547 0.348 0.007 0.018 0.006
390.3 1.0 1.0 1.0 1.49 0.547 0.348 0.007 0.018 0.006
390.4 1.0 1.0 1.0 1.49 0.547 0.348 0.007 0.018 0.006
390.5 1.0 1.0 1.0 1.49 0.547 0.348 0.007 0.018 0.006
390.6 1.0 1.0 1.0 1.49 0.547 0.348 0.007 0.018 0.006
390.7 1.0 1.0 1.0 1.49 0.547 0.348 0.007 0.018 0.006
390.8 1.0 1.0 1.0 1.49 0.547 0.348 0.007 0.018 0.006
390.9 1.0 1.0 1.0 1.49 0.547 0.348 0.007 0.018 0.006
391.0 1.0 1.0 1.0 1.49 0.547 0.348 0.007 0.018 0.006
391.1 1.0 1.0 1.0 1.49 0.547 0.348 0.007 0.018 0.006
391.2 1.0 1.0 1.0 1.49 0.547 0.348 0.007 0.018 0.006
391.3 1.0 1.0 1.0 1.49 0.547 0.348 0.007 0.018 0.006
391.4 1.0 1.0 1.0 1.49 0.547 0.348 0.007 0.018 0.006
391.5 1.0 1.0 1.0 1.49 0.547 0.348 0.007 0.018 0.006
391.6 1.0 1.0 1.0 1.49 0.547 0.348 0.007 0.018 0.006
391.7 1.0 1.0 1.0 1.49 0.547 0.348 0.007 0.018 0.006
391.8 1.0 1.0 1.0 1.49 0.547 0.348 0.007 0.018 0.006
391.9 1.0 1.0 1.0 1.49 0.547 0.348 0.007 0.018 0.006
392.0 1.0 1.0 1.0 1.49 0.547 0.348 0.007 0.018 0.006
392.1 1.0 1.0 1.0 1.49 0.547 0.348 0.007 0.018 0.006
392.2 1.0 1.0 1.0 1.49 0.547 0.348 0.007 0.018 0.006
392.3 1.0 1.0 1.0 1.49 0.547 0.348 0.007 0.018 0.006
392.4 1.0 1.0 1.0 1.49 0.547 0.348 0.007 0.018 0.006
392.5 1.0 1.0 1.0 1.49 0.547 0.348 0.007 0.018 0.006
392.6 1.0 1.0 1.0 1.49 0.547 0.348 0.007 0.018 0.006
392.7 1.0 1.0 1.0 1.49 0.547 0.348 0.007 0.018 0.006
392.8 1.0 1.0 1.0 1.49 0.547 0.348 0.007 0.018 0.006
392.9 1.0 1.0 1.0 1.49 0.547 0.348 0.007 0.018 0.006
393.0 1.0 1.0 1.0 1.49 0.547 0.348 0.007 0.018 0.006
393.1 1.0 1.0 1.0 1.49 0.547 0.348 0.007 0.018 0.006
393.2 1.0 1.0 1.0 1.49 0.547 0.348 0.007 0.018 0.006
393.3 1.0 1.0 1.0 1.49 0.547 0.348 0.007 0.018 0.006
393.4 1.0 1.0 1.0 1.49 0.547 0.348 0.007 0.018 0.006
393.5 1.0 1.0 1.0 1.49 0.547 0.348 0.007 0.018 0.006
393.6 1.0 1.0 1.0 1.49 0.547 0.348 0.007 0.018 0.006
393.7 1.0 1.0 1.0 1.49 0.547 0.348 0.007 0.018 0.006
393.8 1.0 1.0 1.0 1.49 0.547 0.348 0.007 0.018 0.006
393.9 1.0 1.0 1.0 1.49 0.547 0.348 0.007 0.018 0.006
394.0 1.0 1.0 1.0 1.49 0.547 0.348 0.007 0.018 0.006
394.1 1.0 1.0 1.0 1.49 0.547 0.348 0.007 0.018 0.006
394.2 1.0 1.0 1.0 1.49 0.547 0.348 0.007 0.018 0.006
394.3 1.0 1.0 1.0 1.49 0.547 0.348 0.007 0.018 0.006
394.4 1.0 1.0 1.0 1.49 0.547 0.348 0.007 0.018 0.006
394.5 1.0 1.0 1.0 1.49 0.547 0.348 0.007 0.018 0.006
394.6 1.0 1.0 1.0 1.49 0.547 0.348 0.007 0.018 0.006
394.7 1.0 1.0 1.0 1.49 0.547 0.348 0.007 0.018 0.006
394.8 1.0 1.0 1.0 1.49 0.547 0.348 0.007 0.018 0.006
394.9 1.0 1.0 1.0 1.49 0.547 0.348 0.007 0.018 0.006
395.0 1.0 1.0 1.0 1.49 0.547 0.348 0.007 0.018 0.006
395.1 1.0 1.0 1.0 1.49 0.547 0.348 0.007 0.018 0.006
395.2 1.0 1.0 1.0 1.49 0.547 0.348 0.007 0.018 0.006
395.3 1.0 1.0 1.0 1.49 0.547 0.348 0.007 0.018 0.006
395.4 1.0 1.0 1.0 1.49 0.547 0.348 0.007 0.018 0.006
395.5 1.0 1.0 1.0 1.49 0.547 0.348 0.007 0.018 0.006
395.6 1.0 1.0 1.0 1.49 0.547 0.348 0.007 0.018 0.006
395.7 1.0 1.0 1.0 1.49 0.547 0.348 0.007 0.018 0.006
395.8 1.0 1.0 1.0 1.49 0.547 0.348 0.007 0.018 0.006
395.9 1.0 1.0 1.0 1.49 0.547 0.348 0.007 0.018 0.006
396.0 1.0 1.0 1.0 1.49 0.547 0.348 0.007 0.018 0.006
396.1 1.0 1.0 1.0 1.49 0.547 0.348 0.007 0.018 0.006
396.2 1.0 1.0 1.0 1.49 0.547 0.348 0.007 0.018 0.006
396.3 1.0 1.0 1.0 1.49 0.547 0.348 0.007 0.018 0.006
396.4 1.0 1.0 1.0 1.49 0.547 0.348 0.007 0.018 0.006
396.5 1.0 1.0 1.0 1.49 0.547 0.348 0.007 0.018 0.006
396.6 1.0 1.0 1.0 1.49 0.547 0.348 0.007 0.018 0.006
396.7 1.0 1.0 1.0 1.49 0.547 0.348 0.007 0.018 0.006
396.8 1.0 1.0 1.0 1.49 0.547 0.348 0.007 0.018 0.006
396.9 1.0 1.0 1.0 1.49 0.547 0.348 0.007 0.018 0.006
397.0 1.0 1.0 1.0 1.49 0.547 0.348 0.007 0.018 0.006
397.1 1.0 1.0 1.0 1.49 0.547 0.348 0.007 0.018 0.006
397.2 1.0 1.0 1.0 1.49 0.547 0.348 0.007 0.018 0.006
397.3 1.0 1.0 1.0 1.49 0.547 0.348 0.007 0.018 0.006
397.4 1.0 1.0 1.0 1.49 0.547 0.348 0.007 0.018 0.006
397.5 1.0 1.0 1.0 1.49 0.547 0.348 0.007 0.018 0.006
397.6 1.0 1.0 1.0 1.49 0.547 0.348 0.007 0.018 0.006
397.7 1.0 1.0 1.0 1.49 0.547 0.348 0.007 0.018 0.006
397.8 1.0 1.0 1.0 1.49 0.547 0.348 0.007 0.018 0.006
397.9 1.0 1.0 1.0 1.49 0.547 0.348 0.007 0.018 0.006
398.0 1.0 1.0 1.0 1.49 0.547 0.348 0.007 0.018 0.006
398.1 1.0 1.0 1.0 1.49 0.547 0.348 0.007 0.018 0.006
398.2 1.0 1.0 1.0 1.49 0.547 0.348 0.007 0.018 0.006
398.3 1.0 1.0 1.0 1.49 0.547 0.348 0.007 0.018 0.006
398.4 1.0 1.0 1.0 1.49 0.547 0.348 0.007 0.018 0.006
398.5 1.0 1.0 1.0 1.49 0.547 0.348 0.007 0.018 0.006
398.6 1.0 1.0 1.0 1.49 0.547 0.348 0.007 0.018 0.006
398.7 1.0 1.0 1.0 1.49 0.547 0.348 0.007 0.018 0.006
398.8 1.0 1.0 1.0 1.49 0.547 0.348 0.007 0.018 0.006
398.9 1.0 1.0 1.0 1.49 0.547 0.348 0.007 0.018 0.006
399.0 1.0 1.0 1.0 1.49 0.547 0.348 0.007 0.018 0.006
399.1 1.0 1.0 1.0 1.49 0.547 0.348 0.007 0.018 0.006
399.2 1.0 1.0 1.0 1.49 0.547 0.348 0.007 0.018 0.006
399.3 1.0 1.0 1.0 1.49 0.547 0.348 0.007 0.018 0.006
399.4 1.0 1.0 1.0 1.49 0.547 0.348 0.007 0.018 0.006
399.5 1.0 1.0 1.0 1.49 0.547 0.348 0.007 0.018 0.006
399.6 1.0 1.0 1.0 1.49 0.547 0.348 0.007 0.018 0.006
399.7 1.0 1.0 1.0 1.49 0.547 0.348 0.007 0.018 0.006
399.8 1.0 1.0 1.0 1.49 0.547 0.348 0.007 0.018 0.006
