1000.0 1.0 1.0 1.0 1.521 0.553 0.351 0.011 0.011 0.01
1000.1 1.0 1.0 1.0 1.521 0.553 0.351 0.012 0.012 0.01
1000.2 1.0 1.0 1.0 1.521 0.553 0.351 0.013 0.014 0.01
1000.3 1.0 1.0 1.0 1.52 0.553 0.351 0.014 0.016 0.01
1000.4 1.0 1.0 1.0 1.52 0.553 0.351 0.015 0.017 0.01
1000.5 1.0 1.0 1.0 1.52 0.553 0.351 0.017 0.019 0.01
1000.6 1.0 1.0 1.0 1.52 0.553 0.35 0.019 0.021 0.01
1000.7 1.0 1.0 1.0 1.519 0.553 0.35 0.02 0.024 0.01
1000.8 1.0 1.0 1.0 1.519 0.553 0.35 0.023 0.026 0.01
1000.9 1.0 1.0 1.0 1.519 0.553 0.35 0.025 0.029 0.01
1001.0 1.0 1.0 1.0 1.518 0.552 0.35 0.027 0.032 0.01
1001.1 1.0 1.0 1.0 1.518 0.552 0.349 0.03 0.035 0.01
1001.2 1.0 1.0 1.0 1.518 0.552 0.349 0.033 0.039 0.01
1001.3 1.0 1.0 1.0 1.517 0.552 0.349 0.036 0.043 0.01
1001.4 1.0 1.0 1.0 1.517 0.552 0.349 0.04 0.047 0.01
1001.5 1.0 1.0 1.0 1.517 0.552 0.348 0.043 0.052 0.01
1001.6 1.0 1.0 1.0 1.516 0.552 0.348 0.047 0.057 0.01
1001.7 1.0 1.0 1.0 1.516 0.552 0.348 0.052 0.063 0.01
1001.8 1.0 1.0 1.0 1.515 0.552 0.347 0.056 0.069 0.01
1001.9 1.0 1.0 1.0 1.515 0.552 0.347 0.062 0.076 0.01
1002.0 1.0 1.0 1.0 1.515 0.551 0.347 0.067 0.084 0.01
1002.1 1.0 1.0 1.0 1.514 0.551 0.346 0.073 0.092 0.01
1002.2 1.0 1.0 1.0 1.514 0.551 0.346 0.079 0.101 0.01
1002.3 1.0 1.0 1.0 1.513 0.551 0.345 0.086 0.111 0.01
1002.4 1.0 1.0 1.0 1.512 0.551 0.345 0.093 0.121 0.01
1002.5 1.0 1.0 1.0 1.512 0.551 0.344 0.1 0.132 0.01
1002.6 1.0 1.0 1.0 1.511 0.551 0.344 0.108 0.145 0.01
1002.7 1.0 1.0 1.0 1.511 0.55 0.343 0.116 0.158 0.01
1002.8 1.0 1.0 1.0 1.51 0.55 0.343 0.125 0.172 0.01
1002.9 1.0 1.0 1.0 1.509 0.55 0.342 0.134 0.187 0.01
1003.0 1.0 1.0 1.0 1.509 0.55 0.342 0.143 0.203 0.01
1003.1 1.0 1.0 1.0 1.508 0.55 0.341 0.153 0.22 0.01
1003.2 1.0 1.0 1.0 1.507 0.549 0.341 0.163 0.238 0.01
1003.3 1.0 1.0 1.0 1.506 0.549 0.34 0.174 0.258 0.01
1003.4 1.0 1.0 1.0 1.506 0.549 0.34 0.184 0.278 0.01
1003.5 1.0 1.0 1.0 1.505 0.549 0.339 0.195 0.299 0.01
1003.6 1.0 1.0 1.0 1.504 0.549 0.339 0.207 0.322 0.01
1003.7 1.0 1.0 1.0 1.503 0.548 0.339 0.218 0.345 0.01
1003.8 1.0 1.0 1.0 1.502 0.548 0.338 0.23 0.37 0.01
1003.9 1.0 1.0 1.0 1.501 0.548 0.338 0.241 0.395 0.01
1004.0 1.0 1.0 1.0 1.5 0.548 0.338 0.253 0.421 0.01
1004.1 1.0 1.0 1.0 1.5 0.548 0.337 0.265 0.448 0.01
1004.2 1.0 1.0 1.0 1.499 0.547 0.337 0.278 0.476 0.01
1004.3 1.0 1.0 1.0 1.498 0.547 0.337 0.29 0.504 0.01
1004.4 1.0 1.0 1.0 1.497 0.547 0.337 0.302 0.533 0.01
1004.5 1.0 1.0 1.0 1.496 0.547 0.337 0.314 0.563 0.01
1004.6 1.0 1.0 1.0 1.495 0.547 0.337 0.326 0.593 0.01
1004.7 1.0 1.0 1.0 1.494 0.547 0.337 0.338 0.623 0.01
1004.8 1.0 1.0 1.0 1.493 0.546 0.337 0.349 0.653 0.01
1004.9 1.0 1.0 1.0 1.493 0.546 0.337 0.361 0.683 0.01
1005.0 1.0 1.0 1.0 1.492 0.546 0.337 0.372 0.713 0.01
1005.1 1.0 1.0 1.0 1.491 0.546 0.338 0.383 0.744 0.01
1005.2 1.0 1.0 1.0 1.49 0.546 0.338 0.394 0.773 0.01
1005.3 1.0 1.0 1.0 1.49 0.546 0.338 0.405 0.803 0.01
1005.4 1.0 1.0 1.0 1.489 0.546 0.339 0.415 0.832 0.01
1005.5 1.0 1.0 1.0 1.488 0.546 0.339 0.425 0.861 0.01
1005.6 1.0 1.0 1.0 1.488 0.546 0.339 0.435 0.889 0.01
1005.7 1.0 1.0 1.0 1.487 0.546 0.34 0.445 0.917 0.01
1005.8 1.0 1.0 1.0 1.487 0.545 0.34 0.454 0.943 0.01
1005.9 1.0 1.0 1.0 1.486 0.545 0.341 0.463 0.969 0.01
1006.0 1.0 1.0 1.0 1.486 0.545 0.341 0.471 0.995 0.01
1006.1 1.0 1.0 1.0 1.485 0.545 0.342 0.479 1.019 0.01
1006.2 1.0 1.0 1.0 1.485 0.545 0.342 0.487 1.043 0.01
1006.3 1.0 1.0 1.0 1.485 0.545 0.343 0.494 1.066 0.01
1006.4 1.0 1.0 1.0 1.484 0.545 0.343 0.501 1.087 0.01
1006.5 1.0 1.0 1.0 1.484 0.545 0.344 0.508 1.108 0.01
1006.6 1.0 1.0 1.0 1.484 0.545 0.344 0.515 1.128 0.01
1006.7 1.0 1.0 1.0 1.484 0.545 0.345 0.521 1.148 0.01
1006.8 1.0 1.0 1.0 1.484 0.545 0.345 0.527 1.166 0.01
1006.9 1.0 1.0 1.0 1.484 0.546 0.346 0.532 1.183 0.01
1007.0 1.0 1.0 1.0 1.484 0.546 0.346 0.537 1.2 0.01
1007.1 1.0 1.0 1.0 1.483 0.546 0.347 0.542 1.215 0.01
1007.2 1.0 1.0 1.0 1.484 0.546 0.347 0.547 1.23 0.01
1007.3 1.0 1.0 1.0 1.484 0.546 0.348 0.551 1.244 0.01
1007.4 1.0 1.0 1.0 1.484 0.546 0.348 0.555 1.257 0.01
1007.5 1.0 1.0 1.0 1.484 0.546 0.348 0.559 1.27 0.01
1007.6 1.0 1.0 1.0 1.484 0.546 0.349 0.563 1.282 0.01
1007.7 1.0 1.0 1.0 1.484 0.546 0.349 0.566 1.293 0.01
1007.8 1.0 1.0 1.0 1.484 0.546 0.35 0.569 1.303 0.01
1007.9 1.0 1.0 1.0 1.485 0.546 0.35 0.572 1.313 0.01
1008.0 1.0 1.0 1.0 1.485 0.546 0.35 0.575 1.322 0.01
1008.1 1.0 1.0 1.0 1.485 0.546 0.35 0.578 1.331 0.01
1008.2 1.0 1.0 1.0 1.485 0.546 0.351 0.58 1.339 0.01
1008.3 1.0 1.0 1.0 1.486 0.546 0.351 0.583 1.347 0.01
1008.4 1.0 1.0 1.0 1.486 0.547 0.351 0.585 1.354 0.01
1008.5 1.0 1.0 1.0 1.486 0.547 0.352 0.587 1.36 0.01
1008.6 1.0 1.0 1.0 1.487 0.547 0.352 0.589 1.367 0.01
1008.7 1.0 1.0 1.0 1.487 0.547 0.352 0.59 1.372 0.01
1008.8 1.0 1.0 1.0 1.487 0.547 0.352 0.592 1.378 0.01
1008.9 1.0 1.0 1.0 1.488 0.547 0.353 0.594 1.383 0.01
1009.0 1.0 1.0 1.0 1.488 0.547 0.353 0.595 1.388 0.01
1009.1 1.0 1.0 1.0 1.488 0.547 0.353 0.596 1.392 0.01
1009.2 1.0 1.0 1.0 1.489 0.547 0.353 0.598 1.396 0.01
1009.3 1.0 1.0 1.0 1.489 0.547 0.353 0.599 1.4 0.01
1009.4 1.0 1.0 1.0 1.49 0.548 0.353 0.6 1.404 0.01
1009.5 1.0 1.0 1.0 1.49 0.548 0.354 0.601 1.407 0.01
1009.6 1.0 1.0 1.0 1.491 0.548 0.354 0.602 1.41 0.01
1009.7 1.0 1.0 1.0 1.491 0.548 0.354 0.603 1.413 0.01
1009.8 1.0 1.0 1.0 1.491 0.548 0.354 0.603 1.416 0.01
1009.9 1.0 1.0 1.0 1.492 0.548 0.354 0.604 1.418 0.01
1010.0 1.0 1.0 1.0 1.492 0.548 0.354 0.605 1.42 0.01
1010.1 1.0 1.0 1.0 1.493 0.548 0.354 0.605 1.423 0.01
1010.2 1.0 1.0 1.0 1.493 0.548 0.355 0.606 1.425 0.01
1010.3 1.0 1.0 1.0 1.494 0.548 0.355 0.607 1.426 0.01
1010.4 1.0 1.0 1.0 1.494 0.548 0.355 0.607 1.428 0.01
1010.5 1.0 1.0 1.0 1.494 0.549 0.355 0.608 1.43 0.01
1010.6 1.0 1.0 1.0 1.495 0.549 0.355 0.608 1.431 0.01
1010.7 1.0 1.0 1.0 1.495 0.549 0.355 0.608 1.433 0.01
1010.8 1.0 1.0 1.0 1.496 0.549 0.355 0.609 1.434 0.01
1010.9 1.0 1.0 1.0 1.496 0.549 0.355 0.609 1.435 0.01
1011.0 1.0 1.0 1.0 1.497 0.549 0.355 0.609 1.436 0.01
1011.1 1.0 1.0 1.0 1.497 0.549 0.355 0.61 1.437 0.01
1011.2 1.0 1.0 1.0 1.498 0.549 0.355 0.61 1.438 0.01
1011.3 1.0 1.0 1.0 1.498 0.549 0.356 0.61 1.439 0.01
1011.4 1.0 1.0 1.0 1.498 0.549 0.356 0.611 1.44 0.01
1011.5 1.0 1.0 1.0 1.499 0.549 0.356 0.611 1.441 0.01
1011.6 1.0 1.0 1.0 1.499 0.55 0.356 0.611 1.441 0.01
1011.7 1.0 1.0 1.0 1.5 0.55 0.356 0.611 1.442 0.01
1011.8 1.0 1.0 1.0 1.5 0.55 0.356 0.611 1.443 0.01
1011.9 1.0 1.0 1.0 1.501 0.55 0.356 0.612 1.443 0.01
1012.0 1.0 1.0 1.0 1.501 0.55 0.356 0.612 1.444 0.01
1012.1 1.0 1.0 1.0 1.501 0.55 0.356 0.612 1.444 0.01
1012.2 1.0 1.0 1.0 1.502 0.55 0.356 0.612 1.445 0.01
1012.3 1.0 1.0 1.0 1.502 0.55 0.356 0.612 1.445 0.01
1012.4 1.0 1.0 1.0 1.503 0.55 0.356 0.612 1.446 0.01
1012.5 1.0 1.0 1.0 1.503 0.55 0.356 0.612 1.446 0.01
1012.6 1.0 1.0 1.0 1.503 0.55 0.356 0.612 1.446 0.01
1012.7 1.0 1.0 1.0 1.504 0.55 0.356 0.613 1.447 0.01
1012.8 1.0 1.0 1.0 1.504 0.551 0.356 0.613 1.447 0.01
1012.9 1.0 1.0 1.0 1.505 0.551 0.356 0.613 1.447 0.01
1013.0 1.0 1.0 1.0 1.505 0.551 0.357 0.613 1.447 0.01
1013.1 1.0 1.0 1.0 1.505 0.551 0.357 0.613 1.448 0.01
1013.2 1.0 1.0 1.0 1.506 0.551 0.357 0.613 1.448 0.01
1013.3 1.0 1.0 1.0 1.506 0.551 0.357 0.613 1.448 0.01
1013.4 1.0 1.0 1.0 1.506 0.551 0.357 0.613 1.448 0.01
1013.5 1.0 1.0 1.0 1.507 0.551 0.357 0.613 1.449 0.01
1013.6 1.0 1.0 1.0 1.507 0.551 0.357 0.613 1.449 0.01
1013.7 1.0 1.0 1.0 1.508 0.551 0.357 0.613 1.449 0.01
1013.8 1.0 1.0 1.0 1.508 0.551 0.357 0.613 1.449 0.01
1013.9 1.0 1.0 1.0 1.508 0.551 0.357 0.613 1.449 0.01
1014.0 1.0 1.0 1.0 1.509 0.551 0.357 0.613 1.449 0.01
1014.1 1.0 1.0 1.0 1.509 0.551 0.357 0.613 1.449 0.01
1014.2 1.0 1.0 1.0 1.509 0.552 0.357 0.613 1.449 0.01
1014.3 1.0 1.0 1.0 1.51 0.552 0.357 0.613 1.45 0.01
1014.4 1.0 1.0 1.0 1.51 0.552 0.357 0.613 1.45 0.01
1014.5 1.0 1.0 1.0 1.51 0.552 0.357 0.613 1.45 0.01
1014.6 1.0 1.0 1.0 1.511 0.552 0.357 0.613 1.45 0.01
1014.7 1.0 1.0 1.0 1.511 0.552 0.357 0.613 1.45 0.01
1014.8 1.0 1.0 1.0 1.511 0.552 0.357 0.613 1.45 0.01
1014.9 1.0 1.0 1.0 1.512 0.552 0.357 0.613 1.45 0.01
1015.0 1.0 1.0 1.0 1.512 0.552 0.357 0.613 1.45 0.01
1015.1 1.0 1.0 1.0 1.512 0.552 0.357 0.614 1.45 0.01
1015.2 1.0 1.0 1.0 1.513 0.552 0.357 0.614 1.45 0.01
1015.3 1.0 1.0 1.0 1.513 0.552 0.357 0.614 1.45 0.01
1015.4 1.0 1.0 1.0 1.513 0.552 0.357 0.614 1.45 0.01
1015.5 1.0 1.0 1.0 1.514 0.552 0.357 0.614 1.45 0.01
1015.6 1.0 1.0 1.0 1.514 0.552 0.357 0.614 1.45 0.01
1015.7 1.0 1.0 1.0 1.514 0.553 0.357 0.614 1.45 0.01
1015.8 1.0 1.0 1.0 1.515 0.553 0.358 0.614 1.451 0.01
1015.9 1.0 1.0 1.0 1.515 0.553 0.358 0.614 1.451 0.01
1016.0 1.0 1.0 1.0 1.515 0.553 0.358 0.614 1.451 0.01
1016.1 1.0 1.0 1.0 1.516 0.553 0.358 0.614 1.451 0.01
1016.2 1.0 1.0 1.0 1.516 0.553 0.358 0.614 1.451 0.01
1016.3 1.0 1.0 1.0 1.516 0.553 0.358 0.614 1.451 0.01
1016.4 1.0 1.0 1.0 1.516 0.553 0.358 0.614 1.451 0.01
1016.5 1.0 1.0 1.0 1.517 0.553 0.358 0.614 1.451 0.01
1016.6 1.0 1.0 1.0 1.517 0.553 0.358 0.614 1.451 0.01
1016.7 1.0 1.0 1.0 1.517 0.553 0.358 0.614 1.451 0.01
1016.8 1.0 1.0 1.0 1.518 0.553 0.358 0.614 1.451 0.01
1016.9 1.0 1.0 1.0 1.518 0.553 0.358 0.614 1.451 0.01
1017.0 1.0 1.0 1.0 1.518 0.553 0.358 0.614 1.451 0.01
1017.1 1.0 1.0 1.0 1.518 0.553 0.358 0.614 1.451 0.01
1017.2 1.0 1.0 1.0 1.519 0.553 0.358 0.614 1.451 0.01
1017.3 1.0 1.0 1.0 1.519 0.553 0.358 0.614 1.451 0.01
1017.4 1.0 1.0 1.0 1.519 0.553 0.358 0.614 1.451 0.01
1017.5 1.0 1.0 1.0 1.519 0.553 0.358 0.614 1.451 0.01
1017.6 1.0 1.0 1.0 1.52 0.554 0.358 0.614 1.451 0.01
1017.7 1.0 1.0 1.0 1.52 0.554 0.358 0.614 1.451 0.01
1017.8 1.0 1.0 1.0 1.52 0.554 0.358 0.614 1.451 0.01
1017.9 1.0 1.0 1.0 1.52 0.554 0.358 0.614 1.451 0.01
1018.0 1.0 1.0 1.0 1.521 0.554 0.358 0.614 1.451 0.01
1018.1 1.0 1.0 1.0 1.521 0.554 0.358 0.614 1.451 0.01
1018.2 1.0 1.0 1.0 1.521 0.554 0.358 0.614 1.451 0.01
1018.3 1.0 1.0 1.0 1.521 0.554 0.358 0.614 1.451 0.01
1018.4 1.0 1.0 1.0 1.522 0.554 0.358 0.614 1.451 0.01
1018.5 1.0 1.0 1.0 1.522 0.554 0.358 0.614 1.451 0.01
1018.6 1.0 1.0 1.0 1.522 0.554 0.358 0.614 1.451 0.01
1018.7 1.0 1.0 1.0 1.522 0.554 0.358 0.614 1.451 0.01
1018.8 1.0 1.0 1.0 1.523 0.554 0.358 0.614 1.451 0.01
1018.9 1.0 1.0 1.0 1.523 0.554 0.358 0.614 1.451 0.01
1019.0 1.0 1.0 1.0 1.523 0.554 0.358 0.614 1.451 0.01
1019.1 1.0 1.0 1.0 1.523 0.554 0.358 0.614 1.451 0.01
1019.2 1.0 1.0 1.0 1.523 0.554 0.358 0.614 1.451 0.01
1019.3 1.0 1.0 1.0 1.524 0.554 0.358 0.614 1.451 0.01
1019.4 1.0 1.0 1.0 1.524 0.554 0.358 0.614 1.451 0.01
1019.5 1.0 1.0 1.0 1.524 0.554 0.358 0.614 1.451 0.01
1019.6 1.0 1.0 1.0 1.524 0.554 0.358 0.614 1.451 0.01
1019.7 1.0 1.0 1.0 1.524 0.554 0.358 0.614 1.451 0.01
1019.8 1.0 1.0 1.0 1.525 0.555 0.358 0.614 1.451 0.01
1019.9 1.0 1.0 1.0 1.525 0.555 0.358 0.614 1.451 0.01
1020.0 1.0 1.0 1.0 1.525 0.555 0.359 0.614 1.451 0.01
1020.1 1.0 1.0 1.0 1.525 0.555 0.359 0.614 1.451 0.01
1020.2 1.0 1.0 1.0 1.526 0.555 0.359 0.614 1.451 0.01
1020.3 1.0 1.0 1.0 1.526 0.555 0.359 0.614 1.451 0.01
1020.4 1.0 1.0 1.0 1.526 0.555 0.359 0.614 1.451 0.01
1020.5 1.0 1.0 1.0 1.526 0.555 0.359 0.614 1.451 0.01
1020.6 1.0 1.0 1.0 1.526 0.555 0.359 0.614 1.451 0.01
1020.7 1.0 1.0 1.0 1.526 0.555 0.359 0.614 1.451 0.01
1020.8 1.0 1.0 1.0 1.527 0.555 0.359 0.614 1.451 0.01
1020.9 1.0 1.0 1.0 1.527 0.555 0.359 0.614 1.451 0.01
1021.0 1.0 1.0 1.0 1.527 0.555 0.359 0.614 1.451 0.01
1021.1 1.0 1.0 1.0 1.527 0.555 0.359 0.614 1.451 0.01
1021.2 1.0 1.0 1.0 1.527 0.555 0.359 0.614 1.451 0.01
1021.3 1.0 1.0 1.0 1.528 0.555 0.359 0.614 1.451 0.01
1021.4 1.0 1.0 1.0 1.528 0.555 0.359 0.614 1.451 0.01
1021.5 1.0 1.0 1.0 1.528 0.555 0.359 0.614 1.451 0.01
1021.6 1.0 1.0 1.0 1.528 0.555 0.359 0.614 1.451 0.01
1021.7 1.0 1.0 1.0 1.528 0.555 0.359 0.614 1.451 0.01
1021.8 1.0 1.0 1.0 1.528 0.555 0.359 0.614 1.451 0.01
1021.9 1.0 1.0 1.0 1.529 0.555 0.359 0.614 1.451 0.01
1022.0 1.0 1.0 1.0 1.529 0.555 0.359 0.614 1.451 0.01
1022.1 1.0 1.0 1.0 1.529 0.555 0.359 0.614 1.451 0.01
1022.2 1.0 1.0 1.0 1.529 0.555 0.359 0.614 1.451 0.01
1022.3 1.0 1.0 1.0 1.529 0.555 0.359 0.614 1.451 0.01
1022.4 1.0 1.0 1.0 1.529 0.555 0.359 0.614 1.451 0.01
1022.5 1.0 1.0 1.0 1.53 0.555 0.359 0.614 1.451 0.01
1022.6 1.0 1.0 1.0 1.53 0.555 0.359 0.614 1.451 0.01
1022.7 1.0 1.0 1.0 1.53 0.556 0.359 0.614 1.451 0.01
1022.8 1.0 1.0 1.0 1.53 0.556 0.359 0.614 1.451 0.01
1022.9 1.0 1.0 1.0 1.53 0.556 0.359 0.614 1.451 0.01
1023.0 1.0 1.0 1.0 1.53 0.556 0.359 0.614 1.451 0.01
1023.1 1.0 1.0 1.0 1.531 0.556 0.359 0.614 1.451 0.01
1023.2 1.0 1.0 1.0 1.531 0.556 0.359 0.614 1.451 0.01
1023.3 1.0 1.0 1.0 1.531 0.556 0.359 0.614 1.451 0.01
1023.4 1.0 1.0 1.0 1.531 0.556 0.359 0.614 1.451 0.01
1023.5 1.0 1.0 1.0 1.531 0.556 0.359 0.614 1.451 0.01
1023.6 1.0 1.0 1.0 1.531 0.556 0.359 0.614 1.451 0.01
1023.7 1.0 1.0 1.0 1.531 0.556 0.359 0.614 1.451 0.01
1023.8 1.0 1.0 1.0 1.532 0.556 0.359 0.614 1.451 0.01
1023.9 1.0 1.0 1.0 1.532 0.556 0.359 0.614 1.451 0.01
1024.0 1.0 1.0 1.0 1.532 0.556 0.359 0.614 1.451 0.01
1024.1 1.0 1.0 1.0 1.532 0.556 0.359 0.614 1.451 0.01
1024.2 1.0 1.0 1.0 1.532 0.556 0.359 0.614 1.451 0.01
1024.3 1.0 1.0 1.0 1.532 0.556 0.359 0.614 1.451 0.01
1024.4 1.0 1.0 1.0 1.532 0.556 0.359 0.614 1.451 0.01
1024.5 1.0 1.0 1.0 1.532 0.556 0.359 0.614 1.451 0.01
1024.6 1.0 1.0 1.0 1.533 0.556 0.359 0.614 1.451 0.01
1024.7 1.0 1.0 1.0 1.533 0.556 0.359 0.614 1.451 0.01
1024.8 1.0 1.0 1.0 1.533 0.556 0.359 0.614 1.451 0.01
1024.9 1.0 1.0 1.0 1.533 0.556 0.359 0.614 1.451 0.01
1025.0 1.0 1.0 1.0 1.533 0.556 0.359 0.614 1.451 0.01
1025.1 1.0 1.0 1.0 1.533 0.556 0.359 0.614 1.451 0.01
1025.2 1.0 1.0 1.0 1.533 0.556 0.359 0.614 1.451 0.01
1025.3 1.0 1.0 1.0 1.533 0.556 0.359 0.614 1.451 0.01
1025.4 1.0 1.0 1.0 1.534 0.556 0.359 0.614 1.451 0.01
1025.5 1.0 1.0 1.0 1.534 0.556 0.359 0.614 1.451 0.01
1025.6 1.0 1.0 1.0 1.534 0.556 0.359 0.614 1.451 0.01
1025.7 1.0 1.0 1.0 1.534 0.556 0.359 0.614 1.451 0.01
1025.8 1.0 1.0 1.0 1.534 0.556 0.359 0.614 1.451 0.01
1025.9 1.0 1.0 1.0 1.534 0.556 0.359 0.614 1.451 0.01
1026.0 1.0 1.0 1.0 1.534 0.556 0.359 0.614 1.451 0.01
1026.1 1.0 1.0 1.0 1.534 0.556 0.359 0.614 1.451 0.01
1026.2 1.0 1.0 1.0 1.534 0.556 0.359 0.614 1.451 0.01
1026.3 1.0 1.0 1.0 1.535 0.556 0.359 0.614 1.451 0.01
1026.4 1.0 1.0 1.0 1.535 0.556 0.359 0.614 1.451 0.01
1026.5 1.0 1.0 1.0 1.535 0.556 0.359 0.614 1.451 0.01
1026.6 1.0 1.0 1.0 1.535 0.556 0.359 0.614 1.451 0.01
1026.7 1.0 1.0 1.0 1.535 0.557 0.359 0.614 1.451 0.01
1026.8 1.0 1.0 1.0 1.535 0.557 0.359 0.614 1.451 0.01
1026.9 1.0 1.0 1.0 1.535 0.557 0.359 0.614 1.451 0.01
1027.0 1.0 1.0 1.0 1.535 0.557 0.359 0.614 1.451 0.01
1027.1 1.0 1.0 1.0 1.535 0.557 0.359 0.614 1.451 0.01
1027.2 1.0 1.0 1.0 1.536 0.557 0.359 0.614 1.451 0.01
1027.3 1.0 1.0 1.0 1.536 0.557 0.36 0.614 1.451 0.01
1027.4 1.0 1.0 1.0 1.536 0.557 0.36 0.614 1.451 0.01
1027.5 1.0 1.0 1.0 1.536 0.557 0.36 0.614 1.451 0.01
1027.6 1.0 1.0 1.0 1.536 0.557 0.36 0.614 1.451 0.01
1027.7 1.0 1.0 1.0 1.536 0.557 0.36 0.614 1.451 0.01
1027.8 1.0 1.0 1.0 1.536 0.557 0.36 0.614 1.451 0.01
1027.9 1.0 1.0 1.0 1.536 0.557 0.36 0.614 1.451 0.01
1028.0 1.0 1.0 1.0 1.536 0.557 0.36 0.614 1.451 0.01
1028.1 1.0 1.0 1.0 1.536 0.557 0.36 0.614 1.451 0.01
1028.2 1.0 1.0 1.0 1.536 0.557 0.36 0.614 1.451 0.01
1028.3 1.0 1.0 1.0 1.537 0.557 0.36 0.614 1.451 0.01
1028.4 1.0 1.0 1.0 1.537 0.557 0.36 0.614 1.451 0.01
1028.5 1.0 1.0 1.0 1.537 0.557 0.36 0.614 1.451 0.01
1028.6 1.0 1.0 1.0 1.537 0.557 0.36 0.614 1.451 0.01
1028.7 1.0 1.0 1.0 1.537 0.557 0.36 0.614 1.451 0.01
1028.8 1.0 1.0 1.0 1.537 0.557 0.36 0.614 1.451 0.01
1028.9 1.0 1.0 1.0 1.537 0.557 0.36 0.614 1.451 0.01
1029.0 1.0 1.0 1.0 1.537 0.557 0.36 0.614 1.451 0.01
1029.1 1.0 1.0 1.0 1.537 0.557 0.36 0.614 1.451 0.01
1029.2 1.0 1.0 1.0 1.537 0.557 0.36 0.614 1.451 0.01
1029.3 1.0 1.0 1.0 1.537 0.557 0.36 0.614 1.451 0.01
1029.4 1.0 1.0 1.0 1.538 0.557 0.36 0.614 1.451 0.01
1029.5 1.0 1.0 1.0 1.538 0.557 0.36 0.614 1.451 0.01
1029.6 1.0 1.0 1.0 1.538 0.557 0.36 0.614 1.451 0.01
1029.7 1.0 1.0 1.0 1.538 0.557 0.36 0.614 1.451 0.01
1029.8 1.0 1.0 1.0 1.538 0.557 0.36 0.614 1.451 0.01
1029.9 1.0 1.0 1.0 1.538 0.557 0.36 0.614 1.451 0.01
1030.0 1.0 1.0 1.0 1.538 0.557 0.36 0.614 1.451 0.01
1030.1 1.0 1.0 1.0 1.538 0.557 0.36 0.614 1.451 0.01
1030.2 1.0 1.0 1.0 1.538 0.557 0.36 0.614 1.451 0.01
1030.3 1.0 1.0 1.0 1.538 0.557 0.36 0.614 1.451 0.01
1030.4 1.0 1.0 1.0 1.538 0.557 0.36 0.614 1.451 0.01
1030.5 1.0 1.0 1.0 1.538 0.557 0.36 0.614 1.451 0.01
1030.6 1.0 1.0 1.0 1.538 0.557 0.36 0.614 1.451 0.01
1030.7 1.0 1.0 1.0 1.539 0.557 0.36 0.614 1.451 0.01
1030.8 1.0 1.0 1.0 1.539 0.557 0.36 0.614 1.451 0.01
1030.9 1.0 1.0 1.0 1.539 0.557 0.36 0.614 1.451 0.01
1031.0 1.0 1.0 1.0 1.539 0.557 0.36 0.614 1.451 0.01
1031.1 1.0 1.0 1.0 1.539 0.557 0.36 0.614 1.451 0.01
1031.2 1.0 1.0 1.0 1.539 0.557 0.36 0.614 1.451 0.01
1031.3 1.0 1.0 1.0 1.539 0.557 0.36 0.614 1.451 0.01
1031.4 1.0 1.0 1.0 1.539 0.557 0.36 0.614 1.451 0.01
1031.5 1.0 1.0 1.0 1.539 0.557 0.36 0.614 1.451 0.01
1031.6 1.0 1.0 1.0 1.539 0.557 0.36 0.614 1.451 0.01
1031.7 1.0 1.0 1.0 1.539 0.557 0.36 0.614 1.451 0.01
1031.8 1.0 1.0 1.0 1.539 0.557 0.36 0.614 1.451 0.01
1031.9 1.0 1.0 1.0 1.539 0.557 0.36 0.614 1.452 0.01
1032.0 1.0 1.0 1.0 1.539 0.557 0.36 0.614 1.452 0.01
1032.1 1.0 1.0 1.0 1.539 0.557 0.36 0.614 1.452 0.01
1032.2 1.0 1.0 1.0 1.539 0.557 0.36 0.614 1.452 0.01
1032.3 1.0 1.0 1.0 1.54 0.557 0.36 0.614 1.452 0.01
1032.4 1.0 1.0 1.0 1.54 0.557 0.36 0.614 1.452 0.01
1032.5 1.0 1.0 1.0 1.54 0.557 0.36 0.614 1.452 0.01
1032.6 1.0 1.0 1.0 1.54 0.557 0.36 0.614 1.452 0.01
1032.7 1.0 1.0 1.0 1.54 0.557 0.36 0.614 1.452 0.01
1032.8 1.0 1.0 1.0 1.54 0.557 0.36 0.614 1.452 0.01
1032.9 1.0 1.0 1.0 1.54 0.557 0.36 0.614 1.452 0.01
1033.0 1.0 1.0 1.0 1.54 0.557 0.36 0.614 1.452 0.01
1033.1 1.0 1.0 1.0 1.54 0.557 0.36 0.614 1.452 0.01
1033.2 1.0 1.0 1.0 1.54 0.557 0.36 0.614 1.452 0.01
1033.3 1.0 1.0 1.0 1.54 0.557 0.36 0.614 1.452 0.01
1033.4 1.0 1.0 1.0 1.54 0.558 0.36 0.614 1.452 0.01
1033.5 1.0 1.0 1.0 1.54 0.558 0.36 0.614 1.452 0.01
1033.6 1.0 1.0 1.0 1.54 0.558 0.36 0.614 1.452 0.01
1033.7 1.0 1.0 1.0 1.54 0.558 0.36 0.614 1.452 0.01
1033.8 1.0 1.0 1.0 1.54 0.558 0.36 0.614 1.452 0.01
1033.9 1.0 1.0 1.0 1.54 0.558 0.36 0.614 1.452 0.01
1034.0 1.0 1.0 1.0 1.541 0.558 0.36 0.614 1.452 0.01
1034.1 1.0 1.0 1.0 1.541 0.558 0.36 0.614 1.452 0.01
1034.2 1.0 1.0 1.0 1.541 0.558 0.36 0.614 1.452 0.01
1034.3 1.0 1.0 1.0 1.541 0.558 0.36 0.614 1.452 0.01
1034.4 1.0 1.0 1.0 1.541 0.558 0.36 0.614 1.452 0.01
1034.5 1.0 1.0 1.0 1.541 0.558 0.36 0.614 1.452 0.01
1034.6 1.0 1.0 1.0 1.541 0.558 0.36 0.614 1.452 0.01
1034.7 1.0 1.0 1.0 1.541 0.558 0.36 0.614 1.452 0.01
1034.8 1.0 1.0 1.0 1.541 0.558 0.36 0.614 1.452 0.01
1034.9 1.0 1.0 1.0 1.541 0.558 0.36 0.614 1.452 0.01
1035.0 1.0 1.0 1.0 1.541 0.558 0.36 0.614 1.452 0.01
1035.1 1.0 1.0 1.0 1.541 0.558 0.36 0.614 1.452 0.01
1035.2 1.0 1.0 1.0 1.541 0.558 0.36 0.614 1.452 0.01
1035.3 1.0 1.0 1.0 1.541 0.558 0.36 0.614 1.452 0.01
1035.4 1.0 1.0 1.0 1.541 0.558 0.36 0.614 1.452 0.01
1035.5 1.0 1.0 1.0 1.541 0.558 0.36 0.614 1.452 0.01
1035.6 1.0 1.0 1.0 1.541 0.558 0.36 0.614 1.452 0.01
1035.7 1.0 1.0 1.0 1.541 0.558 0.36 0.614 1.452 0.01
1035.8 1.0 1.0 1.0 1.541 0.558 0.36 0.614 1.452 0.01
1035.9 1.0 1.0 1.0 1.541 0.558 0.36 0.614 1.452 0.01
1036.0 1.0 1.0 1.0 1.541 0.558 0.36 0.614 1.452 0.01
1036.1 1.0 1.0 1.0 1.541 0.558 0.36 0.614 1.452 0.01
1036.2 1.0 1.0 1.0 1.542 0.558 0.36 0.614 1.452 0.01
1036.3 1.0 1.0 1.0 1.542 0.558 0.36 0.614 1.452 0.01
1036.4 1.0 1.0 1.0 1.542 0.558 0.36 0.614 1.452 0.01
1036.5 1.0 1.0 1.0 1.542 0.558 0.36 0.614 1.452 0.01
1036.6 1.0 1.0 1.0 1.542 0.558 0.36 0.614 1.452 0.01
1036.7 1.0 1.0 1.0 1.542 0.558 0.36 0.614 1.452 0.01
1036.8 1.0 1.0 1.0 1.542 0.558 0.36 0.614 1.452 0.01
1036.9 1.0 1.0 1.0 1.542 0.558 0.36 0.614 1.452 0.01
1037.0 1.0 1.0 1.0 1.542 0.558 0.36 0.614 1.452 0.01
1037.1 1.0 1.0 1.0 1.542 0.558 0.36 0.614 1.452 0.01
1037.2 1.0 1.0 1.0 1.542 0.558 0.36 0.614 1.452 0.01
1037.3 1.0 1.0 1.0 1.542 0.558 0.36 0.614 1.452 0.01
1037.4 1.0 1.0 1.0 1.542 0.558 0.36 0.614 1.452 0.01
1037.5 1.0 1.0 1.0 1.542 0.558 0.36 0.614 1.452 0.01
1037.6 1.0 1.0 1.0 1.542 0.558 0.36 0.614 1.452 0.01
1037.7 1.0 1.0 1.0 1.542 0.558 0.36 0.614 1.452 0.01
1037.8 1.0 1.0 1.0 1.542 0.558 0.36 0.614 1.452 0.01
1037.9 1.0 1.0 1.0 1.542 0.558 0.36 0.614 1.452 0.01
1038.0 1.0 1.0 1.0 1.542 0.558 0.36 0.614 1.452 0.01
1038.1 1.0 1.0 1.0 1.542 0.558 0.36 0.614 1.452 0.01
1038.2 1.0 1.0 1.0 1.542 0.558 0.36 0.614 1.452 0.01
1038.3 1.0 1.0 1.0 1.542 0.558 0.36 0.614 1.452 0.01
1038.4 1.0 1.0 1.0 1.542 0.558 0.36 0.614 1.452 0.01
1038.5 1.0 1.0 1.0 1.542 0.558 0.36 0.614 1.452 0.01
1038.6 1.0 1.0 1.0 1.542 0.558 0.36 0.614 1.452 0.01
1038.7 1.0 1.0 1.0 1.542 0.558 0.36 0.614 1.452 0.01
1038.8 1.0 1.0 1.0 1.542 0.558 0.36 0.614 1.452 0.01
1038.9 1.0 1.0 1.0 1.542 0.558 0.36 0.614 1.452 0.01
1039.0 1.0 1.0 1.0 1.543 0.558 0.36 0.614 1.452 0.01
1039.1 1.0 1.0 1.0 1.543 0.558 0.36 0.614 1.452 0.01
1039.2 1.0 1.0 1.0 1.543 0.558 0.36 0.614 1.452 0.01
1039.3 1.0 1.0 1.0 1.543 0.558 0.36 0.614 1.452 0.01
1039.4 1.0 1.0 1.0 1.543 0.558 0.36 0.614 1.452 0.01
1039.5 1.0 1.0 1.0 1.543 0.558 0.36 0.614 1.452 0.01
1039.6 1.0 1.0 1.0 1.543 0.558 0.36 0.614 1.452 0.01
1039.7 1.0 1.0 1.0 1.543 0.558 0.36 0.614 1.452 0.01
1039.8 1.0 1.0 1.0 1.543 0.558 0.36 0.614 1.452 0.01
1039.9 1.0 1.0 1.0 1.543 0.558 0.36 0.614 1.452 0.01
1040.0 1.0 1.0 1.0 1.543 0.558 0.36 0.614 1.452 0.01
1040.1 1.0 1.0 1.0 1.543 0.558 0.36 0.614 1.452 0.01
1040.2 1.0 1.0 1.0 1.543 0.558 0.36 0.614 1.452 0.01
1040.3 1.0 1.0 1.0 1.543 0.558 0.36 0.614 1.452 0.01
1040.4 1.0 1.0 1.0 1.543 0.558 0.36 0.614 1.452 0.01
1040.5 1.0 1.0 1.0 1.543 0.558 0.36 0.614 1.452 0.01
1040.6 1.0 1.0 1.0 1.543 0.558 0.36 0.614 1.452 0.01
1040.7 1.0 1.0 1.0 1.543 0.558 0.36 0.614 1.452 0.01
1040.8 1.0 1.0 1.0 1.543 0.558 0.36 0.614 1.452 0.01
1040.9 1.0 1.0 1.0 1.543 0.558 0.36 0.614 1.452 0.01
1041.0 1.0 1.0 1.0 1.543 0.558 0.36 0.614 1.452 0.01
1041.1 1.0 1.0 1.0 1.543 0.558 0.36 0.614 1.452 0.01
1041.2 1.0 1.0 1.0 1.543 0.558 0.36 0.614 1.452 0.01
1041.3 1.0 1.0 1.0 1.543 0.558 0.36 0.614 1.452 0.01
1041.4 1.0 1.0 1.0 1.543 0.558 0.36 0.614 1.452 0.01
1041.5 1.0 1.0 1.0 1.543 0.558 0.36 0.614 1.452 0.01
1041.6 1.0 1.0 1.0 1.543 0.558 0.36 0.614 1.452 0.01
1041.7 1.0 1.0 1.0 1.543 0.558 0.36 0.614 1.452 0.01
1041.8 1.0 1.0 1.0 1.543 0.558 0.36 0.614 1.452 0.01
1041.9 1.0 1.0 1.0 1.543 0.558 0.36 0.614 1.452 0.01
1042.0 1.0 1.0 1.0 1.543 0.558 0.36 0.614 1.452 0.01
1042.1 1.0 1.0 1.0 1.543 0.558 0.36 0.614 1.452 0.01
1042.2 1.0 1.0 1.0 1.543 0.558 0.36 0.614 1.452 0.01
1042.3 1.0 1.0 1.0 1.543 0.558 0.36 0.614 1.452 0.01
1042.4 1.0 1.0 1.0 1.543 0.558 0.36 0.614 1.452 0.01
1042.5 1.0 1.0 1.0 1.543 0.558 0.36 0.614 1.452 0.01
1042.6 1.0 1.0 1.0 1.543 0.558 0.36 0.614 1.452 0.01
1042.7 1.0 1.0 1.0 1.543 0.558 0.36 0.614 1.452 0.01
1042.8 1.0 1.0 1.0 1.544 0.558 0.36 0.614 1.452 0.01
1042.9 1.0 1.0 1.0 1.544 0.558 0.36 0.614 1.452 0.01
1043.0 1.0 1.0 1.0 1.544 0.558 0.36 0.614 1.452 0.01
1043.1 1.0 1.0 1.0 1.544 0.558 0.36 0.614 1.452 0.01
1043.2 1.0 1.0 1.0 1.544 0.558 0.36 0.614 1.452 0.01
1043.3 1.0 1.0 1.0 1.544 0.558 0.36 0.614 1.452 0.01
1043.4 1.0 1.0 1.0 1.544 0.558 0.36 0.614 1.452 0.01
1043.5 1.0 1.0 1.0 1.544 0.558 0.36 0.614 1.452 0.01
1043.6 1.0 1.0 1.0 1.544 0.558 0.36 0.614 1.452 0.01
1043.7 1.0 1.0 1.0 1.544 0.558 0.36 0.614 1.452 0.01
1043.8 1.0 1.0 1.0 1.544 0.558 0.36 0.614 1.452 0.01
1043.9 1.0 1.0 1.0 1.544 0.558 0.36 0.614 1.452 0.01
1044.0 1.0 1.0 1.0 1.544 0.558 0.36 0.614 1.452 0.01
1044.1 1.0 1.0 1.0 1.544 0.558 0.36 0.614 1.452 0.01
1044.2 1.0 1.0 1.0 1.544 0.558 0.36 0.614 1.452 0.01
1044.3 1.0 1.0 1.0 1.544 0.558 0.36 0.614 1.452 0.01
1044.4 1.0 1.0 1.0 1.544 0.558 0.36 0.614 1.452 0.01
1044.5 1.0 1.0 1.0 1.544 0.558 0.36 0.614 1.452 0.01
1044.6 1.0 1.0 1.0 1.544 0.558 0.36 0.614 1.452 0.01
1044.7 1.0 1.0 1.0 1.544 0.558 0.36 0.614 1.452 0.01
1044.8 1.0 1.0 1.0 1.544 0.558 0.36 0.614 1.452 0.01
1044.9 1.0 1.0 1.0 1.544 0.558 0.36 0.614 1.452 0.01
1045.0 1.0 1.0 1.0 1.544 0.558 0.36 0.614 1.452 0.01
1045.1 1.0 1.0 1.0 1.544 0.558 0.36 0.614 1.452 0.01
1045.2 1.0 1.0 1.0 1.544 0.558 0.36 0.614 1.452 0.01
1045.3 1.0 1.0 1.0 1.544 0.558 0.36 0.614 1.452 0.01
1045.4 1.0 1.0 1.0 1.544 0.558 0.36 0.614 1.452 0.01
1045.5 1.0 1.0 1.0 1.544 0.558 0.36 0.614 1.452 0.01
1045.6 1.0 1.0 1.0 1.544 0.558 0.36 0.614 1.452 0.01
1045.7 1.0 1.0 1.0 1.544 0.558 0.36 0.614 1.452 0.01
1045.8 1.0 1.0 1.0 1.544 0.558 0.36 0.614 1.452 0.01
1045.9 1.0 1.0 1.0 1.544 0.558 0.36 0.614 1.452 0.01
1046.0 1.0 1.0 1.0 1.544 0.558 0.36 0.614 1.452 0.01
1046.1 1.0 1.0 1.0 1.544 0.558 0.36 0.614 1.452 0.01
1046.2 1.0 1.0 1.0 1.544 0.558 0.36 0.614 1.452 0.01
1046.3 1.0 1.0 1.0 1.544 0.558 0.36 0.614 1.452 0.01
1046.4 1.0 1.0 1.0 1.544 0.558 0.36 0.614 1.452 0.01
1046.5 1.0 1.0 1.0 1.544 0.558 0.36 0.614 1.452 0.01
1046.6 1.0 1.0 1.0 1.544 0.558 0.36 0.614 1.452 0.01
1046.7 1.0 1.0 1.0 1.544 0.558 0.36 0.614 1.452 0.01
1046.8 1.0 1.0 1.0 1.544 0.558 0.36 0.614 1.452 0.01
1046.9 1.0 1.0 1.0 1.544 0.558 0.36 0.614 1.452 0.01
1047.0 1.0 1.0 1.0 1.544 0.558 0.36 0.614 1.452 0.01
1047.1 1.0 1.0 1.0 1.544 0.558 0.36 0.614 1.452 0.01
1047.2 1.0 1.0 1.0 1.544 0.558 0.36 0.614 1.452 0.01
1047.3 1.0 1.0 1.0 1.544 0.558 0.36 0.614 1.452 0.01
1047.4 1.0 1.0 1.0 1.544 0.558 0.36 0.614 1.452 0.01
1047.5 1.0 1.0 1.0 1.544 0.558 0.36 0.614 1.452 0.01
1047.6 1.0 1.0 1.0 1.544 0.558 0.36 0.614 1.452 0.01
1047.7 1.0 1.0 1.0 1.544 0.558 0.36 0.614 1.452 0.01
1047.8 1.0 1.0 1.0 1.544 0.558 0.36 0.614 1.452 0.01
1047.9 1.0 1.0 1.0 1.544 0.558 0.36 0.614 1.452 0.01
1048.0 1.0 1.0 1.0 1.544 0.558 0.36 0.614 1.452 0.01
1048.1 1.0 1.0 1.0 1.544 0.558 0.36 0.614 1.452 0.01
1048.2 1.0 1.0 1.0 1.544 0.558 0.36 0.614 1.452 0.01
1048.3 1.0 1.0 1.0 1.544 0.558 0.36 0.614 1.452 0.01
1048.4 1.0 1.0 1.0 1.544 0.558 0.36 0.614 1.452 0.01
1048.5 1.0 1.0 1.0 1.544 0.558 0.36 0.614 1.452 0.01
1048.6 1.0 1.0 1.0 1.544 0.558 0.36 0.614 1.452 0.01
1048.7 1.0 1.0 1.0 1.544 0.558 0.36 0.614 1.452 0.01
1048.8 1.0 1.0 1.0 1.545 0.558 0.36 0.614 1.452 0.01
1048.9 1.0 1.0 1.0 1.545 0.558 0.36 0.614 1.452 0.01
1049.0 1.0 1.0 1.0 1.545 0.558 0.36 0.614 1.452 0.01
1049.1 1.0 1.0 1.0 1.545 0.558 0.36 0.614 1.452 0.01
1049.2 1.0 1.0 1.0 1.545 0.558 0.36 0.614 1.452 0.01
1049.3 1.0 1.0 1.0 1.545 0.558 0.36 0.614 1.452 0.01
1049.4 1.0 1.0 1.0 1.545 0.558 0.36 0.614 1.452 0.01
1049.5 1.0 1.0 1.0 1.545 0.558 0.36 0.614 1.452 0.01
1049.6 1.0 1.0 1.0 1.545 0.558 0.36 0.614 1.452 0.01
1049.7 1.0 1.0 1.0 1.545 0.558 0.36 0.614 1.452 0.01
1049.8 1.0 1.0 1.0 1.545 0.558 0.36 0.614 1.452 0.01
1049.9 1.0 1.0 1.0 1.545 0.558 0.36 0.614 1.452 0.01
1050.0 1.0 1.0 1.0 1.545 0.558 0.36 0.614 1.452 0.01
1050.1 1.0 1.0 1.0 1.545 0.558 0.36 0.614 1.452 0.01
1050.2 1.0 1.0 1.0 1.545 0.558 0.36 0.614 1.452 0.01
1050.3 1.0 1.0 1.0 1.545 0.558 0.36 0.614 1.452 0.01
1050.4 1.0 1.0 1.0 1.545 0.558 0.36 0.614 1.452 0.01
1050.5 1.0 1.0 1.0 1.545 0.558 0.36 0.614 1.452 0.01
1050.6 1.0 1.0 1.0 1.545 0.558 0.36 0.614 1.452 0.01
1050.7 1.0 1.0 1.0 1.545 0.558 0.36 0.614 1.452 0.01
1050.8 1.0 1.0 1.0 1.545 0.558 0.36 0.614 1.452 0.01
1050.9 1.0 1.0 1.0 1.545 0.558 0.36 0.614 1.452 0.01
1051.0 1.0 1.0 1.0 1.545 0.558 0.36 0.614 1.452 0.01
1051.1 1.0 1.0 1.0 1.545 0.558 0.36 0.614 1.452 0.01
1051.2 1.0 1.0 1.0 1.545 0.558 0.36 0.614 1.452 0.01
1051.3 1.0 1.0 1.0 1.545 0.558 0.36 0.614 1.452 0.01
1051.4 1.0 1.0 1.0 1.545 0.558 0.36 0.614 1.452 0.01
1051.5 1.0 1.0 1.0 1.545 0.558 0.36 0.614 1.452 0.01
1051.6 1.0 1.0 1.0 1.545 0.558 0.36 0.614 1.452 0.01
1051.7 1.0 1.0 1.0 1.545 0.558 0.36 0.614 1.452 0.01
1051.8 1.0 1.0 1.0 1.545 0.558 0.36 0.614 1.452 0.01
1051.9 1.0 1.0 1.0 1.545 0.558 0.36 0.614 1.452 0.01
1052.0 1.0 1.0 1.0 1.545 0.558 0.36 0.614 1.452 0.01
1052.1 1.0 1.0 1.0 1.545 0.558 0.36 0.614 1.452 0.01
1052.2 1.0 1.0 1.0 1.545 0.558 0.36 0.614 1.452 0.01
1052.3 1.0 1.0 1.0 1.545 0.558 0.36 0.614 1.452 0.01
1052.4 1.0 1.0 1.0 1.545 0.558 0.36 0.614 1.452 0.01
1052.5 1.0 1.0 1.0 1.545 0.558 0.36 0.614 1.452 0.01
1052.6 1.0 1.0 1.0 1.545 0.558 0.36 0.614 1.452 0.01
1052.7 1.0 1.0 1.0 1.545 0.558 0.36 0.614 1.452 0.01
1052.8 1.0 1.0 1.0 1.545 0.558 0.36 0.614 1.452 0.01
1052.9 1.0 1.0 1.0 1.545 0.558 0.36 0.614 1.452 0.01
1053.0 1.0 1.0 1.0 1.545 0.558 0.36 0.614 1.452 0.01
1053.1 1.0 1.0 1.0 1.545 0.558 0.36 0.614 1.452 0.01
1053.2 1.0 1.0 1.0 1.545 0.558 0.36 0.614 1.452 0.01
1053.3 1.0 1.0 1.0 1.545 0.558 0.36 0.614 1.452 0.01
1053.4 1.0 1.0 1.0 1.545 0.558 0.36 0.614 1.452 0.01
1053.5 1.0 1.0 1.0 1.545 0.558 0.36 0.614 1.452 0.01
1053.6 1.0 1.0 1.0 1.545 0.558 0.36 0.614 1.452 0.01
1053.7 1.0 1.0 1.0 1.545 0.558 0.36 0.614 1.452 0.01
1053.8 1.0 1.0 1.0 1.545 0.558 0.36 0.614 1.452 0.01
1053.9 1.0 1.0 1.0 1.545 0.558 0.36 0.614 1.452 0.01
1054.0 1.0 1.0 1.0 1.545 0.558 0.36 0.614 1.452 0.01
1054.1 1.0 1.0 1.0 1.545 0.558 0.36 0.614 1.452 0.01
1054.2 1.0 1.0 1.0 1.545 0.558 0.36 0.614 1.452 0.01
1054.3 1.0 1.0 1.0 1.545 0.558 0.36 0.614 1.452 0.01
1054.4 1.0 1.0 1.0 1.545 0.558 0.36 0.614 1.452 0.01
1054.5 1.0 1.0 1.0 1.545 0.558 0.36 0.614 1.452 0.01
1054.6 1.0 1.0 1.0 1.545 0.558 0.36 0.614 1.452 0.01
1054.7 1.0 1.0 1.0 1.545 0.558 0.36 0.614 1.452 0.01
1054.8 1.0 1.0 1.0 1.545 0.558 0.36 0.614 1.452 0.01
1054.9 1.0 1.0 1.0 1.545 0.558 0.36 0.614 1.452 0.01
1055.0 1.0 1.0 1.0 1.545 0.558 0.36 0.614 1.452 0.01
1055.1 1.0 1.0 1.0 1.545 0.558 0.36 0.614 1.452 0.01
1055.2 1.0 1.0 1.0 1.545 0.558 0.36 0.614 1.452 0.01
1055.3 1.0 1.0 1.0 1.545 0.558 0.36 0.614 1.452 0.01
1055.4 1.0 1.0 1.0 1.545 0.558 0.36 0.614 1.452 0.01
1055.5 1.0 1.0 1.0 1.545 0.558 0.36 0.614 1.452 0.01
1055.6 1.0 1.0 1.0 1.545 0.558 0.36 0.614 1.452 0.01
1055.7 1.0 1.0 1.0 1.545 0.558 0.36 0.614 1.452 0.01
1055.8 1.0 1.0 1.0 1.545 0.558 0.36 0.614 1.452 0.01
1055.9 1.0 1.0 1.0 1.545 0.558 0.36 0.614 1.452 0.01
1056.0 1.0 1.0 1.0 1.545 0.558 0.36 0.614 1.452 0.01
1056.1 1.0 1.0 1.0 1.545 0.558 0.36 0.614 1.452 0.01
1056.2 1.0 1.0 1.0 1.545 0.558 0.36 0.614 1.452 0.01
1056.3 1.0 1.0 1.0 1.545 0.558 0.36 0.614 1.452 0.01
1056.4 1.0 1.0 1.0 1.545 0.558 0.36 0.614 1.452 0.01
1056.5 1.0 1.0 1.0 1.545 0.558 0.36 0.614 1.452 0.01
1056.6 1.0 1.0 1.0 1.545 0.558 0.36 0.614 1.452 0.01
1056.7 1.0 1.0 1.0 1.545 0.558 0.36 0.614 1.452 0.01
1056.8 1.0 1.0 1.0 1.545 0.558 0.36 0.614 1.452 0.01
1056.9 1.0 1.0 1.0 1.545 0.558 0.36 0.614 1.452 0.01
1057.0 1.0 1.0 1.0 1.545 0.558 0.36 0.614 1.452 0.01
1057.1 1.0 1.0 1.0 1.545 0.558 0.36 0.614 1.452 0.01
1057.2 1.0 1.0 1.0 1.545 0.558 0.36 0.614 1.452 0.01
1057.3 1.0 1.0 1.0 1.545 0.558 0.36 0.614 1.452 0.01
1057.4 1.0 1.0 1.0 1.545 0.558 0.36 0.614 1.452 0.01
1057.5 1.0 1.0 1.0 1.545 0.558 0.36 0.614 1.452 0.01
1057.6 1.0 1.0 1.0 1.545 0.558 0.36 0.614 1.452 0.01
1057.7 1.0 1.0 1.0 1.545 0.558 0.36 0.614 1.452 0.01
1057.8 1.0 1.0 1.0 1.545 0.558 0.36 0.614 1.452 0.01
1057.9 1.0 1.0 1.0 1.545 0.558 0.36 0.614 1.452 0.01
1058.0 1.0 1.0 1.0 1.545 0.558 0.36 0.614 1.452 0.01
1058.1 1.0 1.0 1.0 1.545 0.558 0.36 0.614 1.452 0.01
1058.2 1.0 1.0 1.0 1.545 0.558 0.36 0.614 1.452 0.01
1058.3 1.0 1.0 1.0 1.545 0.558 0.36 0.614 1.452 0.01
1058.4 1.0 1.0 1.0 1.545 0.558 0.36 0.614 1.452 0.01
1058.5 1.0 1.0 1.0 1.545 0.558 0.36 0.614 1.452 0.01
1058.6 1.0 1.0 1.0 1.545 0.558 0.36 0.614 1.452 0.01
1058.7 1.0 1.0 1.0 1.545 0.558 0.36 0.614 1.452 0.01
1058.8 1.0 1.0 1.0 1.545 0.558 0.36 0.614 1.452 0.01
1058.9 1.0 1.0 1.0 1.545 0.558 0.36 0.614 1.452 0.01
1059.0 1.0 1.0 1.0 1.545 0.558 0.36 0.614 1.452 0.01
1059.1 1.0 1.0 1.0 1.545 0.558 0.36 0.614 1.452 0.01
1059.2 1.0 1.0 1.0 1.545 0.558 0.36 0.614 1.452 0.01
1059.3 1.0 1.0 1.0 1.545 0.558 0.36 0.614 1.452 0.01
1059.4 1.0 1.0 1.0 1.545 0.558 0.36 0.614 1.452 0.01
1059.5 1.0 1.0 1.0 1.545 0.558 0.36 0.614 1.452 0.01
1059.6 1.0 1.0 1.0 1.545 0.558 0.36 0.614 1.452 0.01
1059.7 1.0 1.0 1.0 1.545 0.558 0.36 0.614 1.452 0.01
1059.8 1.0 1.0 1.0 1.545 0.558 0.36 0.614 1.452 0.01
1059.9 1.0 1.0 1.0 1.545 0.558 0.36 0.614 1.452 0.01
1060.0 1.0 1.0 1.0 1.545 0.558 0.36 0.614 1.452 0.01
1060.1 1.0 1.0 1.0 1.545 0.558 0.36 0.614 1.452 0.01
1060.2 1.0 1.0 1.0 1.545 0.558 0.36 0.614 1.452 0.01
1060.3 1.0 1.0 1.0 1.545 0.558 0.36 0.614 1.452 0.01
1060.4 1.0 1.0 1.0 1.545 0.558 0.36 0.614 1.452 0.01
1060.5 1.0 1.0 1.0 1.545 0.558 0.36 0.614 1.452 0.01
1060.6 1.0 1.0 1.0 1.545 0.559 0.36 0.614 1.452 0.01
1060.7 1.0 1.0 1.0 1.545 0.559 0.36 0.614 1.452 0.01
1060.8 1.0 1.0 1.0 1.545 0.559 0.36 0.614 1.452 0.01
1060.9 1.0 1.0 1.0 1.545 0.559 0.36 0.614 1.452 0.01
1061.0 1.0 1.0 1.0 1.545 0.559 0.36 0.614 1.452 0.01
1061.1 1.0 1.0 1.0 1.545 0.559 0.36 0.614 1.452 0.01
1061.2 1.0 1.0 1.0 1.545 0.559 0.36 0.614 1.452 0.01
1061.3 1.0 1.0 1.0 1.545 0.559 0.36 0.614 1.452 0.01
1061.4 1.0 1.0 1.0 1.545 0.559 0.36 0.614 1.452 0.01
1061.5 1.0 1.0 1.0 1.545 0.559 0.36 0.614 1.452 0.01
1061.6 1.0 1.0 1.0 1.545 0.559 0.36 0.614 1.452 0.01
1061.7 1.0 1.0 1.0 1.545 0.559 0.36 0.614 1.452 0.01
1061.8 1.0 1.0 1.0 1.545 0.559 0.36 0.614 1.452 0.01
1061.9 1.0 1.0 1.0 1.545 0.559 0.36 0.614 1.452 0.01
1062.0 1.0 1.0 1.0 1.545 0.559 0.36 0.614 1.452 0.01
1062.1 1.0 1.0 1.0 1.545 0.559 0.36 0.614 1.452 0.01
1062.2 1.0 1.0 1.0 1.545 0.559 0.36 0.614 1.452 0.01
1062.3 1.0 1.0 1.0 1.545 0.559 0.36 0.614 1.452 0.01
1062.4 1.0 1.0 1.0 1.545 0.559 0.36 0.614 1.452 0.01
1062.5 1.0 1.0 1.0 1.545 0.559 0.36 0.614 1.452 0.01
1062.6 1.0 1.0 1.0 1.545 0.559 0.36 0.614 1.452 0.01
1062.7 1.0 1.0 1.0 1.545 0.559 0.36 0.614 1.452 0.01
1062.8 1.0 1.0 1.0 1.545 0.559 0.36 0.614 1.452 0.01
1062.9 1.0 1.0 1.0 1.545 0.559 0.36 0.614 1.452 0.01
1063.0 1.0 1.0 1.0 1.545 0.559 0.36 0.614 1.452 0.01
1063.1 1.0 1.0 1.0 1.545 0.559 0.36 0.614 1.452 0.01
1063.2 1.0 1.0 1.0 1.545 0.559 0.36 0.614 1.452 0.01
1063.3 1.0 1.0 1.0 1.545 0.559 0.36 0.614 1.452 0.01
1063.4 1.0 1.0 1.0 1.545 0.559 0.36 0.614 1.452 0.01
1063.5 1.0 1.0 1.0 1.545 0.559 0.36 0.614 1.452 0.01
1063.6 1.0 1.0 1.0 1.545 0.559 0.36 0.614 1.452 0.01
1063.7 1.0 1.0 1.0 1.545 0.559 0.36 0.614 1.452 0.01
1063.8 1.0 1.0 1.0 1.545 0.559 0.36 0.614 1.452 0.01
1063.9 1.0 1.0 1.0 1.545 0.559 0.36 0.614 1.452 0.01
1064.0 1.0 1.0 1.0 1.545 0.559 0.36 0.614 1.452 0.01
1064.1 1.0 1.0 1.0 1.545 0.559 0.36 0.614 1.452 0.01
1064.2 1.0 1.0 1.0 1.545 0.559 0.36 0.614 1.452 0.01
1064.3 1.0 1.0 1.0 1.545 0.559 0.36 0.614 1.452 0.01
1064.4 1.0 1.0 1.0 1.545 0.559 0.36 0.614 1.452 0.01
1064.5 1.0 1.0 1.0 1.545 0.559 0.36 0.614 1.452 0.01
1064.6 1.0 1.0 1.0 1.545 0.559 0.36 0.614 1.452 0.01
1064.7 1.0 1.0 1.0 1.545 0.559 0.36 0.614 1.452 0.01
1064.8 1.0 1.0 1.0 1.545 0.559 0.36 0.614 1.452 0.01
1064.9 1.0 1.0 1.0 1.545 0.559 0.36 0.614 1.452 0.01
1065.0 1.0 1.0 1.0 1.545 0.559 0.36 0.614 1.452 0.01
1065.1 1.0 1.0 1.0 1.545 0.559 0.36 0.614 1.452 0.01
1065.2 1.0 1.0 1.0 1.545 0.559 0.36 0.614 1.452 0.01
1065.3 1.0 1.0 1.0 1.545 0.559 0.36 0.614 1.452 0.01
1065.4 1.0 1.0 1.0 1.545 0.559 0.36 0.614 1.452 0.01
1065.5 1.0 1.0 1.0 1.545 0.559 0.36 0.614 1.452 0.01
1065.6 1.0 1.0 1.0 1.545 0.559 0.36 0.614 1.452 0.01
1065.7 1.0 1.0 1.0 1.545 0.559 0.36 0.614 1.452 0.01
1065.8 1.0 1.0 1.0 1.545 0.559 0.36 0.614 1.452 0.01
1065.9 1.0 1.0 1.0 1.545 0.559 0.36 0.614 1.452 0.01
1066.0 1.0 1.0 1.0 1.545 0.559 0.36 0.614 1.452 0.01
1066.1 1.0 1.0 1.0 1.545 0.559 0.36 0.614 1.452 0.01
1066.2 1.0 1.0 1.0 1.545 0.559 0.36 0.614 1.452 0.01
1066.3 1.0 1.0 1.0 1.546 0.559 0.36 0.614 1.452 0.01
1066.4 1.0 1.0 1.0 1.546 0.559 0.36 0.614 1.452 0.01
1066.5 1.0 1.0 1.0 1.546 0.559 0.36 0.614 1.452 0.01
1066.6 1.0 1.0 1.0 1.546 0.559 0.36 0.614 1.452 0.01
1066.7 1.0 1.0 1.0 1.546 0.559 0.36 0.614 1.452 0.01
1066.8 1.0 1.0 1.0 1.546 0.559 0.36 0.614 1.452 0.01
1066.9 1.0 1.0 1.0 1.546 0.559 0.36 0.614 1.452 0.01
1067.0 1.0 1.0 1.0 1.546 0.559 0.36 0.614 1.452 0.01
1067.1 1.0 1.0 1.0 1.546 0.559 0.36 0.614 1.452 0.01
1067.2 1.0 1.0 1.0 1.546 0.559 0.36 0.614 1.452 0.01
1067.3 1.0 1.0 1.0 1.546 0.559 0.36 0.614 1.452 0.01
1067.4 1.0 1.0 1.0 1.546 0.559 0.36 0.614 1.452 0.01
1067.5 1.0 1.0 1.0 1.546 0.559 0.36 0.614 1.452 0.01
1067.6 1.0 1.0 1.0 1.546 0.559 0.36 0.614 1.452 0.01
1067.7 1.0 1.0 1.0 1.546 0.559 0.36 0.614 1.452 0.01
1067.8 1.0 1.0 1.0 1.546 0.559 0.36 0.614 1.452 0.01
1067.9 1.0 1.0 1.0 1.546 0.559 0.36 0.614 1.452 0.01
1068.0 1.0 1.0 1.0 1.546 0.559 0.36 0.614 1.452 0.01
1068.1 1.0 1.0 1.0 1.546 0.559 0.36 0.614 1.452 0.01
1068.2 1.0 1.0 1.0 1.546 0.559 0.36 0.614 1.452 0.01
1068.3 1.0 1.0 1.0 1.546 0.559 0.36 0.614 1.452 0.01
1068.4 1.0 1.0 1.0 1.546 0.559 0.36 0.614 1.452 0.01
1068.5 1.0 1.0 1.0 1.546 0.559 0.36 0.614 1.452 0.01
1068.6 1.0 1.0 1.0 1.546 0.559 0.36 0.614 1.452 0.01
1068.7 1.0 1.0 1.0 1.546 0.559 0.36 0.614 1.452 0.01
1068.8 1.0 1.0 1.0 1.546 0.559 0.36 0.614 1.452 0.01
1068.9 1.0 1.0 1.0 1.546 0.559 0.36 0.614 1.452 0.01
1069.0 1.0 1.0 1.0 1.546 0.559 0.36 0.614 1.452 0.01
1069.1 1.0 1.0 1.0 1.546 0.559 0.36 0.614 1.452 0.01
1069.2 1.0 1.0 1.0 1.546 0.559 0.36 0.614 1.452 0.01
1069.3 1.0 1.0 1.0 1.546 0.559 0.36 0.614 1.452 0.01
1069.4 1.0 1.0 1.0 1.546 0.559 0.36 0.614 1.452 0.01
1069.5 1.0 1.0 1.0 1.546 0.559 0.36 0.614 1.452 0.01
1069.6 1.0 1.0 1.0 1.546 0.559 0.36 0.614 1.452 0.01
1069.7 1.0 1.0 1.0 1.546 0.559 0.36 0.614 1.452 0.01
1069.8 1.0 1.0 1.0 1.546 0.559 0.36 0.614 1.452 0.01
1069.9 1.0 1.0 1.0 1.546 0.559 0.36 0.614 1.452 0.01
1070.0 1.0 1.0 1.0 1.546 0.559 0.36 0.614 1.452 0.01
1070.1 1.0 1.0 1.0 1.546 0.559 0.36 0.614 1.452 0.01
1070.2 1.0 1.0 1.0 1.546 0.559 0.36 0.614 1.452 0.01
1070.3 1.0 1.0 1.0 1.546 0.559 0.36 0.614 1.452 0.01
1070.4 1.0 1.0 1.0 1.546 0.559 0.36 0.614 1.452 0.01
1070.5 1.0 1.0 1.0 1.546 0.559 0.36 0.614 1.452 0.01
1070.6 1.0 1.0 1.0 1.546 0.559 0.36 0.614 1.452 0.01
1070.7 1.0 1.0 1.0 1.546 0.559 0.36 0.614 1.452 0.01
1070.8 1.0 1.0 1.0 1.546 0.559 0.36 0.614 1.452 0.01
1070.9 1.0 1.0 1.0 1.546 0.559 0.36 0.614 1.452 0.01
1071.0 1.0 1.0 1.0 1.546 0.559 0.36 0.614 1.452 0.01
1071.1 1.0 1.0 1.0 1.546 0.559 0.36 0.614 1.452 0.01
1071.2 1.0 1.0 1.0 1.546 0.559 0.36 0.614 1.452 0.01
1071.3 1.0 1.0 1.0 1.546 0.559 0.36 0.614 1.452 0.01
1071.4 1.0 1.0 1.0 1.546 0.559 0.36 0.614 1.452 0.01
1071.5 1.0 1.0 1.0 1.546 0.559 0.36 0.614 1.452 0.01
1071.6 1.0 1.0 1.0 1.546 0.559 0.36 0.614 1.452 0.01
1071.7 1.0 1.0 1.0 1.546 0.559 0.36 0.614 1.452 0.01
1071.8 1.0 1.0 1.0 1.546 0.559 0.36 0.614 1.452 0.01
1071.9 1.0 1.0 1.0 1.546 0.559 0.36 0.614 1.452 0.01
1072.0 1.0 1.0 1.0 1.546 0.559 0.36 0.614 1.452 0.01
1072.1 1.0 1.0 1.0 1.546 0.559 0.36 0.614 1.452 0.01
1072.2 1.0 1.0 1.0 1.546 0.559 0.36 0.614 1.452 0.01
1072.3 1.0 1.0 1.0 1.546 0.559 0.36 0.614 1.452 0.01
1072.4 1.0 1.0 1.0 1.546 0.559 0.36 0.614 1.452 0.01
1072.5 1.0 1.0 1.0 1.546 0.559 0.36 0.614 1.452 0.01
1072.6 1.0 1.0 1.0 1.546 0.559 0.36 0.614 1.452 0.01
1072.7 1.0 1.0 1.0 1.546 0.559 0.36 0.614 1.452 0.01
1072.8 1.0 1.0 1.0 1.546 0.559 0.36 0.614 1.452 0.01
1072.9 1.0 1.0 1.0 1.546 0.559 0.36 0.614 1.452 0.01
1073.0 1.0 1.0 1.0 1.546 0.559 0.36 0.614 1.452 0.01
1073.1 1.0 1.0 1.0 1.546 0.559 0.36 0.614 1.452 0.01
1073.2 1.0 1.0 1.0 1.546 0.559 0.36 0.614 1.452 0.01
1073.3 1.0 1.0 1.0 1.546 0.559 0.36 0.614 1.452 0.01
1073.4 1.0 1.0 1.0 1.546 0.559 0.36 0.614 1.452 0.01
1073.5 1.0 1.0 1.0 1.546 0.559 0.36 0.614 1.452 0.01
1073.6 1.0 1.0 1.0 1.546 0.559 0.36 0.614 1.452 0.01
1073.7 1.0 1.0 1.0 1.546 0.559 0.36 0.614 1.452 0.01
1073.8 1.0 1.0 1.0 1.546 0.559 0.36 0.614 1.452 0.01
1073.9 1.0 1.0 1.0 1.546 0.559 0.36 0.614 1.452 0.01
1074.0 1.0 1.0 1.0 1.546 0.559 0.36 0.614 1.452 0.01
1074.1 1.0 1.0 1.0 1.546 0.559 0.36 0.614 1.452 0.01
1074.2 1.0 1.0 1.0 1.546 0.559 0.36 0.614 1.452 0.01
1074.3 1.0 1.0 1.0 1.546 0.559 0.36 0.614 1.452 0.01
1074.4 1.0 1.0 1.0 1.546 0.559 0.36 0.614 1.452 0.01
1074.5 1.0 1.0 1.0 1.546 0.559 0.36 0.614 1.452 0.01
1074.6 1.0 1.0 1.0 1.546 0.559 0.36 0.614 1.452 0.01
1074.7 1.0 1.0 1.0 1.546 0.559 0.36 0.614 1.452 0.01
1074.8 1.0 1.0 1.0 1.546 0.559 0.36 0.614 1.452 0.01
1074.9 1.0 1.0 1.0 1.546 0.559 0.36 0.614 1.452 0.01
1075.0 1.0 1.0 1.0 1.546 0.559 0.36 0.614 1.452 0.01
1075.1 1.0 1.0 1.0 1.546 0.559 0.36 0.614 1.452 0.01
1075.2 1.0 1.0 1.0 1.546 0.559 0.36 0.614 1.452 0.01
1075.3 1.0 1.0 1.0 1.546 0.559 0.36 0.614 1.452 0.01
1075.4 1.0 1.0 1.0 1.546 0.559 0.36 0.614 1.452 0.01
1075.5 1.0 1.0 1.0 1.546 0.559 0.36 0.614 1.452 0.01
1075.6 1.0 1.0 1.0 1.546 0.559 0.36 0.614 1.452 0.01
1075.7 1.0 1.0 1.0 1.546 0.559 0.36 0.614 1.452 0.01
1075.8 1.0 1.0 1.0 1.546 0.559 0.36 0.614 1.452 0.01
1075.9 1.0 1.0 1.0 1.546 0.559 0.36 0.614 1.452 0.01
1076.0 1.0 1.0 1.0 1.546 0.559 0.36 0.614 1.452 0.01
1076.1 1.0 1.0 1.0 1.546 0.559 0.36 0.614 1.452 0.01
1076.2 1.0 1.0 1.0 1.546 0.559 0.36 0.614 1.452 0.01
1076.3 1.0 1.0 1.0 1.546 0.559 0.36 0.614 1.452 0.01
1076.4 1.0 1.0 1.0 1.546 0.559 0.36 0.614 1.452 0.01
1076.5 1.0 1.0 1.0 1.546 0.559 0.36 0.614 1.452 0.01
1076.6 1.0 1.0 1.0 1.546 0.559 0.36 0.614 1.452 0.01
1076.7 1.0 1.0 1.0 1.546 0.559 0.36 0.614 1.452 0.01
1076.8 1.0 1.0 1.0 1.546 0.559 0.36 0.614 1.452 0.01
1076.9 1.0 1.0 1.0 1.546 0.559 0.36 0.614 1.452 0.01
1077.0 1.0 1.0 1.0 1.546 0.559 0.36 0.614 1.452 0.01
1077.1 1.0 1.0 1.0 1.546 0.559 0.36 0.614 1.452 0.01
1077.2 1.0 1.0 1.0 1.546 0.559 0.36 0.614 1.452 0.01
1077.3 1.0 1.0 1.0 1.546 0.559 0.36 0.614 1.452 0.01
1077.4 1.0 1.0 1.0 1.546 0.559 0.36 0.614 1.452 0.01
1077.5 1.0 1.0 1.0 1.546 0.559 0.36 0.614 1.452 0.01
1077.6 1.0 1.0 1.0 1.546 0.559 0.36 0.614 1.452 0.01
1077.7 1.0 1.0 1.0 1.546 0.559 0.36 0.614 1.452 0.01
1077.8 1.0 1.0 1.0 1.546 0.559 0.36 0.614 1.452 0.01
1077.9 1.0 1.0 1.0 1.546 0.559 0.36 0.614 1.452 0.01
1078.0 1.0 1.0 1.0 1.546 0.559 0.36 0.614 1.452 0.01
1078.1 1.0 1.0 1.0 1.546 0.559 0.36 0.614 1.452 0.01
1078.2 1.0 1.0 1.0 1.546 0.559 0.36 0.614 1.452 0.01
1078.3 1.0 1.0 1.0 1.546 0.559 0.36 0.614 1.452 0.01
1078.4 1.0 1.0 1.0 1.546 0.559 0.36 0.614 1.452 0.01
1078.5 1.0 1.0 1.0 1.546 0.559 0.36 0.614 1.452 0.01
1078.6 1.0 1.0 1.0 1.546 0.559 0.36 0.614 1.452 0.01
1078.7 1.0 1.0 1.0 1.546 0.559 0.36 0.614 1.452 0.01
1078.8 1.0 1.0 1.0 1.546 0.559 0.36 0.614 1.452 0.01
1078.9 1.0 1.0 1.0 1.546 0.559 0.36 0.614 1.452 0.01
1079.0 1.0 1.0 1.0 1.546 0.559 0.36 0.614 1.452 0.01
1079.1 1.0 1.0 1.0 1.546 0.559 0.36 0.614 1.452 0.01
1079.2 1.0 1.0 1.0 1.546 0.559 0.36 0.614 1.452 0.01
1079.3 1.0 1.0 1.0 1.546 0.559 0.36 0.614 1.452 0.01
1079.4 1.0 1.0 1.0 1.546 0.559 0.36 0.614 1.452 0.01
1079.5 1.0 1.0 1.0 1.546 0.559 0.36 0.614 1.452 0.01
1079.6 1.0 1.0 1.0 1.546 0.559 0.36 0.614 1.452 0.01
1079.7 1.0 1.0 1.0 1.546 0.559 0.36 0.614 1.452 0.01
1079.8 1.0 1.0 1.0 1.546 0.559 0.36 0.614 1.452 0.01
1079.9 1.0 1.0 1.0 1.546 0.559 0.36 0.614 1.452 0.01
1080.0 1.0 1.0 1.0 1.546 0.559 0.36 0.614 1.452 0.01
1080.1 1.0 1.0 1.0 1.546 0.559 0.36 0.614 1.452 0.01
1080.2 1.0 1.0 1.0 1.546 0.559 0.36 0.614 1.452 0.01
1080.3 1.0 1.0 1.0 1.546 0.559 0.36 0.614 1.452 0.01
1080.4 1.0 1.0 1.0 1.546 0.559 0.36 0.614 1.452 0.01
1080.5 1.0 1.0 1.0 1.546 0.559 0.36 0.614 1.452 0.01
1080.6 1.0 1.0 1.0 1.546 0.559 0.36 0.614 1.452 0.01
1080.7 1.0 1.0 1.0 1.546 0.559 0.36 0.614 1.452 0.01
1080.8 1.0 1.0 1.0 1.546 0.559 0.36 0.614 1.452 0.01
1080.9 1.0 1.0 1.0 1.546 0.559 0.36 0.614 1.452 0.01
1081.0 1.0 1.0 1.0 1.546 0.559 0.36 0.614 1.452 0.01
1081.1 1.0 1.0 1.0 1.546 0.559 0.36 0.614 1.452 0.01
1081.2 1.0 1.0 1.0 1.546 0.559 0.36 0.614 1.452 0.01
1081.3 1.0 1.0 1.0 1.546 0.559 0.36 0.614 1.452 0.01
1081.4 1.0 1.0 1.0 1.546 0.559 0.36 0.614 1.452 0.01
1081.5 1.0 1.0 1.0 1.546 0.559 0.36 0.614 1.452 0.01
1081.6 1.0 1.0 1.0 1.546 0.559 0.36 0.614 1.452 0.01
1081.7 1.0 1.0 1.0 1.546 0.559 0.36 0.614 1.452 0.01
1081.8 1.0 1.0 1.0 1.546 0.559 0.36 0.614 1.452 0.01
1081.9 1.0 1.0 1.0 1.546 0.559 0.36 0.614 1.452 0.01
1082.0 1.0 1.0 1.0 1.546 0.559 0.36 0.614 1.452 0.01
1082.1 1.0 1.0 1.0 1.546 0.559 0.36 0.614 1.452 0.01
1082.2 1.0 1.0 1.0 1.546 0.559 0.36 0.614 1.452 0.01
1082.3 1.0 1.0 1.0 1.546 0.559 0.36 0.614 1.452 0.01
1082.4 1.0 1.0 1.0 1.546 0.559 0.36 0.614 1.452 0.01
1082.5 1.0 1.0 1.0 1.546 0.559 0.36 0.614 1.452 0.01
1082.6 1.0 1.0 1.0 1.546 0.559 0.36 0.614 1.452 0.01
1082.7 1.0 1.0 1.0 1.546 0.559 0.36 0.614 1.452 0.01
1082.8 1.0 1.0 1.0 1.546 0.559 0.36 0.614 1.452 0.01
1082.9 1.0 1.0 1.0 1.546 0.559 0.36 0.614 1.452 0.01
1083.0 1.0 1.0 1.0 1.546 0.559 0.36 0.614 1.452 0.01
1083.1 1.0 1.0 1.0 1.546 0.559 0.36 0.614 1.452 0.01
1083.2 1.0 1.0 1.0 1.546 0.559 0.36 0.614 1.452 0.01
1083.3 1.0 1.0 1.0 1.546 0.559 0.36 0.614 1.452 0.01
1083.4 1.0 1.0 1.0 1.546 0.559 0.36 0.614 1.452 0.01
1083.5 1.0 1.0 1.0 1.546 0.559 0.36 0.614 1.452 0.01
1083.6 1.0 1.0 1.0 1.546 0.559 0.36 0.614 1.452 0.01
1083.7 1.0 1.0 1.0 1.546 0.559 0.36 0.614 1.452 0.01
1083.8 1.0 1.0 1.0 1.546 0.559 0.36 0.614 1.452 0.01
1083.9 1.0 1.0 1.0 1.546 0.559 0.36 0.614 1.452 0.01
1084.0 1.0 1.0 1.0 1.546 0.559 0.36 0.614 1.452 0.01
1084.1 1.0 1.0 1.0 1.546 0.559 0.36 0.614 1.452 0.01
1084.2 1.0 1.0 1.0 1.546 0.559 0.36 0.614 1.452 0.01
1084.3 1.0 1.0 1.0 1.546 0.559 0.36 0.614 1.452 0.01
1084.4 1.0 1.0 1.0 1.546 0.559 0.36 0.614 1.452 0.01
1084.5 1.0 1.0 1.0 1.546 0.559 0.36 0.614 1.452 0.01
1084.6 1.0 1.0 1.0 1.546 0.559 0.36 0.614 1.452 0.01
1084.7 1.0 1.0 1.0 1.546 0.559 0.36 0.614 1.452 0.01
1084.8 1.0 1.0 1.0 1.546 0.559 0.36 0.614 1.452 0.01
1084.9 1.0 1.0 1.0 1.546 0.559 0.36 0.614 1.452 0.01
1085.0 1.0 1.0 1.0 1.546 0.559 0.36 0.614 1.452 0.01
1085.1 1.0 1.0 1.0 1.546 0.559 0.36 0.614 1.452 0.01
1085.2 1.0 1.0 1.0 1.546 0.559 0.36 0.614 1.452 0.01
1085.3 1.0 1.0 1.0 1.546 0.559 0.36 0.614 1.452 0.01
1085.4 1.0 1.0 1.0 1.546 0.559 0.36 0.614 1.452 0.01
1085.5 1.0 1.0 1.0 1.546 0.559 0.36 0.614 1.452 0.01
1085.6 1.0 1.0 1.0 1.546 0.559 0.36 0.614 1.452 0.01
1085.7 1.0 1.0 1.0 1.546 0.559 0.36 0.614 1.452 0.01
1085.8 1.0 1.0 1.0 1.546 0.559 0.36 0.614 1.452 0.01
1085.9 1.0 1.0 1.0 1.546 0.559 0.36 0.614 1.452 0.01
1086.0 1.0 1.0 1.0 1.546 0.559 0.36 0.614 1.452 0.01
1086.1 1.0 1.0 1.0 1.546 0.559 0.36 0.614 1.452 0.01
1086.2 1.0 1.0 1.0 1.546 0.559 0.36 0.614 1.452 0.01
1086.3 1.0 1.0 1.0 1.546 0.559 0.36 0.614 1.452 0.01
1086.4 1.0 1.0 1.0 1.546 0.559 0.36 0.614 1.452 0.01
1086.5 1.0 1.0 1.0 1.546 0.559 0.36 0.614 1.452 0.01
1086.6 1.0 1.0 1.0 1.546 0.559 0.36 0.614 1.452 0.01
1086.7 1.0 1.0 1.0 1.546 0.559 0.36 0.614 1.452 0.01
1086.8 1.0 1.0 1.0 1.546 0.559 0.36 0.614 1.452 0.01
1086.9 1.0 1.0 1.0 1.546 0.559 0.36 0.614 1.452 0.01
1087.0 1.0 1.0 1.0 1.546 0.559 0.36 0.614 1.452 0.01
1087.1 1.0 1.0 1.0 1.546 0.559 0.36 0.614 1.452 0.01
1087.2 1.0 1.0 1.0 1.546 0.559 0.36 0.614 1.452 0.01
1087.3 1.0 1.0 1.0 1.546 0.559 0.36 0.614 1.452 0.01
1087.4 1.0 1.0 1.0 1.546 0.559 0.36 0.614 1.452 0.01
1087.5 1.0 1.0 1.0 1.546 0.559 0.36 0.614 1.452 0.01
1087.6 1.0 1.0 1.0 1.546 0.559 0.36 0.614 1.452 0.01
1087.7 1.0 1.0 1.0 1.546 0.559 0.36 0.614 1.452 0.01
1087.8 1.0 1.0 1.0 1.546 0.559 0.36 0.614 1.452 0.01
1087.9 1.0 1.0 1.0 1.546 0.559 0.36 0.614 1.452 0.01
1088.0 1.0 1.0 1.0 1.546 0.559 0.36 0.614 1.452 0.01
1088.1 1.0 1.0 1.0 1.546 0.559 0.36 0.614 1.452 0.01
1088.2 1.0 1.0 1.0 1.546 0.559 0.36 0.614 1.452 0.01
1088.3 1.0 1.0 1.0 1.546 0.559 0.36 0.614 1.452 0.01
1088.4 1.0 1.0 1.0 1.546 0.559 0.36 0.614 1.452 0.01
1088.5 1.0 1.0 1.0 1.546 0.559 0.36 0.614 1.452 0.01
1088.6 1.0 1.0 1.0 1.546 0.559 0.36 0.614 1.452 0.01
1088.7 1.0 1.0 1.0 1.546 0.559 0.36 0.614 1.452 0.01
1088.8 1.0 1.0 1.0 1.546 0.559 0.36 0.614 1.452 0.01
1088.9 1.0 1.0 1.0 1.546 0.559 0.36 0.614 1.452 0.01
1089.0 1.0 1.0 1.0 1.546 0.559 0.36 0.614 1.452 0.01
1089.1 1.0 1.0 1.0 1.546 0.559 0.36 0.614 1.452 0.01
1089.2 1.0 1.0 1.0 1.546 0.559 0.36 0.614 1.452 0.01
1089.3 1.0 1.0 1.0 1.546 0.559 0.36 0.614 1.452 0.01
1089.4 1.0 1.0 1.0 1.546 0.559 0.36 0.614 1.452 0.01
1089.5 1.0 1.0 1.0 1.546 0.559 0.36 0.614 1.452 0.01
1089.6 1.0 1.0 1.0 1.546 0.559 0.36 0.614 1.452 0.01
1089.7 1.0 1.0 1.0 1.546 0.559 0.36 0.614 1.452 0.01
1089.8 1.0 1.0 1.0 1.546 0.559 0.36 0.614 1.452 0.01
1089.9 1.0 1.0 1.0 1.546 0.559 0.36 0.614 1.452 0.01
1090.0 1.0 1.0 1.0 1.546 0.559 0.36 0.614 1.452 0.01
1090.1 1.0 1.0 1.0 1.546 0.559 0.36 0.614 1.452 0.01
1090.2 1.0 1.0 1.0 1.546 0.559 0.36 0.614 1.452 0.01
1090.3 1.0 1.0 1.0 1.546 0.559 0.36 0.614 1.452 0.01
1090.4 1.0 1.0 1.0 1.546 0.559 0.36 0.614 1.452 0.01
1090.5 1.0 1.0 1.0 1.546 0.559 0.36 0.614 1.452 0.01
1090.6 1.0 1.0 1.0 1.546 0.559 0.36 0.614 1.452 0.01
1090.7 1.0 1.0 1.0 1.546 0.559 0.36 0.614 1.452 0.01
1090.8 1.0 1.0 1.0 1.546 0.559 0.36 0.614 1.452 0.01
1090.9 1.0 1.0 1.0 1.546 0.559 0.36 0.614 1.452 0.01
1091.0 1.0 1.0 1.0 1.546 0.559 0.36 0.614 1.452 0.01
1091.1 1.0 1.0 1.0 1.546 0.559 0.36 0.614 1.452 0.01
1091.2 1.0 1.0 1.0 1.546 0.559 0.36 0.614 1.452 0.01
1091.3 1.0 1.0 1.0 1.546 0.559 0.36 0.614 1.452 0.01
1091.4 1.0 1.0 1.0 1.546 0.559 0.36 0.614 1.452 0.01
1091.5 1.0 1.0 1.0 1.546 0.559 0.36 0.614 1.452 0.01
1091.6 1.0 1.0 1.0 1.546 0.559 0.36 0.614 1.452 0.01
1091.7 1.0 1.0 1.0 1.546 0.559 0.36 0.614 1.452 0.01
1091.8 1.0 1.0 1.0 1.546 0.559 0.36 0.614 1.452 0.01
1091.9 1.0 1.0 1.0 1.546 0.559 0.36 0.614 1.452 0.01
1092.0 1.0 1.0 1.0 1.546 0.559 0.36 0.614 1.452 0.01
1092.1 1.0 1.0 1.0 1.546 0.559 0.36 0.614 1.452 0.01
1092.2 1.0 1.0 1.0 1.546 0.559 0.36 0.614 1.452 0.01
1092.3 1.0 1.0 1.0 1.546 0.559 0.36 0.614 1.452 0.01
1092.4 1.0 1.0 1.0 1.546 0.559 0.36 0.614 1.452 0.01
1092.5 1.0 1.0 1.0 1.546 0.559 0.36 0.614 1.452 0.01
1092.6 1.0 1.0 1.0 1.546 0.559 0.36 0.614 1.452 0.01
1092.7 1.0 1.0 1.0 1.546 0.559 0.36 0.614 1.452 0.01
1092.8 1.0 1.0 1.0 1.546 0.559 0.36 0.614 1.452 0.01
1092.9 1.0 1.0 1.0 1.546 0.559 0.36 0.614 1.452 0.01
1093.0 1.0 1.0 1.0 1.546 0.559 0.36 0.614 1.452 0.01
1093.1 1.0 1.0 1.0 1.546 0.559 0.36 0.614 1.452 0.01
1093.2 1.0 1.0 1.0 1.546 0.559 0.36 0.614 1.452 0.01
1093.3 1.0 1.0 1.0 1.546 0.559 0.36 0.614 1.452 0.01
1093.4 1.0 1.0 1.0 1.546 0.559 0.36 0.614 1.452 0.01
1093.5 1.0 1.0 1.0 1.546 0.559 0.36 0.614 1.452 0.01
1093.6 1.0 1.0 1.0 1.546 0.559 0.36 0.614 1.452 0.01
1093.7 1.0 1.0 1.0 1.546 0.559 0.36 0.614 1.452 0.01
1093.8 1.0 1.0 1.0 1.546 0.559 0.36 0.614 1.452 0.01
1093.9 1.0 1.0 1.0 1.546 0.559 0.36 0.614 1.452 0.01
1094.0 1.0 1.0 1.0 1.546 0.559 0.36 0.614 1.452 0.01
1094.1 1.0 1.0 1.0 1.546 0.559 0.36 0.614 1.452 0.01
1094.2 1.0 1.0 1.0 1.546 0.559 0.36 0.614 1.452 0.01
1094.3 1.0 1.0 1.0 1.546 0.559 0.36 0.614 1.452 0.01
1094.4 1.0 1.0 1.0 1.546 0.559 0.36 0.614 1.452 0.01
1094.5 1.0 1.0 1.0 1.546 0.559 0.36 0.614 1.452 0.01
1094.6 1.0 1.0 1.0 1.546 0.559 0.36 0.614 1.452 0.01
1094.7 1.0 1.0 1.0 1.546 0.559 0.36 0.614 1.452 0.01
1094.8 1.0 1.0 1.0 1.546 0.559 0.36 0.614 1.452 0.01
1094.9 1.0 1.0 1.0 1.546 0.559 0.36 0.614 1.452 0.01
1095.0 1.0 1.0 1.0 1.546 0.559 0.36 0.614 1.452 0.01
1095.1 1.0 1.0 1.0 1.546 0.559 0.36 0.614 1.452 0.01
1095.2 1.0 1.0 1.0 1.546 0.559 0.36 0.614 1.452 0.01
1095.3 1.0 1.0 1.0 1.546 0.559 0.36 0.614 1.452 0.01
1095.4 1.0 1.0 1.0 1.546 0.559 0.36 0.614 1.452 0.01
1095.5 1.0 1.0 1.0 1.546 0.559 0.36 0.614 1.452 0.01
1095.6 1.0 1.0 1.0 1.546 0.559 0.36 0.614 1.452 0.01
1095.7 1.0 1.0 1.0 1.546 0.559 0.36 0.614 1.452 0.01
1095.8 1.0 1.0 1.0 1.546 0.559 0.36 0.614 1.452 0.01
1095.9 1.0 1.0 1.0 1.546 0.559 0.36 0.614 1.452 0.01
1096.0 1.0 1.0 1.0 1.546 0.559 0.36 0.614 1.452 0.01
1096.1 1.0 1.0 1.0 1.546 0.559 0.36 0.614 1.452 0.01
1096.2 1.0 1.0 1.0 1.546 0.559 0.36 0.614 1.452 0.01
1096.3 1.0 1.0 1.0 1.546 0.559 0.36 0.614 1.452 0.01
1096.4 1.0 1.0 1.0 1.546 0.559 0.36 0.614 1.452 0.01
1096.5 1.0 1.0 1.0 1.546 0.559 0.36 0.614 1.452 0.01
1096.6 1.0 1.0 1.0 1.546 0.559 0.36 0.614 1.452 0.01
1096.7 1.0 1.0 1.0 1.546 0.559 0.36 0.614 1.452 0.01
1096.8 1.0 1.0 1.0 1.546 0.559 0.36 0.614 1.452 0.01
1096.9 1.0 1.0 1.0 1.546 0.559 0.36 0.614 1.452 0.01
1097.0 1.0 1.0 1.0 1.546 0.559 0.36 0.614 1.452 0.01
1097.1 1.0 1.0 1.0 1.546 0.559 0.36 0.614 1.452 0.01
1097.2 1.0 1.0 1.0 1.546 0.559 0.36 0.614 1.452 0.01
1097.3 1.0 1.0 1.0 1.546 0.559 0.36 0.614 1.452 0.01
1097.4 1.0 1.0 1.0 1.546 0.559 0.36 0.614 1.452 0.01
1097.5 1.0 1.0 1.0 1.546 0.559 0.36 0.614 1.452 0.01
1097.6 1.0 1.0 1.0 1.546 0.559 0.36 0.614 1.452 0.01
1097.7 1.0 1.0 1.0 1.546 0.559 0.36 0.614 1.452 0.01
1097.8 1.0 1.0 1.0 1.546 0.559 0.36 0.614 1.452 0.01
1097.9 1.0 1.0 1.0 1.546 0.559 0.36 0.614 1.452 0.01
1098.0 1.0 1.0 1.0 1.546 0.559 0.36 0.614 1.452 0.01
1098.1 1.0 1.0 1.0 1.546 0.559 0.36 0.614 1.452 0.01
1098.2 1.0 1.0 1.0 1.546 0.559 0.36 0.614 1.452 0.01
1098.3 1.0 1.0 1.0 1.546 0.559 0.36 0.614 1.452 0.01
1098.4 1.0 1.0 1.0 1.546 0.559 0.36 0.614 1.452 0.01
1098.5 1.0 1.0 1.0 1.546 0.559 0.36 0.614 1.452 0.01
1098.6 1.0 1.0 1.0 1.546 0.559 0.36 0.614 1.452 0.01
1098.7 1.0 1.0 1.0 1.546 0.559 0.36 0.614 1.452 0.01
1098.8 1.0 1.0 1.0 1.546 0.559 0.36 0.614 1.452 0.01
1098.9 1.0 1.0 1.0 1.546 0.559 0.36 0.614 1.452 0.01
1099.0 1.0 1.0 1.0 1.546 0.559 0.36 0.614 1.452 0.01
1099.1 1.0 1.0 1.0 1.546 0.559 0.36 0.614 1.452 0.01
1099.2 1.0 1.0 1.0 1.546 0.559 0.36 0.614 1.452 0.01
1099.3 1.0 1.0 1.0 1.546 0.559 0.36 0.614 1.452 0.01
1099.4 1.0 1.0 1.0 1.546 0.559 0.36 0.614 1.452 0.01
1099.5 1.0 1.0 1.0 1.546 0.559 0.36 0.614 1.452 0.01
1099.6 1.0 1.0 1.0 1.546 0.559 0.36 0.614 1.452 0.01
1099.7 1.0 1.0 1.0 1.546 0.559 0.36 0.614 1.452 0.01
1099.8 1.0 1.0 1.0 1.546 0.559 0.36 0.614 1.452 0.01
