900.0 1.0 1.0 1.0 1.49 0.547 0.348 0.011 0.01 0.008
900.1 1.0 1.0 1.0 1.49 0.547 0.348 0.012 0.011 0.007
900.2 1.0 1.0 1.0 1.49 0.547 0.348 0.012 0.011 0.006
900.3 1.0 1.0 1.0 1.49 0.547 0.348 0.012 0.012 0.006
900.4 1.0 1.0 1.0 1.49 0.547 0.348 0.012 0.012 0.005
900.5 1.0 1.0 1.0 1.49 0.547 0.348 0.012 0.012 0.005
900.6 1.0 1.0 1.0 1.49 0.547 0.348 0.012 0.013 0.005
900.7 1.0 1.0 1.0 1.491 0.547 0.348 0.012 0.013 0.005
900.8 1.0 1.0 1.0 1.491 0.547 0.348 0.012 0.013 0.004
900.9 1.0 1.0 1.0 1.491 0.547 0.348 0.012 0.013 0.004
901.0 1.0 1.0 1.0 1.491 0.547 0.348 0.012 0.013 0.004
901.1 1.0 1.0 1.0 1.491 0.547 0.348 0.012 0.013 0.004
901.2 1.0 1.0 1.0 1.491 0.547 0.348 0.012 0.013 0.004
901.3 1.0 1.0 1.0 1.492 0.547 0.348 0.012 0.014 0.004
901.4 1.0 1.0 1.0 1.492 0.547 0.348 0.012 0.014 0.004
901.5 1.0 1.0 1.0 1.492 0.547 0.348 0.012 0.014 0.004
901.6 1.0 1.0 1.0 1.492 0.547 0.348 0.012 0.014 0.004
901.7 1.0 1.0 1.0 1.492 0.547 0.348 0.012 0.014 0.004
901.8 1.0 1.0 1.0 1.493 0.547 0.348 0.012 0.014 0.004
901.9 1.0 1.0 1.0 1.493 0.547 0.348 0.012 0.014 0.004
902.0 1.0 1.0 1.0 1.493 0.548 0.348 0.012 0.014 0.004
902.1 1.0 1.0 1.0 1.493 0.548 0.348 0.012 0.014 0.004
902.2 1.0 1.0 1.0 1.493 0.548 0.348 0.012 0.014 0.004
902.3 1.0 1.0 1.0 1.494 0.548 0.348 0.012 0.014 0.004
902.4 1.0 1.0 1.0 1.494 0.548 0.348 0.012 0.014 0.004
902.5 1.0 1.0 1.0 1.494 0.548 0.348 0.012 0.014 0.004
902.6 1.0 1.0 1.0 1.494 0.548 0.348 0.012 0.014 0.004
902.7 1.0 1.0 1.0 1.494 0.548 0.348 0.012 0.014 0.004
902.8 1.0 1.0 1.0 1.495 0.548 0.348 0.012 0.014 0.004
902.9 1.0 1.0 1.0 1.495 0.548 0.348 0.012 0.014 0.004
903.0 1.0 1.0 1.0 1.495 0.548 0.348 0.012 0.014 0.004
903.1 1.0 1.0 1.0 1.495 0.548 0.348 0.012 0.014 0.004
903.2 1.0 1.0 1.0 1.495 0.548 0.348 0.012 0.014 0.004
903.3 1.0 1.0 1.0 1.496 0.548 0.348 0.012 0.014 0.004
903.4 1.0 1.0 1.0 1.496 0.548 0.348 0.012 0.014 0.004
903.5 1.0 1.0 1.0 1.496 0.548 0.348 0.012 0.014 0.004
903.6 1.0 1.0 1.0 1.496 0.548 0.348 0.012 0.014 0.004
903.7 1.0 1.0 1.0 1.496 0.548 0.348 0.012 0.014 0.004
903.8 1.0 1.0 1.0 1.497 0.548 0.348 0.012 0.014 0.004
903.9 1.0 1.0 1.0 1.497 0.548 0.348 0.012 0.014 0.004
904.0 1.0 1.0 1.0 1.497 0.548 0.348 0.012 0.014 0.004
904.1 1.0 1.0 1.0 1.497 0.548 0.348 0.012 0.014 0.004
904.2 1.0 1.0 1.0 1.497 0.548 0.348 0.012 0.014 0.004
904.3 1.0 1.0 1.0 1.497 0.548 0.349 0.012 0.014 0.004
904.4 1.0 1.0 1.0 1.498 0.548 0.349 0.012 0.014 0.004
904.5 1.0 1.0 1.0 1.498 0.548 0.349 0.012 0.014 0.004
904.6 1.0 1.0 1.0 1.498 0.548 0.349 0.012 0.014 0.004
904.7 1.0 1.0 1.0 1.498 0.549 0.349 0.012 0.014 0.004
904.8 1.0 1.0 1.0 1.498 0.549 0.349 0.012 0.014 0.004
904.9 1.0 1.0 1.0 1.498 0.549 0.349 0.012 0.014 0.004
905.0 1.0 1.0 1.0 1.499 0.549 0.349 0.012 0.014 0.004
905.1 1.0 1.0 1.0 1.499 0.549 0.349 0.012 0.014 0.004
905.2 1.0 1.0 1.0 1.499 0.549 0.349 0.012 0.014 0.004
905.3 1.0 1.0 1.0 1.499 0.549 0.349 0.012 0.014 0.004
905.4 1.0 1.0 1.0 1.499 0.549 0.349 0.012 0.014 0.004
905.5 1.0 1.0 1.0 1.499 0.549 0.349 0.012 0.014 0.004
905.6 1.0 1.0 1.0 1.5 0.549 0.349 0.012 0.014 0.004
905.7 1.0 1.0 1.0 1.5 0.549 0.349 0.012 0.014 0.004
905.8 1.0 1.0 1.0 1.5 0.549 0.349 0.012 0.014 0.004
905.9 1.0 1.0 1.0 1.5 0.549 0.349 0.012 0.014 0.004
906.0 1.0 1.0 1.0 1.5 0.549 0.349 0.012 0.014 0.004
906.1 1.0 1.0 1.0 1.5 0.549 0.349 0.012 0.014 0.004
906.2 1.0 1.0 1.0 1.5 0.549 0.349 0.012 0.014 0.004
906.3 1.0 1.0 1.0 1.501 0.549 0.349 0.012 0.014 0.004
906.4 1.0 1.0 1.0 1.501 0.549 0.349 0.012 0.014 0.004
906.5 1.0 1.0 1.0 1.501 0.549 0.349 0.012 0.014 0.004
906.6 1.0 1.0 1.0 1.501 0.549 0.349 0.012 0.014 0.004
906.7 1.0 1.0 1.0 1.501 0.549 0.349 0.012 0.014 0.004
906.8 1.0 1.0 1.0 1.501 0.549 0.349 0.012 0.014 0.004
906.9 1.0 1.0 1.0 1.502 0.549 0.349 0.012 0.014 0.004
907.0 1.0 1.0 1.0 1.502 0.549 0.349 0.012 0.014 0.004
907.1 1.0 1.0 1.0 1.502 0.549 0.349 0.012 0.014 0.004
907.2 1.0 1.0 1.0 1.502 0.549 0.349 0.012 0.014 0.004
907.3 1.0 1.0 1.0 1.502 0.549 0.349 0.012 0.014 0.004
907.4 1.0 1.0 1.0 1.502 0.549 0.349 0.012 0.014 0.004
907.5 1.0 1.0 1.0 1.502 0.549 0.349 0.012 0.014 0.004
907.6 1.0 1.0 1.0 1.503 0.549 0.349 0.012 0.014 0.004
907.7 1.0 1.0 1.0 1.503 0.549 0.349 0.012 0.014 0.004
907.8 1.0 1.0 1.0 1.503 0.549 0.349 0.012 0.014 0.004
907.9 1.0 1.0 1.0 1.503 0.549 0.349 0.012 0.014 0.004
908.0 1.0 1.0 1.0 1.503 0.55 0.349 0.012 0.014 0.004
908.1 1.0 1.0 1.0 1.503 0.55 0.349 0.012 0.014 0.004
908.2 1.0 1.0 1.0 1.503 0.55 0.349 0.012 0.014 0.004
908.3 1.0 1.0 1.0 1.503 0.55 0.349 0.012 0.014 0.004
908.4 1.0 1.0 1.0 1.504 0.55 0.349 0.012 0.014 0.004
908.5 1.0 1.0 1.0 1.504 0.55 0.349 0.012 0.014 0.004
908.6 1.0 1.0 1.0 1.504 0.55 0.349 0.012 0.014 0.004
908.7 1.0 1.0 1.0 1.504 0.55 0.349 0.012 0.014 0.004
908.8 1.0 1.0 1.0 1.504 0.55 0.349 0.012 0.014 0.004
908.9 1.0 1.0 1.0 1.504 0.55 0.349 0.012 0.014 0.004
909.0 1.0 1.0 1.0 1.504 0.55 0.349 0.012 0.014 0.004
909.1 1.0 1.0 1.0 1.504 0.55 0.349 0.012 0.014 0.004
909.2 1.0 1.0 1.0 1.505 0.55 0.349 0.012 0.014 0.004
909.3 1.0 1.0 1.0 1.505 0.55 0.349 0.012 0.014 0.004
909.4 1.0 1.0 1.0 1.505 0.55 0.35 0.012 0.014 0.004
909.5 1.0 1.0 1.0 1.505 0.55 0.35 0.012 0.014 0.004
909.6 1.0 1.0 1.0 1.505 0.55 0.35 0.012 0.014 0.004
909.7 1.0 1.0 1.0 1.505 0.55 0.35 0.012 0.014 0.004
909.8 1.0 1.0 1.0 1.505 0.55 0.35 0.012 0.014 0.004
909.9 1.0 1.0 1.0 1.505 0.55 0.35 0.012 0.014 0.004
910.0 1.0 1.0 1.0 1.506 0.55 0.35 0.012 0.014 0.004
910.1 1.0 1.0 1.0 1.506 0.55 0.35 0.012 0.014 0.004
910.2 1.0 1.0 1.0 1.506 0.55 0.35 0.012 0.014 0.004
910.3 1.0 1.0 1.0 1.506 0.55 0.35 0.012 0.014 0.004
910.4 1.0 1.0 1.0 1.506 0.55 0.35 0.012 0.014 0.004
910.5 1.0 1.0 1.0 1.506 0.55 0.35 0.012 0.014 0.004
910.6 1.0 1.0 1.0 1.506 0.55 0.35 0.012 0.014 0.004
910.7 1.0 1.0 1.0 1.506 0.55 0.35 0.012 0.014 0.004
910.8 1.0 1.0 1.0 1.506 0.55 0.35 0.012 0.014 0.004
910.9 1.0 1.0 1.0 1.507 0.55 0.35 0.012 0.014 0.004
911.0 1.0 1.0 1.0 1.507 0.55 0.35 0.012 0.014 0.004
911.1 1.0 1.0 1.0 1.507 0.55 0.35 0.012 0.014 0.004
911.2 1.0 1.0 1.0 1.507 0.55 0.35 0.012 0.014 0.004
911.3 1.0 1.0 1.0 1.507 0.55 0.35 0.012 0.014 0.004
911.4 1.0 1.0 1.0 1.507 0.55 0.35 0.012 0.014 0.004
911.5 1.0 1.0 1.0 1.507 0.55 0.35 0.012 0.014 0.004
911.6 1.0 1.0 1.0 1.507 0.55 0.35 0.012 0.014 0.004
911.7 1.0 1.0 1.0 1.507 0.55 0.35 0.012 0.014 0.004
911.8 1.0 1.0 1.0 1.507 0.55 0.35 0.012 0.014 0.004
911.9 1.0 1.0 1.0 1.508 0.55 0.35 0.012 0.014 0.004
912.0 1.0 1.0 1.0 1.508 0.55 0.35 0.012 0.014 0.004
912.1 1.0 1.0 1.0 1.508 0.55 0.35 0.012 0.014 0.004
912.2 1.0 1.0 1.0 1.508 0.55 0.35 0.012 0.014 0.004
912.3 1.0 1.0 1.0 1.508 0.55 0.35 0.012 0.014 0.004
912.4 1.0 1.0 1.0 1.508 0.551 0.35 0.012 0.014 0.004
912.5 1.0 1.0 1.0 1.508 0.551 0.35 0.012 0.014 0.004
912.6 1.0 1.0 1.0 1.508 0.551 0.35 0.012 0.014 0.004
912.7 1.0 1.0 1.0 1.508 0.551 0.35 0.012 0.014 0.004
912.8 1.0 1.0 1.0 1.508 0.551 0.35 0.012 0.014 0.004
912.9 1.0 1.0 1.0 1.509 0.551 0.35 0.012 0.014 0.004
913.0 1.0 1.0 1.0 1.509 0.551 0.35 0.012 0.014 0.004
913.1 1.0 1.0 1.0 1.509 0.551 0.35 0.012 0.014 0.004
913.2 1.0 1.0 1.0 1.509 0.551 0.35 0.012 0.014 0.004
913.3 1.0 1.0 1.0 1.509 0.551 0.35 0.012 0.014 0.004
913.4 1.0 1.0 1.0 1.509 0.551 0.35 0.012 0.014 0.004
913.5 1.0 1.0 1.0 1.509 0.551 0.35 0.012 0.014 0.004
913.6 1.0 1.0 1.0 1.509 0.551 0.35 0.012 0.014 0.004
913.7 1.0 1.0 1.0 1.509 0.551 0.35 0.012 0.014 0.004
913.8 1.0 1.0 1.0 1.509 0.551 0.35 0.012 0.014 0.004
913.9 1.0 1.0 1.0 1.509 0.551 0.35 0.012 0.014 0.004
914.0 1.0 1.0 1.0 1.51 0.551 0.35 0.012 0.014 0.004
914.1 1.0 1.0 1.0 1.51 0.551 0.35 0.012 0.014 0.004
914.2 1.0 1.0 1.0 1.51 0.551 0.35 0.012 0.014 0.004
914.3 1.0 1.0 1.0 1.51 0.551 0.35 0.012 0.014 0.004
914.4 1.0 1.0 1.0 1.51 0.551 0.35 0.012 0.014 0.004
914.5 1.0 1.0 1.0 1.51 0.551 0.35 0.012 0.014 0.004
914.6 1.0 1.0 1.0 1.51 0.551 0.35 0.012 0.014 0.004
914.7 1.0 1.0 1.0 1.51 0.551 0.35 0.012 0.014 0.004
914.8 1.0 1.0 1.0 1.51 0.551 0.35 0.012 0.014 0.004
914.9 1.0 1.0 1.0 1.51 0.551 0.35 0.012 0.014 0.004
915.0 1.0 1.0 1.0 1.51 0.551 0.35 0.012 0.014 0.004
915.1 1.0 1.0 1.0 1.51 0.551 0.35 0.012 0.014 0.004
915.2 1.0 1.0 1.0 1.511 0.551 0.35 0.012 0.014 0.004
915.3 1.0 1.0 1.0 1.511 0.551 0.35 0.012 0.014 0.004
915.4 1.0 1.0 1.0 1.511 0.551 0.35 0.012 0.014 0.004
915.5 1.0 1.0 1.0 1.511 0.551 0.35 0.012 0.014 0.004
915.6 1.0 1.0 1.0 1.511 0.551 0.35 0.012 0.014 0.004
915.7 1.0 1.0 1.0 1.511 0.551 0.35 0.012 0.014 0.004
915.8 1.0 1.0 1.0 1.511 0.551 0.35 0.012 0.014 0.004
915.9 1.0 1.0 1.0 1.511 0.551 0.35 0.012 0.014 0.004
916.0 1.0 1.0 1.0 1.511 0.551 0.35 0.012 0.014 0.004
916.1 1.0 1.0 1.0 1.511 0.551 0.35 0.012 0.014 0.004
916.2 1.0 1.0 1.0 1.511 0.551 0.35 0.012 0.014 0.004
916.3 1.0 1.0 1.0 1.511 0.551 0.35 0.012 0.014 0.004
916.4 1.0 1.0 1.0 1.511 0.551 0.35 0.012 0.014 0.004
916.5 1.0 1.0 1.0 1.512 0.551 0.35 0.012 0.014 0.004
916.6 1.0 1.0 1.0 1.512 0.551 0.35 0.012 0.014 0.004
916.7 1.0 1.0 1.0 1.512 0.551 0.35 0.012 0.014 0.004
916.8 1.0 1.0 1.0 1.512 0.551 0.35 0.012 0.014 0.004
916.9 1.0 1.0 1.0 1.512 0.551 0.35 0.012 0.014 0.004
917.0 1.0 1.0 1.0 1.512 0.551 0.35 0.012 0.014 0.004
917.1 1.0 1.0 1.0 1.512 0.551 0.35 0.012 0.014 0.004
917.2 1.0 1.0 1.0 1.512 0.551 0.35 0.012 0.014 0.004
917.3 1.0 1.0 1.0 1.512 0.551 0.35 0.012 0.014 0.004
917.4 1.0 1.0 1.0 1.512 0.551 0.35 0.012 0.014 0.004
917.5 1.0 1.0 1.0 1.512 0.551 0.35 0.012 0.014 0.004
917.6 1.0 1.0 1.0 1.512 0.551 0.35 0.012 0.014 0.004
917.7 1.0 1.0 1.0 1.512 0.551 0.35 0.012 0.014 0.004
917.8 1.0 1.0 1.0 1.512 0.551 0.351 0.012 0.014 0.004
917.9 1.0 1.0 1.0 1.512 0.551 0.351 0.012 0.014 0.004
918.0 1.0 1.0 1.0 1.513 0.551 0.351 0.012 0.014 0.004
918.1 1.0 1.0 1.0 1.513 0.551 0.351 0.012 0.014 0.004
918.2 1.0 1.0 1.0 1.513 0.551 0.351 0.012 0.014 0.004
918.3 1.0 1.0 1.0 1.513 0.551 0.351 0.012 0.014 0.004
918.4 1.0 1.0 1.0 1.513 0.551 0.351 0.012 0.014 0.004
918.5 1.0 1.0 1.0 1.513 0.551 0.351 0.012 0.014 0.004
918.6 1.0 1.0 1.0 1.513 0.551 0.351 0.012 0.014 0.004
918.7 1.0 1.0 1.0 1.513 0.551 0.351 0.012 0.014 0.004
918.8 1.0 1.0 1.0 1.513 0.551 0.351 0.012 0.014 0.004
918.9 1.0 1.0 1.0 1.513 0.552 0.351 0.012 0.014 0.004
919.0 1.0 1.0 1.0 1.513 0.552 0.351 0.012 0.014 0.004
919.1 1.0 1.0 1.0 1.513 0.552 0.351 0.012 0.014 0.004
919.2 1.0 1.0 1.0 1.513 0.552 0.351 0.012 0.014 0.004
919.3 1.0 1.0 1.0 1.513 0.552 0.351 0.012 0.014 0.004
919.4 1.0 1.0 1.0 1.513 0.552 0.351 0.012 0.014 0.004
919.5 1.0 1.0 1.0 1.513 0.552 0.351 0.012 0.014 0.004
919.6 1.0 1.0 1.0 1.514 0.552 0.351 0.012 0.014 0.004
919.7 1.0 1.0 1.0 1.514 0.552 0.351 0.012 0.014 0.004
919.8 1.0 1.0 1.0 1.514 0.552 0.351 0.012 0.014 0.004
919.9 1.0 1.0 1.0 1.514 0.552 0.351 0.012 0.014 0.004
920.0 1.0 1.0 1.0 1.514 0.552 0.351 0.012 0.014 0.004
920.1 1.0 1.0 1.0 1.514 0.552 0.351 0.012 0.014 0.004
920.2 1.0 1.0 1.0 1.514 0.552 0.351 0.012 0.014 0.004
920.3 1.0 1.0 1.0 1.514 0.552 0.351 0.012 0.014 0.004
920.4 1.0 1.0 1.0 1.514 0.552 0.351 0.012 0.014 0.004
920.5 1.0 1.0 1.0 1.514 0.552 0.351 0.012 0.014 0.004
920.6 1.0 1.0 1.0 1.514 0.552 0.351 0.012 0.014 0.004
920.7 1.0 1.0 1.0 1.514 0.552 0.351 0.012 0.014 0.004
920.8 1.0 1.0 1.0 1.514 0.552 0.351 0.012 0.014 0.004
920.9 1.0 1.0 1.0 1.514 0.552 0.351 0.012 0.014 0.004
921.0 1.0 1.0 1.0 1.514 0.552 0.351 0.012 0.014 0.004
921.1 1.0 1.0 1.0 1.514 0.552 0.351 0.012 0.014 0.004
921.2 1.0 1.0 1.0 1.514 0.552 0.351 0.012 0.014 0.004
921.3 1.0 1.0 1.0 1.514 0.552 0.351 0.012 0.014 0.004
921.4 1.0 1.0 1.0 1.514 0.552 0.351 0.012 0.014 0.004
921.5 1.0 1.0 1.0 1.515 0.552 0.351 0.012 0.014 0.004
921.6 1.0 1.0 1.0 1.515 0.552 0.351 0.012 0.014 0.004
921.7 1.0 1.0 1.0 1.515 0.552 0.351 0.012 0.014 0.004
921.8 1.0 1.0 1.0 1.515 0.552 0.351 0.012 0.014 0.004
921.9 1.0 1.0 1.0 1.515 0.552 0.351 0.012 0.014 0.004
922.0 1.0 1.0 1.0 1.515 0.552 0.351 0.012 0.014 0.004
922.1 1.0 1.0 1.0 1.515 0.552 0.351 0.012 0.014 0.004
922.2 1.0 1.0 1.0 1.515 0.552 0.351 0.012 0.014 0.004
922.3 1.0 1.0 1.0 1.515 0.552 0.351 0.012 0.014 0.004
922.4 1.0 1.0 1.0 1.515 0.552 0.351 0.012 0.014 0.004
922.5 1.0 1.0 1.0 1.515 0.552 0.351 0.012 0.014 0.004
922.6 1.0 1.0 1.0 1.515 0.552 0.351 0.012 0.014 0.004
922.7 1.0 1.0 1.0 1.515 0.552 0.351 0.012 0.014 0.004
922.8 1.0 1.0 1.0 1.515 0.552 0.351 0.012 0.014 0.004
922.9 1.0 1.0 1.0 1.515 0.552 0.351 0.012 0.014 0.004
923.0 1.0 1.0 1.0 1.515 0.552 0.351 0.012 0.014 0.004
923.1 1.0 1.0 1.0 1.515 0.552 0.351 0.012 0.014 0.004
923.2 1.0 1.0 1.0 1.515 0.552 0.351 0.012 0.014 0.004
923.3 1.0 1.0 1.0 1.515 0.552 0.351 0.012 0.014 0.004
923.4 1.0 1.0 1.0 1.515 0.552 0.351 0.012 0.014 0.004
923.5 1.0 1.0 1.0 1.515 0.552 0.351 0.012 0.014 0.004
923.6 1.0 1.0 1.0 1.516 0.552 0.351 0.012 0.014 0.004
923.7 1.0 1.0 1.0 1.516 0.552 0.351 0.012 0.014 0.004
923.8 1.0 1.0 1.0 1.516 0.552 0.351 0.012 0.014 0.004
923.9 1.0 1.0 1.0 1.516 0.552 0.351 0.012 0.014 0.004
924.0 1.0 1.0 1.0 1.516 0.552 0.351 0.012 0.014 0.004
924.1 1.0 1.0 1.0 1.516 0.552 0.351 0.012 0.014 0.004
924.2 1.0 1.0 1.0 1.516 0.552 0.351 0.012 0.014 0.004
924.3 1.0 1.0 1.0 1.516 0.552 0.351 0.012 0.014 0.004
924.4 1.0 1.0 1.0 1.516 0.552 0.351 0.012 0.014 0.004
924.5 1.0 1.0 1.0 1.516 0.552 0.351 0.012 0.014 0.004
924.6 1.0 1.0 1.0 1.516 0.552 0.351 0.012 0.014 0.004
924.7 1.0 1.0 1.0 1.516 0.552 0.351 0.012 0.014 0.004
924.8 1.0 1.0 1.0 1.516 0.552 0.351 0.012 0.014 0.004
924.9 1.0 1.0 1.0 1.516 0.552 0.351 0.012 0.014 0.004
925.0 1.0 1.0 1.0 1.516 0.552 0.351 0.012 0.014 0.004
925.1 1.0 1.0 1.0 1.516 0.552 0.351 0.012 0.014 0.004
925.2 1.0 1.0 1.0 1.516 0.552 0.351 0.012 0.014 0.004
925.3 1.0 1.0 1.0 1.516 0.552 0.351 0.012 0.014 0.004
925.4 1.0 1.0 1.0 1.516 0.552 0.351 0.012 0.014 0.004
925.5 1.0 1.0 1.0 1.516 0.552 0.351 0.012 0.014 0.004
925.6 1.0 1.0 1.0 1.516 0.552 0.351 0.012 0.014 0.004
925.7 1.0 1.0 1.0 1.516 0.552 0.351 0.012 0.014 0.004
925.8 1.0 1.0 1.0 1.516 0.552 0.351 0.012 0.014 0.004
925.9 1.0 1.0 1.0 1.516 0.552 0.351 0.012 0.014 0.004
926.0 1.0 1.0 1.0 1.516 0.552 0.351 0.012 0.014 0.004
926.1 1.0 1.0 1.0 1.516 0.552 0.351 0.012 0.014 0.004
926.2 1.0 1.0 1.0 1.517 0.552 0.351 0.012 0.014 0.004
926.3 1.0 1.0 1.0 1.517 0.552 0.351 0.012 0.014 0.004
926.4 1.0 1.0 1.0 1.517 0.552 0.351 0.012 0.014 0.004
926.5 1.0 1.0 1.0 1.517 0.552 0.351 0.012 0.014 0.004
926.6 1.0 1.0 1.0 1.517 0.552 0.351 0.012 0.014 0.004
926.7 1.0 1.0 1.0 1.517 0.552 0.351 0.012 0.014 0.004
926.8 1.0 1.0 1.0 1.517 0.552 0.351 0.012 0.014 0.004
926.9 1.0 1.0 1.0 1.517 0.552 0.351 0.012 0.014 0.004
927.0 1.0 1.0 1.0 1.517 0.552 0.351 0.012 0.014 0.004
927.1 1.0 1.0 1.0 1.517 0.552 0.351 0.012 0.014 0.004
927.2 1.0 1.0 1.0 1.517 0.552 0.351 0.012 0.014 0.004
927.3 1.0 1.0 1.0 1.517 0.552 0.351 0.012 0.014 0.004
927.4 1.0 1.0 1.0 1.517 0.552 0.351 0.012 0.014 0.004
927.5 1.0 1.0 1.0 1.517 0.552 0.351 0.012 0.014 0.004
927.6 1.0 1.0 1.0 1.517 0.552 0.351 0.012 0.014 0.004
927.7 1.0 1.0 1.0 1.517 0.552 0.351 0.012 0.014 0.004
927.8 1.0 1.0 1.0 1.517 0.552 0.351 0.012 0.014 0.004
927.9 1.0 1.0 1.0 1.517 0.552 0.351 0.012 0.014 0.004
928.0 1.0 1.0 1.0 1.517 0.552 0.351 0.012 0.014 0.004
928.1 1.0 1.0 1.0 1.517 0.552 0.351 0.012 0.014 0.004
928.2 1.0 1.0 1.0 1.517 0.552 0.351 0.012 0.014 0.004
928.3 1.0 1.0 1.0 1.517 0.552 0.351 0.012 0.014 0.004
928.4 1.0 1.0 1.0 1.517 0.552 0.351 0.012 0.014 0.004
928.5 1.0 1.0 1.0 1.517 0.552 0.351 0.012 0.014 0.004
928.6 1.0 1.0 1.0 1.517 0.552 0.351 0.012 0.014 0.004
928.7 1.0 1.0 1.0 1.517 0.552 0.351 0.012 0.014 0.004
928.8 1.0 1.0 1.0 1.517 0.552 0.351 0.012 0.014 0.004
928.9 1.0 1.0 1.0 1.517 0.552 0.351 0.012 0.014 0.004
929.0 1.0 1.0 1.0 1.517 0.552 0.351 0.012 0.014 0.004
929.1 1.0 1.0 1.0 1.517 0.552 0.351 0.012 0.014 0.004
929.2 1.0 1.0 1.0 1.517 0.552 0.351 0.012 0.014 0.004
929.3 1.0 1.0 1.0 1.518 0.552 0.351 0.012 0.014 0.004
929.4 1.0 1.0 1.0 1.518 0.552 0.351 0.012 0.014 0.004
929.5 1.0 1.0 1.0 1.518 0.552 0.351 0.012 0.014 0.004
929.6 1.0 1.0 1.0 1.518 0.552 0.351 0.012 0.014 0.004
929.7 1.0 1.0 1.0 1.518 0.552 0.351 0.012 0.014 0.004
929.8 1.0 1.0 1.0 1.518 0.552 0.351 0.012 0.014 0.004
929.9 1.0 1.0 1.0 1.518 0.552 0.351 0.012 0.014 0.004
930.0 1.0 1.0 1.0 1.518 0.552 0.351 0.012 0.014 0.004
930.1 1.0 1.0 1.0 1.518 0.552 0.351 0.012 0.014 0.004
930.2 1.0 1.0 1.0 1.518 0.552 0.351 0.012 0.014 0.004
930.3 1.0 1.0 1.0 1.518 0.552 0.351 0.012 0.014 0.004
930.4 1.0 1.0 1.0 1.518 0.552 0.351 0.012 0.014 0.004
930.5 1.0 1.0 1.0 1.518 0.552 0.351 0.012 0.014 0.004
930.6 1.0 1.0 1.0 1.518 0.552 0.351 0.012 0.014 0.004
930.7 1.0 1.0 1.0 1.518 0.552 0.351 0.012 0.014 0.004
930.8 1.0 1.0 1.0 1.518 0.552 0.351 0.012 0.014 0.004
930.9 1.0 1.0 1.0 1.518 0.552 0.351 0.012 0.014 0.004
931.0 1.0 1.0 1.0 1.518 0.552 0.351 0.012 0.014 0.004
931.1 1.0 1.0 1.0 1.518 0.552 0.351 0.012 0.014 0.004
931.2 1.0 1.0 1.0 1.518 0.552 0.351 0.012 0.014 0.004
931.3 1.0 1.0 1.0 1.518 0.552 0.351 0.012 0.014 0.004
931.4 1.0 1.0 1.0 1.518 0.552 0.351 0.012 0.014 0.004
931.5 1.0 1.0 1.0 1.518 0.552 0.351 0.012 0.014 0.004
931.6 1.0 1.0 1.0 1.518 0.552 0.351 0.012 0.014 0.004
931.7 1.0 1.0 1.0 1.518 0.553 0.351 0.012 0.014 0.004
931.8 1.0 1.0 1.0 1.518 0.553 0.351 0.012 0.014 0.004
931.9 1.0 1.0 1.0 1.518 0.553 0.351 0.012 0.014 0.004
932.0 1.0 1.0 1.0 1.518 0.553 0.351 0.012 0.014 0.004
932.1 1.0 1.0 1.0 1.518 0.553 0.351 0.012 0.014 0.004
932.2 1.0 1.0 1.0 1.518 0.553 0.351 0.012 0.014 0.004
932.3 1.0 1.0 1.0 1.518 0.553 0.351 0.012 0.014 0.004
932.4 1.0 1.0 1.0 1.518 0.553 0.351 0.012 0.014 0.004
932.5 1.0 1.0 1.0 1.518 0.553 0.351 0.012 0.014 0.004
932.6 1.0 1.0 1.0 1.518 0.553 0.351 0.012 0.014 0.004
932.7 1.0 1.0 1.0 1.518 0.553 0.351 0.012 0.014 0.004
932.8 1.0 1.0 1.0 1.518 0.553 0.351 0.012 0.014 0.004
932.9 1.0 1.0 1.0 1.518 0.553 0.351 0.012 0.014 0.004
933.0 1.0 1.0 1.0 1.518 0.553 0.351 0.012 0.014 0.004
933.1 1.0 1.0 1.0 1.518 0.553 0.351 0.012 0.014 0.004
933.2 1.0 1.0 1.0 1.518 0.553 0.351 0.012 0.014 0.004
933.3 1.0 1.0 1.0 1.518 0.553 0.351 0.012 0.014 0.004
933.4 1.0 1.0 1.0 1.519 0.553 0.351 0.012 0.014 0.004
933.5 1.0 1.0 1.0 1.519 0.553 0.351 0.012 0.014 0.004
933.6 1.0 1.0 1.0 1.519 0.553 0.351 0.012 0.014 0.004
933.7 1.0 1.0 1.0 1.519 0.553 0.351 0.012 0.014 0.004
933.8 1.0 1.0 1.0 1.519 0.553 0.351 0.012 0.014 0.004
933.9 1.0 1.0 1.0 1.519 0.553 0.351 0.012 0.014 0.004
934.0 1.0 1.0 1.0 1.519 0.553 0.351 0.012 0.014 0.004
934.1 1.0 1.0 1.0 1.519 0.553 0.351 0.012 0.014 0.004
934.2 1.0 1.0 1.0 1.519 0.553 0.351 0.012 0.014 0.004
934.3 1.0 1.0 1.0 1.519 0.553 0.351 0.012 0.014 0.004
934.4 1.0 1.0 1.0 1.519 0.553 0.351 0.012 0.014 0.004
934.5 1.0 1.0 1.0 1.519 0.553 0.351 0.012 0.014 0.004
934.6 1.0 1.0 1.0 1.519 0.553 0.351 0.012 0.014 0.004
934.7 1.0 1.0 1.0 1.519 0.553 0.351 0.012 0.014 0.004
934.8 1.0 1.0 1.0 1.519 0.553 0.351 0.012 0.014 0.004
934.9 1.0 1.0 1.0 1.519 0.553 0.351 0.012 0.014 0.004
935.0 1.0 1.0 1.0 1.519 0.553 0.351 0.012 0.014 0.004
935.1 1.0 1.0 1.0 1.519 0.553 0.351 0.012 0.014 0.004
935.2 1.0 1.0 1.0 1.519 0.553 0.351 0.012 0.014 0.004
935.3 1.0 1.0 1.0 1.519 0.553 0.351 0.012 0.014 0.004
935.4 1.0 1.0 1.0 1.519 0.553 0.351 0.012 0.014 0.004
935.5 1.0 1.0 1.0 1.519 0.553 0.351 0.012 0.014 0.004
935.6 1.0 1.0 1.0 1.519 0.553 0.351 0.012 0.014 0.004
935.7 1.0 1.0 1.0 1.519 0.553 0.351 0.012 0.014 0.004
935.8 1.0 1.0 1.0 1.519 0.553 0.351 0.012 0.014 0.004
935.9 1.0 1.0 1.0 1.519 0.553 0.351 0.012 0.014 0.004
936.0 1.0 1.0 1.0 1.519 0.553 0.351 0.012 0.014 0.004
936.1 1.0 1.0 1.0 1.519 0.553 0.351 0.012 0.014 0.004
936.2 1.0 1.0 1.0 1.519 0.553 0.351 0.012 0.014 0.004
936.3 1.0 1.0 1.0 1.519 0.553 0.351 0.012 0.014 0.004
936.4 1.0 1.0 1.0 1.519 0.553 0.351 0.012 0.014 0.004
936.5 1.0 1.0 1.0 1.519 0.553 0.351 0.012 0.014 0.004
936.6 1.0 1.0 1.0 1.519 0.553 0.351 0.012 0.014 0.004
936.7 1.0 1.0 1.0 1.519 0.553 0.351 0.012 0.014 0.004
936.8 1.0 1.0 1.0 1.519 0.553 0.351 0.012 0.014 0.004
936.9 1.0 1.0 1.0 1.519 0.553 0.351 0.012 0.014 0.004
937.0 1.0 1.0 1.0 1.519 0.553 0.351 0.012 0.014 0.004
937.1 1.0 1.0 1.0 1.519 0.553 0.351 0.012 0.014 0.004
937.2 1.0 1.0 1.0 1.519 0.553 0.351 0.012 0.014 0.004
937.3 1.0 1.0 1.0 1.519 0.553 0.351 0.012 0.014 0.004
937.4 1.0 1.0 1.0 1.519 0.553 0.351 0.012 0.014 0.004
937.5 1.0 1.0 1.0 1.519 0.553 0.351 0.012 0.014 0.004
937.6 1.0 1.0 1.0 1.519 0.553 0.351 0.012 0.014 0.004
937.7 1.0 1.0 1.0 1.519 0.553 0.351 0.012 0.014 0.004
937.8 1.0 1.0 1.0 1.519 0.553 0.351 0.012 0.014 0.004
937.9 1.0 1.0 1.0 1.519 0.553 0.351 0.012 0.014 0.004
938.0 1.0 1.0 1.0 1.519 0.553 0.351 0.012 0.014 0.004
938.1 1.0 1.0 1.0 1.519 0.553 0.351 0.012 0.014 0.004
938.2 1.0 1.0 1.0 1.519 0.553 0.351 0.012 0.014 0.004
938.3 1.0 1.0 1.0 1.519 0.553 0.351 0.012 0.014 0.004
938.4 1.0 1.0 1.0 1.519 0.553 0.351 0.012 0.014 0.004
938.5 1.0 1.0 1.0 1.519 0.553 0.351 0.012 0.014 0.004
938.6 1.0 1.0 1.0 1.519 0.553 0.351 0.012 0.014 0.004
938.7 1.0 1.0 1.0 1.519 0.553 0.351 0.012 0.014 0.004
938.8 1.0 1.0 1.0 1.519 0.553 0.351 0.012 0.014 0.004
938.9 1.0 1.0 1.0 1.519 0.553 0.351 0.012 0.014 0.004
939.0 1.0 1.0 1.0 1.519 0.553 0.351 0.012 0.014 0.004
939.1 1.0 1.0 1.0 1.519 0.553 0.351 0.012 0.014 0.004
939.2 1.0 1.0 1.0 1.52 0.553 0.351 0.012 0.014 0.004
939.3 1.0 1.0 1.0 1.52 0.553 0.351 0.012 0.014 0.004
939.4 1.0 1.0 1.0 1.52 0.553 0.351 0.012 0.014 0.004
939.5 1.0 1.0 1.0 1.52 0.553 0.351 0.012 0.014 0.004
939.6 1.0 1.0 1.0 1.52 0.553 0.351 0.012 0.014 0.004
939.7 1.0 1.0 1.0 1.52 0.553 0.351 0.012 0.014 0.004
939.8 1.0 1.0 1.0 1.52 0.553 0.351 0.012 0.014 0.004
939.9 1.0 1.0 1.0 1.52 0.553 0.351 0.012 0.014 0.004
940.0 1.0 1.0 1.0 1.52 0.553 0.351 0.012 0.014 0.004
940.1 1.0 1.0 1.0 1.52 0.553 0.351 0.012 0.014 0.004
940.2 1.0 1.0 1.0 1.52 0.553 0.351 0.012 0.014 0.004
940.3 1.0 1.0 1.0 1.52 0.553 0.351 0.012 0.014 0.004
940.4 1.0 1.0 1.0 1.52 0.553 0.351 0.012 0.014 0.004
940.5 1.0 1.0 1.0 1.52 0.553 0.351 0.012 0.014 0.004
940.6 1.0 1.0 1.0 1.52 0.553 0.351 0.012 0.014 0.004
940.7 1.0 1.0 1.0 1.52 0.553 0.351 0.012 0.014 0.004
940.8 1.0 1.0 1.0 1.52 0.553 0.351 0.012 0.014 0.004
940.9 1.0 1.0 1.0 1.52 0.553 0.351 0.012 0.014 0.004
941.0 1.0 1.0 1.0 1.52 0.553 0.351 0.012 0.014 0.004
941.1 1.0 1.0 1.0 1.52 0.553 0.351 0.012 0.014 0.004
941.2 1.0 1.0 1.0 1.52 0.553 0.351 0.012 0.014 0.004
941.3 1.0 1.0 1.0 1.52 0.553 0.351 0.012 0.014 0.004
941.4 1.0 1.0 1.0 1.52 0.553 0.351 0.012 0.014 0.004
941.5 1.0 1.0 1.0 1.52 0.553 0.351 0.012 0.014 0.004
941.6 1.0 1.0 1.0 1.52 0.553 0.351 0.012 0.014 0.004
941.7 1.0 1.0 1.0 1.52 0.553 0.351 0.012 0.014 0.004
941.8 1.0 1.0 1.0 1.52 0.553 0.351 0.012 0.014 0.004
941.9 1.0 1.0 1.0 1.52 0.553 0.351 0.012 0.014 0.004
942.0 1.0 1.0 1.0 1.52 0.553 0.351 0.012 0.014 0.004
942.1 1.0 1.0 1.0 1.52 0.553 0.351 0.012 0.014 0.004
942.2 1.0 1.0 1.0 1.52 0.553 0.351 0.012 0.014 0.004
942.3 1.0 1.0 1.0 1.52 0.553 0.351 0.012 0.014 0.004
942.4 1.0 1.0 1.0 1.52 0.553 0.351 0.012 0.014 0.004
942.5 1.0 1.0 1.0 1.52 0.553 0.351 0.012 0.014 0.004
942.6 1.0 1.0 1.0 1.52 0.553 0.351 0.012 0.014 0.004
942.7 1.0 1.0 1.0 1.52 0.553 0.352 0.012 0.014 0.004
942.8 1.0 1.0 1.0 1.52 0.553 0.352 0.012 0.014 0.004
942.9 1.0 1.0 1.0 1.52 0.553 0.352 0.012 0.014 0.004
943.0 1.0 1.0 1.0 1.52 0.553 0.352 0.012 0.014 0.004
943.1 1.0 1.0 1.0 1.52 0.553 0.352 0.012 0.014 0.004
943.2 1.0 1.0 1.0 1.52 0.553 0.352 0.012 0.014 0.004
943.3 1.0 1.0 1.0 1.52 0.553 0.352 0.012 0.014 0.004
943.4 1.0 1.0 1.0 1.52 0.553 0.352 0.012 0.014 0.004
943.5 1.0 1.0 1.0 1.52 0.553 0.352 0.012 0.014 0.004
943.6 1.0 1.0 1.0 1.52 0.553 0.352 0.012 0.014 0.004
943.7 1.0 1.0 1.0 1.52 0.553 0.352 0.012 0.014 0.004
943.8 1.0 1.0 1.0 1.52 0.553 0.352 0.012 0.014 0.004
943.9 1.0 1.0 1.0 1.52 0.553 0.352 0.012 0.014 0.004
944.0 1.0 1.0 1.0 1.52 0.553 0.352 0.012 0.014 0.004
944.1 1.0 1.0 1.0 1.52 0.553 0.352 0.012 0.014 0.004
944.2 1.0 1.0 1.0 1.52 0.553 0.352 0.012 0.014 0.004
944.3 1.0 1.0 1.0 1.52 0.553 0.352 0.012 0.014 0.004
944.4 1.0 1.0 1.0 1.52 0.553 0.352 0.012 0.014 0.004
944.5 1.0 1.0 1.0 1.52 0.553 0.352 0.012 0.014 0.004
944.6 1.0 1.0 1.0 1.52 0.553 0.352 0.012 0.014 0.004
944.7 1.0 1.0 1.0 1.52 0.553 0.352 0.012 0.014 0.004
944.8 1.0 1.0 1.0 1.52 0.553 0.352 0.012 0.014 0.004
944.9 1.0 1.0 1.0 1.52 0.553 0.352 0.012 0.014 0.004
945.0 1.0 1.0 1.0 1.52 0.553 0.352 0.012 0.014 0.004
945.1 1.0 1.0 1.0 1.52 0.553 0.352 0.012 0.014 0.004
945.2 1.0 1.0 1.0 1.52 0.553 0.352 0.012 0.014 0.004
945.3 1.0 1.0 1.0 1.52 0.553 0.352 0.012 0.014 0.004
945.4 1.0 1.0 1.0 1.52 0.553 0.352 0.012 0.014 0.004
945.5 1.0 1.0 1.0 1.52 0.553 0.352 0.012 0.014 0.004
945.6 1.0 1.0 1.0 1.52 0.553 0.352 0.012 0.014 0.004
945.7 1.0 1.0 1.0 1.52 0.553 0.352 0.012 0.014 0.004
945.8 1.0 1.0 1.0 1.52 0.553 0.352 0.012 0.014 0.004
945.9 1.0 1.0 1.0 1.52 0.553 0.352 0.012 0.014 0.004
946.0 1.0 1.0 1.0 1.52 0.553 0.352 0.012 0.014 0.004
946.1 1.0 1.0 1.0 1.52 0.553 0.352 0.012 0.014 0.004
946.2 1.0 1.0 1.0 1.52 0.553 0.352 0.012 0.014 0.004
946.3 1.0 1.0 1.0 1.52 0.553 0.352 0.012 0.014 0.004
946.4 1.0 1.0 1.0 1.52 0.553 0.352 0.012 0.014 0.004
946.5 1.0 1.0 1.0 1.52 0.553 0.352 0.012 0.014 0.004
946.6 1.0 1.0 1.0 1.52 0.553 0.352 0.012 0.014 0.004
946.7 1.0 1.0 1.0 1.52 0.553 0.352 0.012 0.014 0.004
946.8 1.0 1.0 1.0 1.52 0.553 0.352 0.012 0.014 0.004
946.9 1.0 1.0 1.0 1.52 0.553 0.352 0.012 0.014 0.004
947.0 1.0 1.0 1.0 1.52 0.553 0.352 0.012 0.014 0.004
947.1 1.0 1.0 1.0 1.52 0.553 0.352 0.012 0.014 0.004
947.2 1.0 1.0 1.0 1.52 0.553 0.352 0.012 0.014 0.004
947.3 1.0 1.0 1.0 1.52 0.553 0.352 0.012 0.014 0.004
947.4 1.0 1.0 1.0 1.52 0.553 0.352 0.012 0.014 0.004
947.5 1.0 1.0 1.0 1.52 0.553 0.352 0.012 0.014 0.004
947.6 1.0 1.0 1.0 1.52 0.553 0.352 0.012 0.014 0.004
947.7 1.0 1.0 1.0 1.52 0.553 0.352 0.012 0.014 0.004
947.8 1.0 1.0 1.0 1.52 0.553 0.352 0.012 0.014 0.004
947.9 1.0 1.0 1.0 1.52 0.553 0.352 0.012 0.014 0.004
948.0 1.0 1.0 1.0 1.52 0.553 0.352 0.012 0.014 0.004
948.1 1.0 1.0 1.0 1.52 0.553 0.352 0.012 0.014 0.004
948.2 1.0 1.0 1.0 1.52 0.553 0.352 0.012 0.014 0.004
948.3 1.0 1.0 1.0 1.52 0.553 0.352 0.012 0.014 0.004
948.4 1.0 1.0 1.0 1.52 0.553 0.352 0.012 0.014 0.004
948.5 1.0 1.0 1.0 1.52 0.553 0.352 0.012 0.014 0.004
948.6 1.0 1.0 1.0 1.52 0.553 0.352 0.012 0.014 0.004
948.7 1.0 1.0 1.0 1.52 0.553 0.352 0.012 0.014 0.004
948.8 1.0 1.0 1.0 1.52 0.553 0.352 0.012 0.014 0.004
948.9 1.0 1.0 1.0 1.52 0.553 0.352 0.012 0.014 0.004
949.0 1.0 1.0 1.0 1.52 0.553 0.352 0.012 0.014 0.004
949.1 1.0 1.0 1.0 1.52 0.553 0.352 0.012 0.014 0.004
949.2 1.0 1.0 1.0 1.52 0.553 0.352 0.012 0.014 0.004
949.3 1.0 1.0 1.0 1.521 0.553 0.352 0.012 0.014 0.004
949.4 1.0 1.0 1.0 1.521 0.553 0.352 0.012 0.014 0.004
949.5 1.0 1.0 1.0 1.521 0.553 0.352 0.012 0.014 0.004
949.6 1.0 1.0 1.0 1.521 0.553 0.352 0.012 0.014 0.004
949.7 1.0 1.0 1.0 1.521 0.553 0.352 0.012 0.014 0.004
949.8 1.0 1.0 1.0 1.521 0.553 0.352 0.012 0.014 0.004
949.9 1.0 1.0 1.0 1.521 0.553 0.352 0.012 0.014 0.004
950.0 1.0 1.0 1.0 1.521 0.553 0.352 0.012 0.014 0.004
950.1 1.0 1.0 1.0 1.521 0.553 0.352 0.012 0.014 0.004
950.2 1.0 1.0 1.0 1.521 0.553 0.352 0.012 0.014 0.004
950.3 1.0 1.0 1.0 1.521 0.553 0.352 0.012 0.014 0.004
950.4 1.0 1.0 1.0 1.521 0.553 0.352 0.012 0.014 0.004
950.5 1.0 1.0 1.0 1.521 0.553 0.352 0.012 0.014 0.004
950.6 1.0 1.0 1.0 1.521 0.553 0.352 0.012 0.014 0.004
950.7 1.0 1.0 1.0 1.521 0.553 0.352 0.012 0.014 0.004
950.8 1.0 1.0 1.0 1.521 0.553 0.352 0.012 0.014 0.004
950.9 1.0 1.0 1.0 1.521 0.553 0.352 0.012 0.014 0.004
951.0 1.0 1.0 1.0 1.521 0.553 0.352 0.012 0.014 0.004
951.1 1.0 1.0 1.0 1.521 0.553 0.352 0.012 0.014 0.004
951.2 1.0 1.0 1.0 1.521 0.553 0.352 0.012 0.014 0.004
951.3 1.0 1.0 1.0 1.521 0.553 0.352 0.012 0.014 0.004
951.4 1.0 1.0 1.0 1.521 0.553 0.352 0.012 0.014 0.004
951.5 1.0 1.0 1.0 1.521 0.553 0.352 0.012 0.014 0.004
951.6 1.0 1.0 1.0 1.521 0.553 0.352 0.012 0.014 0.004
951.7 1.0 1.0 1.0 1.521 0.553 0.352 0.012 0.014 0.004
951.8 1.0 1.0 1.0 1.521 0.553 0.352 0.012 0.014 0.004
951.9 1.0 1.0 1.0 1.521 0.553 0.352 0.012 0.014 0.004
952.0 1.0 1.0 1.0 1.521 0.553 0.352 0.012 0.014 0.004
952.1 1.0 1.0 1.0 1.521 0.553 0.352 0.012 0.014 0.004
952.2 1.0 1.0 1.0 1.521 0.553 0.352 0.012 0.014 0.004
952.3 1.0 1.0 1.0 1.521 0.553 0.352 0.012 0.014 0.004
952.4 1.0 1.0 1.0 1.521 0.553 0.352 0.012 0.014 0.004
952.5 1.0 1.0 1.0 1.521 0.553 0.352 0.012 0.014 0.004
952.6 1.0 1.0 1.0 1.521 0.553 0.352 0.012 0.014 0.004
952.7 1.0 1.0 1.0 1.521 0.553 0.352 0.012 0.014 0.004
952.8 1.0 1.0 1.0 1.521 0.553 0.352 0.012 0.014 0.004
952.9 1.0 1.0 1.0 1.521 0.553 0.352 0.012 0.014 0.004
953.0 1.0 1.0 1.0 1.521 0.553 0.352 0.012 0.014 0.004
953.1 1.0 1.0 1.0 1.521 0.553 0.352 0.012 0.014 0.004
953.2 1.0 1.0 1.0 1.521 0.553 0.352 0.012 0.014 0.004
953.3 1.0 1.0 1.0 1.521 0.553 0.352 0.012 0.014 0.004
953.4 1.0 1.0 1.0 1.521 0.553 0.352 0.012 0.014 0.004
953.5 1.0 1.0 1.0 1.521 0.553 0.352 0.012 0.014 0.004
953.6 1.0 1.0 1.0 1.521 0.553 0.352 0.012 0.014 0.004
953.7 1.0 1.0 1.0 1.521 0.553 0.352 0.012 0.014 0.004
953.8 1.0 1.0 1.0 1.521 0.553 0.352 0.012 0.014 0.004
953.9 1.0 1.0 1.0 1.521 0.553 0.352 0.012 0.014 0.004
954.0 1.0 1.0 1.0 1.521 0.553 0.352 0.012 0.014 0.004
954.1 1.0 1.0 1.0 1.521 0.553 0.352 0.012 0.014 0.004
954.2 1.0 1.0 1.0 1.521 0.553 0.352 0.012 0.014 0.004
954.3 1.0 1.0 1.0 1.521 0.553 0.352 0.012 0.014 0.004
954.4 1.0 1.0 1.0 1.521 0.553 0.352 0.012 0.014 0.004
954.5 1.0 1.0 1.0 1.521 0.553 0.352 0.012 0.014 0.004
954.6 1.0 1.0 1.0 1.521 0.553 0.352 0.012 0.014 0.004
954.7 1.0 1.0 1.0 1.521 0.553 0.352 0.012 0.014 0.004
954.8 1.0 1.0 1.0 1.521 0.553 0.352 0.012 0.014 0.004
954.9 1.0 1.0 1.0 1.521 0.553 0.352 0.012 0.014 0.004
955.0 1.0 1.0 1.0 1.521 0.553 0.352 0.012 0.014 0.004
955.1 1.0 1.0 1.0 1.521 0.553 0.352 0.012 0.014 0.004
955.2 1.0 1.0 1.0 1.521 0.553 0.352 0.012 0.014 0.004
955.3 1.0 1.0 1.0 1.521 0.553 0.352 0.012 0.014 0.004
955.4 1.0 1.0 1.0 1.521 0.553 0.352 0.012 0.014 0.004
955.5 1.0 1.0 1.0 1.521 0.553 0.352 0.012 0.014 0.004
955.6 1.0 1.0 1.0 1.521 0.553 0.352 0.012 0.014 0.004
955.7 1.0 1.0 1.0 1.521 0.553 0.352 0.012 0.014 0.004
955.8 1.0 1.0 1.0 1.521 0.553 0.352 0.012 0.014 0.004
955.9 1.0 1.0 1.0 1.521 0.553 0.352 0.012 0.014 0.004
956.0 1.0 1.0 1.0 1.521 0.553 0.352 0.012 0.014 0.004
956.1 1.0 1.0 1.0 1.521 0.553 0.352 0.012 0.014 0.004
956.2 1.0 1.0 1.0 1.521 0.553 0.352 0.012 0.014 0.004
956.3 1.0 1.0 1.0 1.521 0.553 0.352 0.012 0.014 0.004
956.4 1.0 1.0 1.0 1.521 0.553 0.352 0.012 0.014 0.004
956.5 1.0 1.0 1.0 1.521 0.553 0.352 0.012 0.014 0.004
956.6 1.0 1.0 1.0 1.521 0.553 0.352 0.012 0.014 0.004
956.7 1.0 1.0 1.0 1.521 0.553 0.352 0.012 0.014 0.004
956.8 1.0 1.0 1.0 1.521 0.553 0.352 0.012 0.014 0.004
956.9 1.0 1.0 1.0 1.521 0.553 0.352 0.012 0.014 0.004
957.0 1.0 1.0 1.0 1.521 0.553 0.352 0.012 0.014 0.004
957.1 1.0 1.0 1.0 1.521 0.553 0.352 0.012 0.014 0.004
957.2 1.0 1.0 1.0 1.521 0.553 0.352 0.012 0.014 0.004
957.3 1.0 1.0 1.0 1.521 0.553 0.352 0.012 0.014 0.004
957.4 1.0 1.0 1.0 1.521 0.553 0.352 0.012 0.014 0.004
957.5 1.0 1.0 1.0 1.521 0.553 0.352 0.012 0.014 0.004
957.6 1.0 1.0 1.0 1.521 0.553 0.352 0.012 0.014 0.004
957.7 1.0 1.0 1.0 1.521 0.553 0.352 0.012 0.014 0.004
957.8 1.0 1.0 1.0 1.521 0.553 0.352 0.012 0.014 0.004
957.9 1.0 1.0 1.0 1.521 0.553 0.352 0.012 0.014 0.004
958.0 1.0 1.0 1.0 1.521 0.553 0.352 0.012 0.014 0.004
958.1 1.0 1.0 1.0 1.521 0.553 0.352 0.012 0.014 0.004
958.2 1.0 1.0 1.0 1.521 0.553 0.352 0.012 0.014 0.004
958.3 1.0 1.0 1.0 1.521 0.553 0.352 0.012 0.014 0.004
958.4 1.0 1.0 1.0 1.521 0.553 0.352 0.012 0.014 0.004
958.5 1.0 1.0 1.0 1.521 0.553 0.352 0.012 0.014 0.004
958.6 1.0 1.0 1.0 1.521 0.553 0.352 0.012 0.014 0.004
958.7 1.0 1.0 1.0 1.521 0.553 0.352 0.012 0.014 0.004
958.8 1.0 1.0 1.0 1.521 0.553 0.352 0.012 0.014 0.004
958.9 1.0 1.0 1.0 1.521 0.553 0.352 0.012 0.014 0.004
959.0 1.0 1.0 1.0 1.521 0.553 0.352 0.012 0.014 0.004
959.1 1.0 1.0 1.0 1.521 0.553 0.352 0.012 0.014 0.004
959.2 1.0 1.0 1.0 1.521 0.553 0.352 0.012 0.014 0.004
959.3 1.0 1.0 1.0 1.521 0.553 0.352 0.012 0.014 0.004
959.4 1.0 1.0 1.0 1.521 0.553 0.352 0.012 0.014 0.004
959.5 1.0 1.0 1.0 1.521 0.553 0.352 0.012 0.014 0.004
959.6 1.0 1.0 1.0 1.521 0.553 0.352 0.012 0.014 0.004
959.7 1.0 1.0 1.0 1.521 0.553 0.352 0.012 0.014 0.004
959.8 1.0 1.0 1.0 1.521 0.553 0.352 0.012 0.014 0.004
959.9 1.0 1.0 1.0 1.521 0.553 0.352 0.012 0.014 0.004
960.0 1.0 1.0 1.0 1.521 0.553 0.352 0.012 0.014 0.004
960.1 1.0 1.0 1.0 1.521 0.553 0.352 0.012 0.014 0.004
960.2 1.0 1.0 1.0 1.521 0.553 0.352 0.012 0.014 0.004
960.3 1.0 1.0 1.0 1.521 0.553 0.352 0.012 0.014 0.004
960.4 1.0 1.0 1.0 1.521 0.553 0.352 0.012 0.014 0.004
960.5 1.0 1.0 1.0 1.521 0.553 0.352 0.012 0.014 0.004
960.6 1.0 1.0 1.0 1.521 0.553 0.352 0.012 0.014 0.004
960.7 1.0 1.0 1.0 1.521 0.553 0.352 0.012 0.014 0.004
960.8 1.0 1.0 1.0 1.521 0.553 0.352 0.012 0.014 0.004
960.9 1.0 1.0 1.0 1.521 0.553 0.352 0.012 0.014 0.004
961.0 1.0 1.0 1.0 1.521 0.553 0.352 0.012 0.014 0.004
961.1 1.0 1.0 1.0 1.521 0.553 0.352 0.012 0.014 0.004
961.2 1.0 1.0 1.0 1.521 0.553 0.352 0.012 0.014 0.004
961.3 1.0 1.0 1.0 1.521 0.553 0.352 0.012 0.014 0.004
961.4 1.0 1.0 1.0 1.521 0.553 0.352 0.012 0.014 0.004
961.5 1.0 1.0 1.0 1.521 0.553 0.352 0.012 0.014 0.004
961.6 1.0 1.0 1.0 1.521 0.553 0.352 0.012 0.014 0.004
961.7 1.0 1.0 1.0 1.521 0.553 0.352 0.012 0.014 0.004
961.8 1.0 1.0 1.0 1.521 0.553 0.352 0.012 0.014 0.004
961.9 1.0 1.0 1.0 1.521 0.553 0.352 0.012 0.014 0.004
962.0 1.0 1.0 1.0 1.521 0.553 0.352 0.012 0.014 0.004
962.1 1.0 1.0 1.0 1.521 0.553 0.352 0.012 0.014 0.004
962.2 1.0 1.0 1.0 1.521 0.553 0.352 0.012 0.014 0.004
962.3 1.0 1.0 1.0 1.521 0.553 0.352 0.012 0.014 0.004
962.4 1.0 1.0 1.0 1.521 0.553 0.352 0.012 0.014 0.004
962.5 1.0 1.0 1.0 1.521 0.553 0.352 0.012 0.014 0.004
962.6 1.0 1.0 1.0 1.521 0.553 0.352 0.012 0.014 0.004
962.7 1.0 1.0 1.0 1.521 0.553 0.352 0.012 0.014 0.004
962.8 1.0 1.0 1.0 1.521 0.553 0.352 0.012 0.014 0.004
962.9 1.0 1.0 1.0 1.521 0.553 0.352 0.012 0.014 0.004
963.0 1.0 1.0 1.0 1.521 0.553 0.352 0.012 0.014 0.004
963.1 1.0 1.0 1.0 1.521 0.553 0.352 0.012 0.014 0.004
963.2 1.0 1.0 1.0 1.521 0.553 0.352 0.012 0.014 0.004
963.3 1.0 1.0 1.0 1.521 0.553 0.352 0.012 0.014 0.004
963.4 1.0 1.0 1.0 1.521 0.553 0.352 0.012 0.014 0.004
963.5 1.0 1.0 1.0 1.521 0.553 0.352 0.012 0.014 0.004
963.6 1.0 1.0 1.0 1.521 0.553 0.352 0.012 0.014 0.004
963.7 1.0 1.0 1.0 1.521 0.553 0.352 0.012 0.014 0.004
963.8 1.0 1.0 1.0 1.521 0.553 0.352 0.012 0.014 0.004
963.9 1.0 1.0 1.0 1.521 0.553 0.352 0.012 0.014 0.004
964.0 1.0 1.0 1.0 1.521 0.553 0.352 0.012 0.014 0.004
964.1 1.0 1.0 1.0 1.521 0.553 0.352 0.012 0.014 0.004
964.2 1.0 1.0 1.0 1.521 0.553 0.352 0.012 0.014 0.004
964.3 1.0 1.0 1.0 1.521 0.553 0.352 0.012 0.014 0.004
964.4 1.0 1.0 1.0 1.521 0.553 0.352 0.012 0.014 0.004
964.5 1.0 1.0 1.0 1.521 0.553 0.352 0.012 0.014 0.004
964.6 1.0 1.0 1.0 1.521 0.553 0.352 0.012 0.014 0.004
964.7 1.0 1.0 1.0 1.521 0.553 0.352 0.012 0.014 0.004
964.8 1.0 1.0 1.0 1.521 0.553 0.352 0.012 0.014 0.004
964.9 1.0 1.0 1.0 1.521 0.553 0.352 0.012 0.014 0.004
965.0 1.0 1.0 1.0 1.521 0.553 0.352 0.012 0.014 0.004
965.1 1.0 1.0 1.0 1.521 0.553 0.352 0.012 0.014 0.004
965.2 1.0 1.0 1.0 1.521 0.553 0.352 0.012 0.014 0.004
965.3 1.0 1.0 1.0 1.521 0.553 0.352 0.012 0.014 0.004
965.4 1.0 1.0 1.0 1.521 0.553 0.352 0.012 0.014 0.004
965.5 1.0 1.0 1.0 1.521 0.553 0.352 0.012 0.014 0.004
965.6 1.0 1.0 1.0 1.521 0.553 0.352 0.012 0.014 0.004
965.7 1.0 1.0 1.0 1.521 0.553 0.352 0.012 0.014 0.004
965.8 1.0 1.0 1.0 1.521 0.553 0.352 0.012 0.014 0.004
965.9 1.0 1.0 1.0 1.521 0.553 0.352 0.012 0.014 0.004
966.0 1.0 1.0 1.0 1.521 0.553 0.352 0.012 0.014 0.004
966.1 1.0 1.0 1.0 1.521 0.553 0.352 0.012 0.014 0.004
966.2 1.0 1.0 1.0 1.521 0.553 0.352 0.012 0.014 0.004
966.3 1.0 1.0 1.0 1.521 0.553 0.352 0.012 0.014 0.004
966.4 1.0 1.0 1.0 1.521 0.553 0.352 0.012 0.014 0.004
966.5 1.0 1.0 1.0 1.521 0.553 0.352 0.012 0.014 0.004
966.6 1.0 1.0 1.0 1.521 0.553 0.352 0.012 0.014 0.004
966.7 1.0 1.0 1.0 1.521 0.553 0.352 0.012 0.014 0.004
966.8 1.0 1.0 1.0 1.521 0.553 0.352 0.012 0.014 0.004
966.9 1.0 1.0 1.0 1.521 0.553 0.352 0.012 0.014 0.004
967.0 1.0 1.0 1.0 1.521 0.553 0.352 0.012 0.014 0.004
967.1 1.0 1.0 1.0 1.521 0.553 0.352 0.012 0.014 0.004
967.2 1.0 1.0 1.0 1.521 0.553 0.352 0.012 0.014 0.004
967.3 1.0 1.0 1.0 1.521 0.553 0.352 0.012 0.014 0.004
967.4 1.0 1.0 1.0 1.521 0.553 0.352 0.012 0.014 0.004
967.5 1.0 1.0 1.0 1.521 0.553 0.352 0.012 0.014 0.004
967.6 1.0 1.0 1.0 1.521 0.553 0.352 0.012 0.014 0.004
967.7 1.0 1.0 1.0 1.521 0.553 0.352 0.012 0.014 0.004
967.8 1.0 1.0 1.0 1.521 0.553 0.352 0.012 0.014 0.004
967.9 1.0 1.0 1.0 1.521 0.553 0.352 0.012 0.014 0.004
968.0 1.0 1.0 1.0 1.521 0.553 0.352 0.012 0.014 0.004
968.1 1.0 1.0 1.0 1.521 0.553 0.352 0.012 0.014 0.004
968.2 1.0 1.0 1.0 1.521 0.553 0.352 0.012 0.014 0.004
968.3 1.0 1.0 1.0 1.521 0.553 0.352 0.012 0.014 0.004
968.4 1.0 1.0 1.0 1.521 0.553 0.352 0.012 0.014 0.004
968.5 1.0 1.0 1.0 1.521 0.553 0.352 0.012 0.014 0.004
968.6 1.0 1.0 1.0 1.521 0.553 0.352 0.012 0.014 0.004
968.7 1.0 1.0 1.0 1.521 0.553 0.352 0.012 0.014 0.004
968.8 1.0 1.0 1.0 1.521 0.553 0.352 0.012 0.014 0.004
968.9 1.0 1.0 1.0 1.521 0.553 0.352 0.012 0.014 0.004
969.0 1.0 1.0 1.0 1.521 0.553 0.352 0.012 0.014 0.004
969.1 1.0 1.0 1.0 1.521 0.553 0.352 0.012 0.014 0.004
969.2 1.0 1.0 1.0 1.521 0.553 0.352 0.012 0.014 0.004
969.3 1.0 1.0 1.0 1.521 0.553 0.352 0.012 0.014 0.004
969.4 1.0 1.0 1.0 1.521 0.553 0.352 0.012 0.014 0.004
969.5 1.0 1.0 1.0 1.521 0.553 0.352 0.012 0.014 0.004
969.6 1.0 1.0 1.0 1.521 0.553 0.352 0.012 0.014 0.004
969.7 1.0 1.0 1.0 1.521 0.553 0.352 0.012 0.014 0.004
969.8 1.0 1.0 1.0 1.521 0.553 0.352 0.012 0.014 0.004
969.9 1.0 1.0 1.0 1.521 0.553 0.352 0.012 0.014 0.004
970.0 1.0 1.0 1.0 1.521 0.553 0.352 0.012 0.014 0.004
970.1 1.0 1.0 1.0 1.521 0.553 0.352 0.012 0.014 0.004
970.2 1.0 1.0 1.0 1.521 0.553 0.352 0.012 0.014 0.004
970.3 1.0 1.0 1.0 1.521 0.553 0.352 0.012 0.014 0.004
970.4 1.0 1.0 1.0 1.521 0.553 0.352 0.012 0.014 0.004
970.5 1.0 1.0 1.0 1.521 0.553 0.352 0.012 0.014 0.004
970.6 1.0 1.0 1.0 1.521 0.553 0.352 0.012 0.014 0.004
970.7 1.0 1.0 1.0 1.521 0.553 0.352 0.012 0.014 0.004
970.8 1.0 1.0 1.0 1.521 0.553 0.352 0.012 0.014 0.004
970.9 1.0 1.0 1.0 1.521 0.553 0.352 0.012 0.014 0.004
971.0 1.0 1.0 1.0 1.521 0.553 0.352 0.012 0.014 0.004
971.1 1.0 1.0 1.0 1.521 0.553 0.352 0.012 0.014 0.004
971.2 1.0 1.0 1.0 1.521 0.553 0.352 0.012 0.014 0.004
971.3 1.0 1.0 1.0 1.521 0.553 0.352 0.012 0.014 0.004
971.4 1.0 1.0 1.0 1.521 0.553 0.352 0.012 0.014 0.004
971.5 1.0 1.0 1.0 1.521 0.553 0.352 0.012 0.014 0.004
971.6 1.0 1.0 1.0 1.521 0.553 0.352 0.012 0.014 0.004
971.7 1.0 1.0 1.0 1.521 0.553 0.352 0.012 0.014 0.004
971.8 1.0 1.0 1.0 1.521 0.553 0.352 0.012 0.014 0.004
971.9 1.0 1.0 1.0 1.521 0.553 0.352 0.012 0.014 0.004
972.0 1.0 1.0 1.0 1.521 0.553 0.352 0.012 0.014 0.004
972.1 1.0 1.0 1.0 1.521 0.553 0.352 0.012 0.014 0.004
972.2 1.0 1.0 1.0 1.521 0.553 0.352 0.012 0.014 0.004
972.3 1.0 1.0 1.0 1.521 0.553 0.352 0.012 0.014 0.004
972.4 1.0 1.0 1.0 1.521 0.553 0.352 0.012 0.014 0.004
972.5 1.0 1.0 1.0 1.521 0.553 0.352 0.012 0.014 0.004
972.6 1.0 1.0 1.0 1.521 0.553 0.352 0.012 0.014 0.004
972.7 1.0 1.0 1.0 1.521 0.553 0.352 0.012 0.014 0.004
972.8 1.0 1.0 1.0 1.521 0.553 0.352 0.012 0.014 0.004
972.9 1.0 1.0 1.0 1.521 0.553 0.352 0.012 0.014 0.004
973.0 1.0 1.0 1.0 1.521 0.553 0.352 0.012 0.014 0.004
973.1 1.0 1.0 1.0 1.521 0.553 0.352 0.012 0.014 0.004
973.2 1.0 1.0 1.0 1.521 0.553 0.352 0.012 0.014 0.004
973.3 1.0 1.0 1.0 1.521 0.553 0.352 0.012 0.014 0.004
973.4 1.0 1.0 1.0 1.521 0.553 0.352 0.012 0.014 0.004
973.5 1.0 1.0 1.0 1.521 0.553 0.352 0.012 0.014 0.004
973.6 1.0 1.0 1.0 1.521 0.553 0.352 0.012 0.014 0.004
973.7 1.0 1.0 1.0 1.521 0.553 0.352 0.012 0.014 0.004
973.8 1.0 1.0 1.0 1.521 0.553 0.352 0.012 0.014 0.004
973.9 1.0 1.0 1.0 1.521 0.553 0.352 0.012 0.014 0.004
974.0 1.0 1.0 1.0 1.521 0.553 0.352 0.012 0.014 0.004
974.1 1.0 1.0 1.0 1.521 0.553 0.352 0.012 0.014 0.004
974.2 1.0 1.0 1.0 1.521 0.553 0.352 0.012 0.014 0.004
974.3 1.0 1.0 1.0 1.521 0.553 0.352 0.012 0.014 0.004
974.4 1.0 1.0 1.0 1.521 0.553 0.352 0.012 0.014 0.004
974.5 1.0 1.0 1.0 1.521 0.553 0.352 0.012 0.014 0.004
974.6 1.0 1.0 1.0 1.521 0.553 0.352 0.012 0.014 0.004
974.7 1.0 1.0 1.0 1.521 0.553 0.352 0.012 0.014 0.004
974.8 1.0 1.0 1.0 1.521 0.553 0.352 0.012 0.014 0.004
974.9 1.0 1.0 1.0 1.521 0.553 0.352 0.012 0.014 0.004
975.0 1.0 1.0 1.0 1.521 0.553 0.352 0.012 0.014 0.004
975.1 1.0 1.0 1.0 1.521 0.553 0.352 0.012 0.014 0.004
975.2 1.0 1.0 1.0 1.521 0.553 0.352 0.012 0.014 0.004
975.3 1.0 1.0 1.0 1.521 0.553 0.352 0.012 0.014 0.004
975.4 1.0 1.0 1.0 1.521 0.553 0.352 0.012 0.014 0.004
975.5 1.0 1.0 1.0 1.521 0.553 0.352 0.012 0.014 0.004
975.6 1.0 1.0 1.0 1.521 0.553 0.352 0.012 0.014 0.004
975.7 1.0 1.0 1.0 1.521 0.553 0.352 0.012 0.014 0.004
975.8 1.0 1.0 1.0 1.521 0.553 0.352 0.012 0.014 0.004
975.9 1.0 1.0 1.0 1.521 0.553 0.352 0.012 0.014 0.004
976.0 1.0 1.0 1.0 1.521 0.553 0.352 0.012 0.014 0.004
976.1 1.0 1.0 1.0 1.521 0.553 0.352 0.012 0.014 0.004
976.2 1.0 1.0 1.0 1.521 0.553 0.352 0.012 0.014 0.004
976.3 1.0 1.0 1.0 1.521 0.553 0.352 0.012 0.014 0.004
976.4 1.0 1.0 1.0 1.521 0.553 0.352 0.012 0.014 0.004
976.5 1.0 1.0 1.0 1.521 0.553 0.352 0.012 0.014 0.004
976.6 1.0 1.0 1.0 1.521 0.553 0.352 0.012 0.014 0.004
976.7 1.0 1.0 1.0 1.521 0.553 0.352 0.012 0.014 0.004
976.8 1.0 1.0 1.0 1.521 0.553 0.352 0.012 0.014 0.004
976.9 1.0 1.0 1.0 1.521 0.553 0.352 0.012 0.014 0.004
977.0 1.0 1.0 1.0 1.521 0.553 0.352 0.012 0.014 0.004
977.1 1.0 1.0 1.0 1.521 0.553 0.352 0.012 0.014 0.004
977.2 1.0 1.0 1.0 1.521 0.553 0.352 0.012 0.014 0.004
977.3 1.0 1.0 1.0 1.521 0.553 0.352 0.012 0.014 0.004
977.4 1.0 1.0 1.0 1.521 0.553 0.352 0.012 0.014 0.004
977.5 1.0 1.0 1.0 1.521 0.553 0.352 0.012 0.014 0.004
977.6 1.0 1.0 1.0 1.521 0.553 0.352 0.012 0.014 0.004
977.7 1.0 1.0 1.0 1.521 0.553 0.352 0.012 0.014 0.004
977.8 1.0 1.0 1.0 1.521 0.553 0.352 0.012 0.014 0.004
977.9 1.0 1.0 1.0 1.521 0.553 0.352 0.012 0.014 0.004
978.0 1.0 1.0 1.0 1.521 0.553 0.352 0.012 0.014 0.004
978.1 1.0 1.0 1.0 1.521 0.553 0.352 0.012 0.014 0.004
978.2 1.0 1.0 1.0 1.521 0.553 0.352 0.012 0.014 0.004
978.3 1.0 1.0 1.0 1.521 0.553 0.352 0.012 0.014 0.004
978.4 1.0 1.0 1.0 1.521 0.553 0.352 0.012 0.014 0.004
978.5 1.0 1.0 1.0 1.521 0.553 0.352 0.012 0.014 0.004
978.6 1.0 1.0 1.0 1.521 0.553 0.352 0.012 0.014 0.004
978.7 1.0 1.0 1.0 1.521 0.553 0.352 0.012 0.014 0.004
978.8 1.0 1.0 1.0 1.521 0.553 0.352 0.012 0.014 0.004
978.9 1.0 1.0 1.0 1.521 0.553 0.352 0.012 0.014 0.004
979.0 1.0 1.0 1.0 1.521 0.553 0.352 0.012 0.014 0.004
979.1 1.0 1.0 1.0 1.521 0.553 0.352 0.012 0.014 0.004
979.2 1.0 1.0 1.0 1.521 0.553 0.352 0.012 0.014 0.004
979.3 1.0 1.0 1.0 1.521 0.553 0.352 0.012 0.014 0.004
979.4 1.0 1.0 1.0 1.521 0.553 0.352 0.012 0.014 0.004
979.5 1.0 1.0 1.0 1.521 0.553 0.352 0.012 0.014 0.004
979.6 1.0 1.0 1.0 1.521 0.553 0.352 0.012 0.014 0.004
979.7 1.0 1.0 1.0 1.521 0.553 0.352 0.012 0.014 0.004
979.8 1.0 1.0 1.0 1.521 0.553 0.352 0.012 0.014 0.004
979.9 1.0 1.0 1.0 1.521 0.553 0.352 0.012 0.014 0.004
980.0 1.0 1.0 1.0 1.521 0.553 0.352 0.012 0.014 0.004
980.1 1.0 1.0 1.0 1.521 0.553 0.352 0.012 0.014 0.004
980.2 1.0 1.0 1.0 1.521 0.553 0.352 0.012 0.014 0.004
980.3 1.0 1.0 1.0 1.521 0.553 0.352 0.012 0.014 0.004
980.4 1.0 1.0 1.0 1.521 0.553 0.352 0.012 0.014 0.004
980.5 1.0 1.0 1.0 1.521 0.553 0.352 0.012 0.014 0.004
980.6 1.0 1.0 1.0 1.521 0.553 0.352 0.012 0.014 0.004
980.7 1.0 1.0 1.0 1.521 0.553 0.352 0.012 0.014 0.004
980.8 1.0 1.0 1.0 1.521 0.553 0.352 0.012 0.014 0.004
980.9 1.0 1.0 1.0 1.521 0.553 0.352 0.012 0.014 0.004
981.0 1.0 1.0 1.0 1.521 0.553 0.352 0.012 0.014 0.004
981.1 1.0 1.0 1.0 1.521 0.553 0.352 0.012 0.014 0.004
981.2 1.0 1.0 1.0 1.521 0.553 0.352 0.012 0.014 0.004
981.3 1.0 1.0 1.0 1.521 0.553 0.352 0.012 0.014 0.004
981.4 1.0 1.0 1.0 1.521 0.553 0.352 0.012 0.014 0.004
981.5 1.0 1.0 1.0 1.521 0.553 0.352 0.012 0.014 0.004
981.6 1.0 1.0 1.0 1.521 0.553 0.352 0.012 0.014 0.004
981.7 1.0 1.0 1.0 1.521 0.553 0.352 0.012 0.014 0.004
981.8 1.0 1.0 1.0 1.521 0.553 0.352 0.012 0.014 0.004
981.9 1.0 1.0 1.0 1.521 0.553 0.352 0.012 0.014 0.004
982.0 1.0 1.0 1.0 1.521 0.553 0.352 0.012 0.014 0.004
982.1 1.0 1.0 1.0 1.521 0.553 0.352 0.012 0.014 0.004
982.2 1.0 1.0 1.0 1.521 0.553 0.352 0.012 0.014 0.004
982.3 1.0 1.0 1.0 1.521 0.553 0.352 0.012 0.014 0.004
982.4 1.0 1.0 1.0 1.521 0.553 0.352 0.012 0.014 0.004
982.5 1.0 1.0 1.0 1.521 0.553 0.352 0.012 0.014 0.004
982.6 1.0 1.0 1.0 1.521 0.553 0.352 0.012 0.014 0.004
982.7 1.0 1.0 1.0 1.521 0.553 0.352 0.012 0.014 0.004
982.8 1.0 1.0 1.0 1.521 0.553 0.352 0.012 0.014 0.004
982.9 1.0 1.0 1.0 1.521 0.553 0.352 0.012 0.014 0.004
983.0 1.0 1.0 1.0 1.521 0.553 0.352 0.012 0.014 0.004
983.1 1.0 1.0 1.0 1.521 0.553 0.352 0.012 0.014 0.004
983.2 1.0 1.0 1.0 1.521 0.553 0.352 0.012 0.014 0.004
983.3 1.0 1.0 1.0 1.521 0.553 0.352 0.012 0.014 0.004
983.4 1.0 1.0 1.0 1.521 0.553 0.352 0.012 0.014 0.004
983.5 1.0 1.0 1.0 1.521 0.553 0.352 0.012 0.014 0.004
983.6 1.0 1.0 1.0 1.521 0.553 0.352 0.012 0.014 0.004
983.7 1.0 1.0 1.0 1.521 0.553 0.352 0.012 0.014 0.004
983.8 1.0 1.0 1.0 1.521 0.553 0.352 0.012 0.014 0.004
983.9 1.0 1.0 1.0 1.521 0.553 0.352 0.012 0.014 0.004
984.0 1.0 1.0 1.0 1.521 0.553 0.352 0.012 0.014 0.004
984.1 1.0 1.0 1.0 1.521 0.553 0.352 0.012 0.014 0.004
984.2 1.0 1.0 1.0 1.521 0.553 0.352 0.012 0.014 0.004
984.3 1.0 1.0 1.0 1.521 0.553 0.352 0.012 0.014 0.004
984.4 1.0 1.0 1.0 1.521 0.553 0.352 0.012 0.014 0.004
984.5 1.0 1.0 1.0 1.521 0.553 0.352 0.012 0.014 0.004
984.6 1.0 1.0 1.0 1.521 0.553 0.352 0.012 0.014 0.004
984.7 1.0 1.0 1.0 1.521 0.553 0.352 0.012 0.014 0.004
984.8 1.0 1.0 1.0 1.521 0.553 0.352 0.012 0.014 0.004
984.9 1.0 1.0 1.0 1.521 0.553 0.352 0.012 0.014 0.004
985.0 1.0 1.0 1.0 1.521 0.553 0.352 0.012 0.014 0.004
985.1 1.0 1.0 1.0 1.521 0.553 0.352 0.012 0.014 0.004
985.2 1.0 1.0 1.0 1.521 0.553 0.352 0.012 0.014 0.004
985.3 1.0 1.0 1.0 1.521 0.553 0.352 0.012 0.014 0.004
985.4 1.0 1.0 1.0 1.521 0.553 0.352 0.012 0.014 0.004
985.5 1.0 1.0 1.0 1.521 0.553 0.352 0.012 0.014 0.004
985.6 1.0 1.0 1.0 1.521 0.553 0.352 0.012 0.014 0.004
985.7 1.0 1.0 1.0 1.521 0.553 0.352 0.012 0.014 0.004
985.8 1.0 1.0 1.0 1.521 0.553 0.352 0.012 0.014 0.004
985.9 1.0 1.0 1.0 1.521 0.553 0.352 0.012 0.014 0.004
986.0 1.0 1.0 1.0 1.521 0.553 0.352 0.012 0.014 0.004
986.1 1.0 1.0 1.0 1.521 0.553 0.352 0.012 0.014 0.004
986.2 1.0 1.0 1.0 1.521 0.553 0.352 0.012 0.014 0.004
986.3 1.0 1.0 1.0 1.521 0.553 0.352 0.012 0.014 0.004
986.4 1.0 1.0 1.0 1.521 0.553 0.352 0.012 0.014 0.004
986.5 1.0 1.0 1.0 1.521 0.553 0.352 0.012 0.014 0.004
986.6 1.0 1.0 1.0 1.521 0.553 0.352 0.012 0.014 0.004
986.7 1.0 1.0 1.0 1.521 0.553 0.352 0.012 0.014 0.004
986.8 1.0 1.0 1.0 1.521 0.553 0.352 0.012 0.014 0.004
986.9 1.0 1.0 1.0 1.521 0.553 0.352 0.012 0.014 0.004
987.0 1.0 1.0 1.0 1.521 0.553 0.352 0.012 0.014 0.004
987.1 1.0 1.0 1.0 1.521 0.553 0.352 0.012 0.014 0.004
987.2 1.0 1.0 1.0 1.521 0.553 0.352 0.012 0.014 0.004
987.3 1.0 1.0 1.0 1.521 0.553 0.352 0.012 0.014 0.004
987.4 1.0 1.0 1.0 1.521 0.553 0.352 0.012 0.014 0.004
987.5 1.0 1.0 1.0 1.521 0.553 0.352 0.012 0.014 0.004
987.6 1.0 1.0 1.0 1.521 0.553 0.352 0.012 0.014 0.004
987.7 1.0 1.0 1.0 1.521 0.553 0.352 0.012 0.014 0.004
987.8 1.0 1.0 1.0 1.521 0.553 0.352 0.012 0.014 0.004
987.9 1.0 1.0 1.0 1.521 0.553 0.352 0.012 0.014 0.004
988.0 1.0 1.0 1.0 1.521 0.553 0.352 0.012 0.014 0.004
988.1 1.0 1.0 1.0 1.521 0.553 0.352 0.012 0.014 0.004
988.2 1.0 1.0 1.0 1.521 0.553 0.352 0.012 0.014 0.004
988.3 1.0 1.0 1.0 1.521 0.553 0.352 0.012 0.014 0.004
988.4 1.0 1.0 1.0 1.521 0.553 0.352 0.012 0.014 0.004
988.5 1.0 1.0 1.0 1.521 0.553 0.352 0.012 0.014 0.004
988.6 1.0 1.0 1.0 1.521 0.553 0.352 0.012 0.014 0.004
988.7 1.0 1.0 1.0 1.521 0.553 0.352 0.012 0.014 0.004
988.8 1.0 1.0 1.0 1.521 0.553 0.352 0.012 0.014 0.004
988.9 1.0 1.0 1.0 1.521 0.553 0.352 0.012 0.014 0.004
989.0 1.0 1.0 1.0 1.521 0.553 0.352 0.012 0.014 0.004
989.1 1.0 1.0 1.0 1.521 0.553 0.352 0.012 0.014 0.004
989.2 1.0 1.0 1.0 1.521 0.553 0.352 0.012 0.014 0.004
989.3 1.0 1.0 1.0 1.521 0.553 0.352 0.012 0.014 0.004
989.4 1.0 1.0 1.0 1.521 0.553 0.352 0.012 0.014 0.004
989.5 1.0 1.0 1.0 1.521 0.553 0.352 0.012 0.014 0.004
989.6 1.0 1.0 1.0 1.521 0.553 0.352 0.012 0.014 0.004
989.7 1.0 1.0 1.0 1.521 0.553 0.352 0.012 0.014 0.004
989.8 1.0 1.0 1.0 1.521 0.553 0.352 0.012 0.014 0.004
989.9 1.0 1.0 1.0 1.521 0.553 0.352 0.012 0.014 0.004
990.0 1.0 1.0 1.0 1.521 0.553 0.352 0.012 0.014 0.004
990.1 1.0 1.0 1.0 1.521 0.553 0.352 0.012 0.014 0.004
990.2 1.0 1.0 1.0 1.521 0.553 0.352 0.012 0.014 0.004
990.3 1.0 1.0 1.0 1.521 0.553 0.352 0.012 0.014 0.004
990.4 1.0 1.0 1.0 1.521 0.553 0.352 0.012 0.014 0.004
990.5 1.0 1.0 1.0 1.521 0.553 0.352 0.012 0.014 0.004
990.6 1.0 1.0 1.0 1.521 0.553 0.352 0.012 0.014 0.004
990.7 1.0 1.0 1.0 1.521 0.553 0.352 0.012 0.014 0.004
990.8 1.0 1.0 1.0 1.521 0.553 0.352 0.012 0.014 0.004
990.9 1.0 1.0 1.0 1.521 0.553 0.352 0.012 0.014 0.004
991.0 1.0 1.0 1.0 1.521 0.553 0.352 0.012 0.014 0.004
991.1 1.0 1.0 1.0 1.521 0.553 0.352 0.012 0.014 0.004
991.2 1.0 1.0 1.0 1.521 0.553 0.352 0.012 0.014 0.004
991.3 1.0 1.0 1.0 1.521 0.553 0.352 0.012 0.014 0.004
991.4 1.0 1.0 1.0 1.521 0.553 0.352 0.012 0.014 0.004
991.5 1.0 1.0 1.0 1.521 0.553 0.352 0.012 0.014 0.004
991.6 1.0 1.0 1.0 1.521 0.553 0.352 0.012 0.014 0.004
991.7 1.0 1.0 1.0 1.521 0.553 0.352 0.012 0.014 0.004
991.8 1.0 1.0 1.0 1.521 0.553 0.352 0.012 0.014 0.004
991.9 1.0 1.0 1.0 1.521 0.553 0.352 0.012 0.014 0.004
992.0 1.0 1.0 1.0 1.521 0.553 0.352 0.012 0.014 0.004
992.1 1.0 1.0 1.0 1.521 0.553 0.352 0.012 0.014 0.004
992.2 1.0 1.0 1.0 1.521 0.553 0.352 0.012 0.014 0.004
992.3 1.0 1.0 1.0 1.521 0.553 0.352 0.012 0.014 0.004
992.4 1.0 1.0 1.0 1.521 0.553 0.352 0.012 0.014 0.004
992.5 1.0 1.0 1.0 1.521 0.553 0.352 0.012 0.014 0.004
992.6 1.0 1.0 1.0 1.521 0.553 0.352 0.012 0.014 0.004
992.7 1.0 1.0 1.0 1.521 0.553 0.352 0.012 0.014 0.004
992.8 1.0 1.0 1.0 1.521 0.553 0.352 0.012 0.014 0.004
992.9 1.0 1.0 1.0 1.521 0.553 0.352 0.012 0.014 0.004
993.0 1.0 1.0 1.0 1.521 0.553 0.352 0.012 0.014 0.004
993.1 1.0 1.0 1.0 1.521 0.553 0.352 0.012 0.014 0.004
993.2 1.0 1.0 1.0 1.521 0.553 0.352 0.012 0.014 0.004
993.3 1.0 1.0 1.0 1.521 0.553 0.352 0.012 0.014 0.004
993.4 1.0 1.0 1.0 1.521 0.553 0.352 0.012 0.014 0.004
993.5 1.0 1.0 1.0 1.521 0.553 0.352 0.012 0.014 0.004
993.6 1.0 1.0 1.0 1.521 0.553 0.352 0.012 0.014 0.004
993.7 1.0 1.0 1.0 1.521 0.553 0.352 0.012 0.014 0.004
993.8 1.0 1.0 1.0 1.521 0.553 0.352 0.012 0.014 0.004
993.9 1.0 1.0 1.0 1.521 0.553 0.352 0.012 0.014 0.004
994.0 1.0 1.0 1.0 1.521 0.553 0.352 0.012 0.014 0.004
994.1 1.0 1.0 1.0 1.521 0.553 0.352 0.012 0.014 0.004
994.2 1.0 1.0 1.0 1.521 0.553 0.352 0.012 0.014 0.004
994.3 1.0 1.0 1.0 1.521 0.553 0.352 0.012 0.014 0.004
994.4 1.0 1.0 1.0 1.521 0.553 0.352 0.012 0.014 0.004
994.5 1.0 1.0 1.0 1.521 0.553 0.352 0.012 0.014 0.004
994.6 1.0 1.0 1.0 1.521 0.553 0.352 0.012 0.014 0.004
994.7 1.0 1.0 1.0 1.521 0.553 0.352 0.012 0.014 0.004
994.8 1.0 1.0 1.0 1.521 0.553 0.352 0.012 0.014 0.004
994.9 1.0 1.0 1.0 1.521 0.553 0.352 0.012 0.014 0.004
995.0 1.0 1.0 1.0 1.521 0.553 0.352 0.012 0.014 0.004
995.1 1.0 1.0 1.0 1.521 0.553 0.352 0.012 0.014 0.004
995.2 1.0 1.0 1.0 1.521 0.553 0.352 0.012 0.014 0.004
995.3 1.0 1.0 1.0 1.521 0.553 0.352 0.012 0.014 0.004
995.4 1.0 1.0 1.0 1.521 0.553 0.352 0.012 0.014 0.004
995.5 1.0 1.0 1.0 1.521 0.553 0.352 0.012 0.014 0.004
995.6 1.0 1.0 1.0 1.521 0.553 0.352 0.012 0.014 0.004
995.7 1.0 1.0 1.0 1.521 0.553 0.352 0.012 0.014 0.004
995.8 1.0 1.0 1.0 1.521 0.553 0.352 0.012 0.014 0.004
995.9 1.0 1.0 1.0 1.521 0.553 0.352 0.012 0.014 0.004
996.0 1.0 1.0 1.0 1.521 0.553 0.352 0.012 0.014 0.004
996.1 1.0 1.0 1.0 1.521 0.553 0.352 0.012 0.014 0.004
996.2 1.0 1.0 1.0 1.521 0.553 0.352 0.012 0.014 0.004
996.3 1.0 1.0 1.0 1.521 0.553 0.352 0.012 0.014 0.004
996.4 1.0 1.0 1.0 1.521 0.553 0.352 0.012 0.014 0.004
996.5 1.0 1.0 1.0 1.521 0.553 0.352 0.012 0.014 0.004
996.6 1.0 1.0 1.0 1.521 0.553 0.352 0.012 0.014 0.004
996.7 1.0 1.0 1.0 1.521 0.553 0.352 0.012 0.014 0.004
996.8 1.0 1.0 1.0 1.521 0.553 0.352 0.012 0.014 0.004
996.9 1.0 1.0 1.0 1.521 0.553 0.352 0.012 0.014 0.004
997.0 1.0 1.0 1.0 1.521 0.553 0.352 0.012 0.014 0.004
997.1 1.0 1.0 1.0 1.521 0.553 0.352 0.012 0.014 0.004
997.2 1.0 1.0 1.0 1.521 0.553 0.352 0.012 0.014 0.004
997.3 1.0 1.0 1.0 1.521 0.553 0.352 0.012 0.014 0.004
997.4 1.0 1.0 1.0 1.521 0.553 0.352 0.012 0.014 0.004
997.5 1.0 1.0 1.0 1.521 0.553 0.352 0.012 0.014 0.004
997.6 1.0 1.0 1.0 1.521 0.553 0.352 0.012 0.014 0.004
997.7 1.0 1.0 1.0 1.521 0.553 0.352 0.012 0.014 0.004
997.8 1.0 1.0 1.0 1.521 0.553 0.352 0.012 0.014 0.004
997.9 1.0 1.0 1.0 1.521 0.553 0.352 0.012 0.014 0.004
998.0 1.0 1.0 1.0 1.521 0.553 0.352 0.012 0.014 0.004
998.1 1.0 1.0 1.0 1.521 0.553 0.352 0.012 0.014 0.004
998.2 1.0 1.0 1.0 1.521 0.553 0.352 0.012 0.014 0.004
998.3 1.0 1.0 1.0 1.521 0.553 0.352 0.012 0.014 0.004
998.4 1.0 1.0 1.0 1.521 0.553 0.352 0.012 0.014 0.004
998.5 1.0 1.0 1.0 1.521 0.553 0.352 0.012 0.014 0.004
998.6 1.0 1.0 1.0 1.521 0.553 0.352 0.012 0.014 0.004
998.7 1.0 1.0 1.0 1.521 0.553 0.352 0.012 0.014 0.004
998.8 1.0 1.0 1.0 1.521 0.553 0.352 0.012 0.014 0.004
998.9 1.0 1.0 1.0 1.521 0.553 0.352 0.012 0.014 0.004
999.0 1.0 1.0 1.0 1.521 0.553 0.352 0.012 0.014 0.004
999.1 1.0 1.0 1.0 1.521 0.553 0.352 0.012 0.014 0.004
999.2 1.0 1.0 1.0 1.521 0.553 0.352 0.012 0.014 0.004
999.3 1.0 1.0 1.0 1.521 0.553 0.352 0.012 0.014 0.004
999.4 1.0 1.0 1.0 1.521 0.553 0.352 0.012 0.014 0.004
999.5 1.0 1.0 1.0 1.521 0.553 0.352 0.012 0.014 0.004
999.6 1.0 1.0 1.0 1.521 0.553 0.352 0.012 0.014 0.004
999.7 1.0 1.0 1.0 1.521 0.553 0.352 0.012 0.014 0.004
999.8 1.0 1.0 1.0 1.521 0.553 0.352 0.012 0.014 0.004
