1800.0 1.0 1.0 1.0 1.546 0.559 0.36 0.614 1.452 0.01 1.902 0.02 1.262 0.011 0.009 0.01
1800.1 1.0 1.0 1.0 1.546 0.559 0.36 0.614 1.452 0.01 1.901 0.02 1.262 0.012 0.008 0.01
1800.2 1.0 1.0 1.0 1.546 0.559 0.36 0.614 1.452 0.01 1.901 0.02 1.262 0.013 0.007 0.01
1800.3 1.0 1.0 1.0 1.546 0.559 0.36 0.614 1.452 0.011 1.9 0.02 1.262 0.013 0.007 0.01
1800.4 1.0 1.0 1.0 1.546 0.559 0.36 0.614 1.452 0.011 1.9 0.02 1.261 0.014 0.007 0.009
1800.5 1.0 1.0 1.0 1.546 0.559 0.36 0.614 1.452 0.011 1.9 0.02 1.261 0.014 0.007 0.009
1800.6 1.0 1.0 1.0 1.546 0.559 0.36 0.614 1.452 0.011 1.899 0.02 1.261 0.015 0.007 0.009
1800.7 1.0 1.0 1.0 1.546 0.559 0.36 0.614 1.452 0.011 1.899 0.02 1.261 0.015 0.007 0.009
1800.8 1.0 1.0 1.0 1.546 0.559 0.36 0.614 1.452 0.012 1.899 0.02 1.261 0.015 0.007 0.009
1800.9 1.0 1.0 1.0 1.546 0.559 0.36 0.614 1.452 0.012 1.898 0.02 1.261 0.015 0.007 0.008
1801.0 1.0 1.0 1.0 1.546 0.559 0.36 0.614 1.452 0.012 1.898 0.02 1.26 0.015 0.007 0.008
1801.1 1.0 1.0 1.0 1.546 0.559 0.36 0.614 1.452 0.012 1.897 0.02 1.26 0.015 0.007 0.008
1801.2 1.0 1.0 1.0 1.546 0.559 0.36 0.614 1.452 0.013 1.897 0.02 1.26 0.016 0.007 0.008
1801.3 1.0 1.0 1.0 1.546 0.559 0.36 0.614 1.452 0.013 1.897 0.02 1.26 0.016 0.007 0.008
1801.4 1.0 1.0 1.0 1.546 0.559 0.36 0.614 1.452 0.013 1.896 0.02 1.26 0.016 0.007 0.008
1801.5 1.0 1.0 1.0 1.546 0.559 0.36 0.614 1.452 0.013 1.896 0.02 1.26 0.016 0.007 0.008
1801.6 1.0 1.0 1.0 1.546 0.559 0.36 0.614 1.452 0.014 1.896 0.02 1.26 0.016 0.007 0.008
1801.7 1.0 1.0 1.0 1.546 0.559 0.36 0.614 1.452 0.014 1.895 0.02 1.259 0.016 0.007 0.007
1801.8 1.0 1.0 1.0 1.546 0.559 0.36 0.614 1.452 0.014 1.895 0.02 1.259 0.016 0.007 0.007
1801.9 1.0 1.0 1.0 1.546 0.559 0.36 0.614 1.452 0.014 1.895 0.02 1.259 0.016 0.007 0.007
1802.0 1.0 1.0 1.0 1.546 0.559 0.36 0.614 1.452 0.015 1.895 0.02 1.259 0.016 0.007 0.007
1802.1 1.0 1.0 1.0 1.546 0.559 0.36 0.614 1.452 0.015 1.894 0.02 1.259 0.016 0.007 0.007
1802.2 1.0 1.0 1.0 1.546 0.559 0.36 0.614 1.452 0.015 1.894 0.02 1.259 0.016 0.007 0.007
1802.3 1.0 1.0 1.0 1.546 0.559 0.36 0.614 1.452 0.016 1.894 0.02 1.259 0.016 0.007 0.007
1802.4 1.0 1.0 1.0 1.546 0.559 0.36 0.614 1.452 0.016 1.893 0.02 1.259 0.016 0.007 0.007
1802.5 1.0 1.0 1.0 1.546 0.559 0.36 0.614 1.452 0.016 1.893 0.02 1.258 0.016 0.007 0.007
1802.6 1.0 1.0 1.0 1.546 0.559 0.36 0.614 1.452 0.016 1.893 0.02 1.258 0.016 0.007 0.007
1802.7 1.0 1.0 1.0 1.546 0.559 0.36 0.614 1.452 0.017 1.893 0.02 1.258 0.017 0.007 0.007
1802.8 1.0 1.0 1.0 1.546 0.559 0.36 0.614 1.452 0.017 1.892 0.02 1.258 0.017 0.007 0.007
1802.9 1.0 1.0 1.0 1.546 0.559 0.36 0.614 1.452 0.017 1.892 0.02 1.258 0.017 0.007 0.007
1803.0 1.0 1.0 1.0 1.546 0.559 0.36 0.614 1.452 0.017 1.892 0.02 1.258 0.017 0.007 0.007
1803.1 1.0 1.0 1.0 1.546 0.559 0.36 0.614 1.452 0.018 1.892 0.02 1.258 0.017 0.007 0.007
1803.2 1.0 1.0 1.0 1.546 0.559 0.36 0.614 1.452 0.018 1.891 0.02 1.258 0.017 0.007 0.007
1803.3 1.0 1.0 1.0 1.546 0.559 0.36 0.614 1.452 0.018 1.891 0.02 1.258 0.017 0.007 0.007
1803.4 1.0 1.0 1.0 1.546 0.559 0.36 0.614 1.452 0.018 1.891 0.02 1.258 0.017 0.007 0.007
1803.5 1.0 1.0 1.0 1.546 0.559 0.36 0.614 1.452 0.019 1.891 0.02 1.257 0.017 0.007 0.007
1803.6 1.0 1.0 1.0 1.546 0.559 0.36 0.614 1.452 0.019 1.891 0.02 1.257 0.017 0.007 0.007
1803.7 1.0 1.0 1.0 1.546 0.559 0.36 0.614 1.452 0.019 1.89 0.02 1.257 0.017 0.007 0.007
1803.8 1.0 1.0 1.0 1.546 0.559 0.36 0.614 1.452 0.019 1.89 0.02 1.257 0.017 0.007 0.007
1803.9 1.0 1.0 1.0 1.546 0.559 0.36 0.614 1.452 0.02 1.89 0.02 1.257 0.017 0.007 0.007
1804.0 1.0 1.0 1.0 1.546 0.559 0.36 0.614 1.452 0.02 1.89 0.02 1.257 0.017 0.007 0.007
1804.1 1.0 1.0 1.0 1.546 0.559 0.36 0.614 1.452 0.02 1.89 0.02 1.257 0.017 0.007 0.007
1804.2 1.0 1.0 1.0 1.546 0.559 0.36 0.614 1.452 0.021 1.889 0.02 1.257 0.017 0.007 0.007
1804.3 1.0 1.0 1.0 1.546 0.559 0.36 0.614 1.452 0.021 1.889 0.02 1.257 0.017 0.007 0.007
1804.4 1.0 1.0 1.0 1.546 0.559 0.36 0.614 1.452 0.021 1.889 0.02 1.257 0.017 0.007 0.007
1804.5 1.0 1.0 1.0 1.546 0.559 0.36 0.614 1.452 0.021 1.889 0.02 1.257 0.017 0.007 0.007
1804.6 1.0 1.0 1.0 1.546 0.559 0.36 0.614 1.452 0.022 1.889 0.02 1.257 0.017 0.007 0.007
1804.7 1.0 1.0 1.0 1.546 0.559 0.36 0.614 1.452 0.022 1.888 0.02 1.256 0.017 0.007 0.007
1804.8 1.0 1.0 1.0 1.546 0.559 0.36 0.614 1.452 0.022 1.888 0.02 1.256 0.017 0.007 0.007
1804.9 1.0 1.0 1.0 1.546 0.559 0.36 0.614 1.452 0.022 1.888 0.02 1.256 0.017 0.007 0.007
1805.0 1.0 1.0 1.0 1.546 0.559 0.36 0.614 1.452 0.023 1.888 0.02 1.256 0.017 0.007 0.007
1805.1 1.0 1.0 1.0 1.546 0.559 0.36 0.614 1.452 0.023 1.888 0.02 1.256 0.017 0.007 0.007
1805.2 1.0 1.0 1.0 1.546 0.559 0.36 0.614 1.452 0.023 1.888 0.02 1.256 0.017 0.007 0.007
1805.3 1.0 1.0 1.0 1.546 0.559 0.36 0.614 1.452 0.023 1.888 0.02 1.256 0.017 0.007 0.007
1805.4 1.0 1.0 1.0 1.546 0.559 0.36 0.614 1.452 0.024 1.887 0.02 1.256 0.017 0.007 0.007
1805.5 1.0 1.0 1.0 1.546 0.559 0.36 0.614 1.452 0.024 1.887 0.02 1.256 0.017 0.007 0.007
1805.6 1.0 1.0 1.0 1.546 0.559 0.36 0.614 1.452 0.024 1.887 0.02 1.256 0.017 0.007 0.007
1805.7 1.0 1.0 1.0 1.546 0.559 0.36 0.614 1.452 0.024 1.887 0.02 1.256 0.017 0.007 0.007
1805.8 1.0 1.0 1.0 1.546 0.559 0.36 0.614 1.452 0.025 1.887 0.02 1.256 0.017 0.007 0.007
1805.9 1.0 1.0 1.0 1.546 0.559 0.36 0.614 1.452 0.025 1.887 0.02 1.256 0.017 0.007 0.007
1806.0 1.0 1.0 1.0 1.546 0.559 0.36 0.614 1.452 0.025 1.887 0.02 1.256 0.017 0.007 0.007
1806.1 1.0 1.0 1.0 1.546 0.559 0.36 0.614 1.452 0.026 1.886 0.02 1.256 0.017 0.007 0.007
1806.2 1.0 1.0 1.0 1.546 0.559 0.36 0.614 1.452 0.026 1.886 0.02 1.256 0.017 0.007 0.007
1806.3 1.0 1.0 1.0 1.546 0.559 0.36 0.614 1.452 0.026 1.886 0.02 1.255 0.017 0.007 0.007
1806.4 1.0 1.0 1.0 1.546 0.559 0.36 0.614 1.452 0.026 1.886 0.02 1.255 0.017 0.007 0.007
1806.5 1.0 1.0 1.0 1.546 0.559 0.36 0.614 1.452 0.027 1.886 0.02 1.255 0.017 0.007 0.007
1806.6 1.0 1.0 1.0 1.546 0.559 0.36 0.614 1.452 0.027 1.886 0.02 1.255 0.017 0.007 0.007
1806.7 1.0 1.0 1.0 1.546 0.559 0.36 0.614 1.452 0.027 1.886 0.02 1.255 0.017 0.007 0.007
1806.8 1.0 1.0 1.0 1.546 0.559 0.36 0.614 1.452 0.027 1.886 0.02 1.255 0.017 0.007 0.007
1806.9 1.0 1.0 1.0 1.546 0.559 0.36 0.614 1.452 0.028 1.885 0.02 1.255 0.017 0.007 0.007
1807.0 1.0 1.0 1.0 1.546 0.559 0.36 0.614 1.452 0.028 1.885 0.02 1.255 0.017 0.007 0.007
1807.1 1.0 1.0 1.0 1.546 0.559 0.36 0.614 1.452 0.028 1.885 0.02 1.255 0.017 0.007 0.007
1807.2 1.0 1.0 1.0 1.546 0.559 0.36 0.614 1.452 0.028 1.885 0.02 1.255 0.017 0.007 0.007
1807.3 1.0 1.0 1.0 1.546 0.559 0.36 0.614 1.452 0.029 1.885 0.02 1.255 0.017 0.007 0.007
1807.4 1.0 1.0 1.0 1.546 0.559 0.36 0.614 1.452 0.029 1.885 0.02 1.255 0.017 0.007 0.007
1807.5 1.0 1.0 1.0 1.546 0.559 0.36 0.614 1.452 0.029 1.885 0.02 1.255 0.017 0.007 0.007
1807.6 1.0 1.0 1.0 1.546 0.559 0.36 0.614 1.452 0.029 1.885 0.02 1.255 0.017 0.007 0.007
1807.7 1.0 1.0 1.0 1.546 0.559 0.36 0.614 1.452 0.03 1.885 0.02 1.255 0.017 0.007 0.007
1807.8 1.0 1.0 1.0 1.546 0.559 0.36 0.614 1.452 0.03 1.885 0.02 1.255 0.017 0.007 0.007
1807.9 1.0 1.0 1.0 1.546 0.559 0.36 0.614 1.452 0.03 1.884 0.02 1.255 0.017 0.007 0.007
1808.0 1.0 1.0 1.0 1.546 0.559 0.36 0.614 1.452 0.03 1.884 0.02 1.255 0.017 0.007 0.007
1808.1 1.0 1.0 1.0 1.546 0.559 0.36 0.614 1.452 0.031 1.884 0.02 1.255 0.017 0.007 0.007
1808.2 1.0 1.0 1.0 1.546 0.559 0.36 0.614 1.452 0.031 1.884 0.02 1.255 0.017 0.007 0.007
1808.3 1.0 1.0 1.0 1.546 0.559 0.36 0.614 1.452 0.031 1.884 0.02 1.255 0.017 0.007 0.007
1808.4 1.0 1.0 1.0 1.546 0.559 0.36 0.614 1.452 0.031 1.884 0.02 1.255 0.017 0.007 0.007
1808.5 1.0 1.0 1.0 1.546 0.559 0.36 0.614 1.452 0.032 1.884 0.02 1.255 0.017 0.007 0.007
1808.6 1.0 1.0 1.0 1.546 0.559 0.36 0.614 1.452 0.032 1.884 0.02 1.255 0.017 0.007 0.007
1808.7 1.0 1.0 1.0 1.546 0.559 0.36 0.614 1.452 0.032 1.884 0.02 1.254 0.017 0.007 0.007
1808.8 1.0 1.0 1.0 1.546 0.559 0.36 0.614 1.452 0.032 1.884 0.02 1.254 0.017 0.007 0.007
1808.9 1.0 1.0 1.0 1.546 0.559 0.36 0.614 1.452 0.033 1.884 0.02 1.254 0.017 0.007 0.007
1809.0 1.0 1.0 1.0 1.546 0.559 0.36 0.614 1.452 0.033 1.884 0.02 1.254 0.017 0.007 0.007
1809.1 1.0 1.0 1.0 1.546 0.559 0.36 0.614 1.452 0.033 1.884 0.02 1.254 0.017 0.007 0.007
1809.2 1.0 1.0 1.0 1.546 0.559 0.36 0.614 1.452 0.034 1.883 0.02 1.254 0.017 0.007 0.007
1809.3 1.0 1.0 1.0 1.546 0.559 0.36 0.614 1.452 0.034 1.883 0.02 1.254 0.017 0.007 0.007
1809.4 1.0 1.0 1.0 1.546 0.559 0.36 0.614 1.452 0.034 1.883 0.02 1.254 0.017 0.007 0.007
1809.5 1.0 1.0 1.0 1.546 0.559 0.36 0.614 1.452 0.034 1.883 0.02 1.254 0.017 0.007 0.007
1809.6 1.0 1.0 1.0 1.546 0.559 0.36 0.614 1.452 0.035 1.883 0.02 1.254 0.017 0.007 0.007
1809.7 1.0 1.0 1.0 1.546 0.559 0.36 0.614 1.452 0.035 1.883 0.02 1.254 0.017 0.007 0.007
1809.8 1.0 1.0 1.0 1.546 0.559 0.36 0.614 1.452 0.035 1.883 0.02 1.254 0.017 0.007 0.007
1809.9 1.0 1.0 1.0 1.546 0.559 0.36 0.614 1.452 0.035 1.883 0.02 1.254 0.017 0.007 0.007
1810.0 1.0 1.0 1.0 1.546 0.559 0.36 0.614 1.452 0.036 1.883 0.02 1.254 0.017 0.007 0.007
1810.1 1.0 1.0 1.0 1.546 0.559 0.36 0.614 1.452 0.036 1.883 0.02 1.254 0.017 0.007 0.007
1810.2 1.0 1.0 1.0 1.546 0.559 0.36 0.614 1.452 0.036 1.883 0.02 1.254 0.017 0.007 0.007
1810.3 1.0 1.0 1.0 1.546 0.559 0.36 0.614 1.452 0.036 1.883 0.02 1.254 0.017 0.007 0.007
1810.4 1.0 1.0 1.0 1.546 0.559 0.36 0.614 1.452 0.037 1.883 0.02 1.254 0.017 0.007 0.007
1810.5 1.0 1.0 1.0 1.546 0.559 0.36 0.614 1.452 0.037 1.883 0.02 1.254 0.017 0.007 0.007
1810.6 1.0 1.0 1.0 1.546 0.559 0.36 0.614 1.452 0.037 1.883 0.02 1.254 0.017 0.007 0.007
1810.7 1.0 1.0 1.0 1.546 0.559 0.36 0.614 1.452 0.037 1.883 0.02 1.254 0.017 0.007 0.007
1810.8 1.0 1.0 1.0 1.546 0.559 0.36 0.614 1.452 0.038 1.883 0.02 1.254 0.017 0.007 0.007
1810.9 1.0 1.0 1.0 1.546 0.559 0.36 0.614 1.452 0.038 1.883 0.02 1.254 0.017 0.007 0.007
1811.0 1.0 1.0 1.0 1.546 0.559 0.36 0.614 1.452 0.038 1.882 0.02 1.254 0.017 0.007 0.007
1811.1 1.0 1.0 1.0 1.546 0.559 0.36 0.614 1.452 0.038 1.882 0.02 1.254 0.017 0.007 0.007
1811.2 1.0 1.0 1.0 1.546 0.559 0.36 0.614 1.452 0.039 1.882 0.02 1.254 0.017 0.007 0.007
1811.3 1.0 1.0 1.0 1.546 0.559 0.36 0.614 1.452 0.039 1.882 0.02 1.254 0.017 0.007 0.007
1811.4 1.0 1.0 1.0 1.546 0.559 0.36 0.614 1.452 0.039 1.882 0.02 1.254 0.017 0.007 0.007
1811.5 1.0 1.0 1.0 1.546 0.559 0.36 0.614 1.452 0.039 1.882 0.02 1.254 0.017 0.007 0.007
1811.6 1.0 1.0 1.0 1.546 0.559 0.36 0.614 1.452 0.04 1.882 0.02 1.254 0.017 0.007 0.007
1811.7 1.0 1.0 1.0 1.546 0.559 0.36 0.614 1.452 0.04 1.882 0.02 1.254 0.017 0.007 0.007
1811.8 1.0 1.0 1.0 1.546 0.559 0.36 0.614 1.452 0.04 1.882 0.02 1.254 0.017 0.007 0.007
1811.9 1.0 1.0 1.0 1.546 0.559 0.36 0.614 1.452 0.04 1.882 0.02 1.254 0.017 0.007 0.007
1812.0 1.0 1.0 1.0 1.546 0.559 0.36 0.614 1.452 0.041 1.882 0.02 1.254 0.017 0.007 0.007
1812.1 1.0 1.0 1.0 1.546 0.559 0.36 0.614 1.452 0.041 1.882 0.02 1.254 0.017 0.007 0.007
1812.2 1.0 1.0 1.0 1.546 0.559 0.36 0.614 1.452 0.041 1.882 0.02 1.254 0.017 0.007 0.007
1812.3 1.0 1.0 1.0 1.546 0.559 0.36 0.614 1.452 0.041 1.882 0.02 1.254 0.017 0.007 0.007
1812.4 1.0 1.0 1.0 1.546 0.559 0.36 0.614 1.452 0.042 1.882 0.02 1.254 0.017 0.007 0.007
1812.5 1.0 1.0 1.0 1.546 0.559 0.36 0.614 1.452 0.042 1.882 0.02 1.254 0.017 0.007 0.007
1812.6 1.0 1.0 1.0 1.546 0.559 0.36 0.614 1.452 0.042 1.882 0.02 1.254 0.017 0.007 0.007
1812.7 1.0 1.0 1.0 1.546 0.559 0.36 0.614 1.452 0.042 1.882 0.02 1.254 0.017 0.007 0.007
1812.8 1.0 1.0 1.0 1.546 0.559 0.36 0.614 1.452 0.043 1.882 0.02 1.254 0.017 0.007 0.007
1812.9 1.0 1.0 1.0 1.546 0.559 0.36 0.614 1.452 0.043 1.882 0.02 1.254 0.017 0.007 0.007
1813.0 1.0 1.0 1.0 1.546 0.559 0.36 0.614 1.452 0.043 1.882 0.02 1.254 0.017 0.007 0.007
1813.1 1.0 1.0 1.0 1.546 0.559 0.36 0.614 1.452 0.043 1.882 0.02 1.254 0.017 0.007 0.007
1813.2 1.0 1.0 1.0 1.546 0.559 0.36 0.614 1.452 0.044 1.882 0.02 1.254 0.017 0.007 0.007
1813.3 1.0 1.0 1.0 1.546 0.559 0.36 0.614 1.452 0.044 1.882 0.02 1.254 0.017 0.007 0.007
1813.4 1.0 1.0 1.0 1.546 0.559 0.36 0.614 1.452 0.044 1.882 0.02 1.253 0.017 0.007 0.007
1813.5 1.0 1.0 1.0 1.546 0.559 0.36 0.614 1.452 0.044 1.882 0.02 1.253 0.017 0.007 0.007
1813.6 1.0 1.0 1.0 1.546 0.559 0.36 0.614 1.452 0.045 1.882 0.02 1.253 0.017 0.007 0.007
1813.7 1.0 1.0 1.0 1.546 0.559 0.36 0.614 1.452 0.045 1.881 0.02 1.253 0.017 0.007 0.007
1813.8 1.0 1.0 1.0 1.546 0.559 0.36 0.614 1.452 0.045 1.881 0.02 1.253 0.017 0.007 0.007
1813.9 1.0 1.0 1.0 1.546 0.559 0.36 0.614 1.452 0.045 1.881 0.02 1.253 0.017 0.007 0.007
1814.0 1.0 1.0 1.0 1.546 0.559 0.36 0.614 1.452 0.046 1.881 0.02 1.253 0.017 0.007 0.007
1814.1 1.0 1.0 1.0 1.546 0.559 0.36 0.614 1.452 0.046 1.881 0.02 1.253 0.017 0.007 0.007
1814.2 1.0 1.0 1.0 1.546 0.559 0.36 0.614 1.452 0.046 1.881 0.02 1.253 0.017 0.007 0.007
1814.3 1.0 1.0 1.0 1.546 0.559 0.36 0.614 1.452 0.046 1.881 0.02 1.253 0.017 0.007 0.007
1814.4 1.0 1.0 1.0 1.546 0.559 0.36 0.614 1.452 0.047 1.881 0.02 1.253 0.017 0.007 0.007
1814.5 1.0 1.0 1.0 1.546 0.559 0.36 0.614 1.452 0.047 1.881 0.02 1.253 0.017 0.007 0.007
1814.6 1.0 1.0 1.0 1.546 0.559 0.36 0.614 1.452 0.047 1.881 0.02 1.253 0.017 0.007 0.007
1814.7 1.0 1.0 1.0 1.546 0.559 0.36 0.614 1.452 0.047 1.881 0.02 1.253 0.017 0.007 0.007
1814.8 1.0 1.0 1.0 1.546 0.559 0.36 0.614 1.452 0.048 1.881 0.02 1.253 0.017 0.007 0.007
1814.9 1.0 1.0 1.0 1.546 0.559 0.36 0.614 1.452 0.048 1.881 0.02 1.253 0.017 0.007 0.007
1815.0 1.0 1.0 1.0 1.546 0.559 0.36 0.614 1.452 0.048 1.881 0.02 1.253 0.017 0.007 0.007
1815.1 1.0 1.0 1.0 1.546 0.559 0.36 0.614 1.452 0.048 1.881 0.02 1.253 0.017 0.007 0.007
1815.2 1.0 1.0 1.0 1.546 0.559 0.36 0.614 1.452 0.049 1.881 0.02 1.253 0.017 0.007 0.007
1815.3 1.0 1.0 1.0 1.546 0.559 0.36 0.614 1.452 0.049 1.881 0.02 1.253 0.017 0.007 0.007
1815.4 1.0 1.0 1.0 1.546 0.559 0.36 0.614 1.452 0.049 1.881 0.02 1.253 0.017 0.007 0.007
1815.5 1.0 1.0 1.0 1.546 0.559 0.36 0.614 1.452 0.049 1.881 0.02 1.253 0.017 0.007 0.007
1815.6 1.0 1.0 1.0 1.546 0.559 0.36 0.614 1.452 0.05 1.881 0.02 1.253 0.017 0.007 0.007
1815.7 1.0 1.0 1.0 1.546 0.559 0.36 0.614 1.452 0.05 1.881 0.02 1.253 0.017 0.007 0.007
1815.8 1.0 1.0 1.0 1.546 0.559 0.36 0.614 1.452 0.05 1.881 0.02 1.253 0.017 0.007 0.007
1815.9 1.0 1.0 1.0 1.546 0.559 0.36 0.614 1.452 0.05 1.881 0.02 1.253 0.017 0.007 0.007
1816.0 1.0 1.0 1.0 1.546 0.559 0.36 0.614 1.452 0.051 1.881 0.02 1.253 0.017 0.007 0.007
1816.1 1.0 1.0 1.0 1.546 0.559 0.36 0.614 1.452 0.051 1.881 0.02 1.253 0.017 0.007 0.007
1816.2 1.0 1.0 1.0 1.546 0.559 0.36 0.614 1.452 0.051 1.881 0.02 1.253 0.017 0.007 0.007
1816.3 1.0 1.0 1.0 1.546 0.559 0.36 0.614 1.452 0.051 1.881 0.02 1.253 0.017 0.007 0.007
1816.4 1.0 1.0 1.0 1.546 0.559 0.36 0.614 1.452 0.052 1.881 0.02 1.253 0.017 0.007 0.007
1816.5 1.0 1.0 1.0 1.546 0.559 0.36 0.614 1.452 0.052 1.881 0.02 1.253 0.017 0.007 0.007
1816.6 1.0 1.0 1.0 1.546 0.559 0.36 0.614 1.452 0.052 1.881 0.02 1.253 0.017 0.007 0.007
1816.7 1.0 1.0 1.0 1.546 0.559 0.36 0.614 1.452 0.052 1.881 0.02 1.253 0.017 0.007 0.007
1816.8 1.0 1.0 1.0 1.546 0.559 0.36 0.614 1.452 0.052 1.881 0.02 1.253 0.017 0.007 0.007
1816.9 1.0 1.0 1.0 1.546 0.559 0.36 0.614 1.452 0.053 1.881 0.02 1.253 0.017 0.007 0.007
1817.0 1.0 1.0 1.0 1.546 0.559 0.36 0.614 1.452 0.053 1.881 0.02 1.253 0.017 0.007 0.007
1817.1 1.0 1.0 1.0 1.546 0.559 0.36 0.614 1.452 0.053 1.881 0.02 1.253 0.017 0.007 0.007
1817.2 1.0 1.0 1.0 1.546 0.559 0.36 0.614 1.452 0.053 1.881 0.02 1.253 0.017 0.007 0.007
1817.3 1.0 1.0 1.0 1.546 0.559 0.36 0.614 1.452 0.054 1.881 0.02 1.253 0.017 0.007 0.007
1817.4 1.0 1.0 1.0 1.546 0.559 0.36 0.614 1.452 0.054 1.881 0.02 1.253 0.017 0.007 0.007
1817.5 1.0 1.0 1.0 1.546 0.559 0.36 0.614 1.452 0.054 1.881 0.02 1.253 0.017 0.007 0.007
1817.6 1.0 1.0 1.0 1.546 0.559 0.36 0.614 1.452 0.054 1.881 0.02 1.253 0.017 0.007 0.007
1817.7 1.0 1.0 1.0 1.546 0.559 0.36 0.614 1.452 0.055 1.881 0.02 1.253 0.017 0.007 0.007
1817.8 1.0 1.0 1.0 1.546 0.559 0.36 0.614 1.452 0.055 1.881 0.02 1.253 0.017 0.007 0.007
1817.9 1.0 1.0 1.0 1.546 0.559 0.36 0.614 1.452 0.055 1.881 0.02 1.253 0.017 0.007 0.007
1818.0 1.0 1.0 1.0 1.546 0.559 0.36 0.614 1.452 0.055 1.881 0.02 1.253 0.017 0.007 0.007
1818.1 1.0 1.0 1.0 1.546 0.559 0.36 0.614 1.452 0.056 1.881 0.02 1.253 0.017 0.007 0.007
1818.2 1.0 1.0 1.0 1.546 0.559 0.36 0.614 1.452 0.056 1.881 0.02 1.253 0.017 0.007 0.007
1818.3 1.0 1.0 1.0 1.546 0.559 0.36 0.614 1.452 0.056 1.881 0.02 1.253 0.017 0.007 0.007
1818.4 1.0 1.0 1.0 1.546 0.559 0.36 0.614 1.452 0.056 1.881 0.02 1.253 0.017 0.007 0.007
1818.5 1.0 1.0 1.0 1.546 0.559 0.36 0.614 1.452 0.057 1.881 0.02 1.253 0.017 0.007 0.007
1818.6 1.0 1.0 1.0 1.546 0.559 0.36 0.614 1.452 0.057 1.881 0.02 1.253 0.017 0.007 0.007
1818.7 1.0 1.0 1.0 1.546 0.559 0.36 0.614 1.452 0.057 1.881 0.02 1.253 0.017 0.007 0.007
1818.8 1.0 1.0 1.0 1.546 0.559 0.36 0.614 1.452 0.057 1.881 0.02 1.253 0.017 0.007 0.007
1818.9 1.0 1.0 1.0 1.546 0.559 0.36 0.614 1.452 0.058 1.881 0.02 1.253 0.017 0.007 0.007
1819.0 1.0 1.0 1.0 1.546 0.559 0.36 0.614 1.452 0.058 1.881 0.02 1.253 0.017 0.007 0.007
1819.1 1.0 1.0 1.0 1.546 0.559 0.36 0.614 1.452 0.058 1.881 0.02 1.253 0.017 0.007 0.007
1819.2 1.0 1.0 1.0 1.546 0.559 0.36 0.614 1.452 0.058 1.881 0.02 1.253 0.017 0.007 0.007
1819.3 1.0 1.0 1.0 1.546 0.559 0.36 0.614 1.452 0.059 1.881 0.02 1.253 0.017 0.007 0.007
1819.4 1.0 1.0 1.0 1.546 0.559 0.36 0.614 1.452 0.059 1.881 0.02 1.253 0.017 0.007 0.007
1819.5 1.0 1.0 1.0 1.546 0.559 0.36 0.614 1.452 0.059 1.881 0.02 1.253 0.017 0.007 0.007
1819.6 1.0 1.0 1.0 1.546 0.559 0.36 0.614 1.452 0.059 1.881 0.02 1.253 0.017 0.007 0.007
1819.7 1.0 1.0 1.0 1.546 0.559 0.36 0.614 1.452 0.059 1.881 0.02 1.253 0.017 0.007 0.007
1819.8 1.0 1.0 1.0 1.546 0.559 0.36 0.614 1.452 0.06 1.881 0.02 1.253 0.017 0.007 0.007
1819.9 1.0 1.0 1.0 1.546 0.559 0.36 0.614 1.452 0.06 1.881 0.02 1.253 0.017 0.007 0.007
1820.0 1.0 1.0 1.0 1.546 0.559 0.36 0.614 1.452 0.06 1.881 0.02 1.253 0.017 0.007 0.007
1820.1 1.0 1.0 1.0 1.546 0.559 0.36 0.614 1.452 0.06 1.881 0.02 1.253 0.017 0.007 0.007
1820.2 1.0 1.0 1.0 1.546 0.559 0.36 0.614 1.452 0.061 1.88 0.02 1.253 0.017 0.007 0.007
1820.3 1.0 1.0 1.0 1.546 0.559 0.36 0.614 1.452 0.061 1.88 0.02 1.253 0.017 0.007 0.007
1820.4 1.0 1.0 1.0 1.546 0.559 0.36 0.614 1.452 0.061 1.88 0.02 1.253 0.017 0.007 0.007
1820.5 1.0 1.0 1.0 1.546 0.559 0.36 0.614 1.452 0.061 1.88 0.02 1.253 0.017 0.007 0.007
1820.6 1.0 1.0 1.0 1.546 0.559 0.36 0.614 1.452 0.062 1.88 0.02 1.253 0.017 0.007 0.007
1820.7 1.0 1.0 1.0 1.546 0.559 0.36 0.614 1.452 0.062 1.88 0.02 1.253 0.017 0.007 0.007
1820.8 1.0 1.0 1.0 1.546 0.559 0.36 0.614 1.452 0.062 1.88 0.02 1.253 0.017 0.007 0.007
1820.9 1.0 1.0 1.0 1.546 0.559 0.36 0.614 1.452 0.062 1.88 0.02 1.253 0.017 0.007 0.007
1821.0 1.0 1.0 1.0 1.546 0.559 0.36 0.614 1.452 0.063 1.88 0.02 1.253 0.017 0.007 0.007
1821.1 1.0 1.0 1.0 1.546 0.559 0.36 0.614 1.452 0.063 1.88 0.02 1.253 0.017 0.007 0.007
1821.2 1.0 1.0 1.0 1.546 0.559 0.36 0.614 1.452 0.063 1.88 0.02 1.253 0.017 0.007 0.007
1821.3 1.0 1.0 1.0 1.546 0.559 0.36 0.614 1.452 0.063 1.88 0.02 1.253 0.017 0.007 0.007
1821.4 1.0 1.0 1.0 1.546 0.559 0.36 0.614 1.452 0.064 1.88 0.02 1.253 0.017 0.007 0.007
1821.5 1.0 1.0 1.0 1.546 0.559 0.36 0.614 1.452 0.064 1.88 0.02 1.253 0.017 0.007 0.007
1821.6 1.0 1.0 1.0 1.546 0.559 0.36 0.614 1.452 0.064 1.88 0.02 1.253 0.017 0.007 0.007
1821.7 1.0 1.0 1.0 1.546 0.559 0.36 0.614 1.452 0.064 1.88 0.02 1.253 0.017 0.007 0.007
1821.8 1.0 1.0 1.0 1.546 0.559 0.36 0.614 1.452 0.064 1.88 0.02 1.253 0.017 0.007 0.007
1821.9 1.0 1.0 1.0 1.546 0.559 0.36 0.614 1.452 0.065 1.88 0.02 1.253 0.017 0.007 0.007
1822.0 1.0 1.0 1.0 1.546 0.559 0.36 0.614 1.452 0.065 1.88 0.02 1.253 0.017 0.007 0.007
1822.1 1.0 1.0 1.0 1.546 0.559 0.36 0.614 1.452 0.065 1.88 0.02 1.253 0.017 0.007 0.007
1822.2 1.0 1.0 1.0 1.546 0.559 0.36 0.614 1.452 0.065 1.88 0.02 1.253 0.017 0.007 0.007
1822.3 1.0 1.0 1.0 1.546 0.559 0.36 0.614 1.452 0.066 1.88 0.02 1.253 0.017 0.007 0.007
1822.4 1.0 1.0 1.0 1.546 0.559 0.36 0.614 1.452 0.066 1.88 0.02 1.253 0.017 0.007 0.007
1822.5 1.0 1.0 1.0 1.546 0.559 0.36 0.614 1.452 0.066 1.88 0.02 1.253 0.017 0.007 0.007
1822.6 1.0 1.0 1.0 1.546 0.559 0.36 0.614 1.452 0.066 1.88 0.02 1.253 0.017 0.007 0.007
1822.7 1.0 1.0 1.0 1.546 0.559 0.36 0.614 1.452 0.067 1.88 0.02 1.253 0.017 0.007 0.007
1822.8 1.0 1.0 1.0 1.546 0.559 0.36 0.614 1.452 0.067 1.88 0.02 1.253 0.017 0.007 0.007
1822.9 1.0 1.0 1.0 1.546 0.559 0.36 0.614 1.452 0.067 1.88 0.02 1.253 0.017 0.007 0.007
1823.0 1.0 1.0 1.0 1.546 0.559 0.36 0.614 1.452 0.067 1.88 0.02 1.253 0.017 0.007 0.007
1823.1 1.0 1.0 1.0 1.546 0.559 0.36 0.614 1.452 0.068 1.88 0.02 1.253 0.017 0.007 0.007
1823.2 1.0 1.0 1.0 1.546 0.559 0.36 0.614 1.452 0.068 1.88 0.02 1.253 0.017 0.007 0.007
1823.3 1.0 1.0 1.0 1.546 0.559 0.36 0.614 1.452 0.068 1.88 0.02 1.253 0.017 0.007 0.007
1823.4 1.0 1.0 1.0 1.546 0.559 0.36 0.614 1.452 0.068 1.88 0.02 1.253 0.017 0.007 0.007
1823.5 1.0 1.0 1.0 1.546 0.559 0.36 0.614 1.452 0.068 1.88 0.02 1.253 0.017 0.007 0.007
1823.6 1.0 1.0 1.0 1.546 0.559 0.36 0.614 1.452 0.069 1.88 0.02 1.253 0.017 0.007 0.007
1823.7 1.0 1.0 1.0 1.546 0.559 0.36 0.614 1.452 0.069 1.88 0.02 1.253 0.017 0.007 0.007
1823.8 1.0 1.0 1.0 1.546 0.559 0.36 0.614 1.452 0.069 1.88 0.02 1.253 0.017 0.007 0.007
1823.9 1.0 1.0 1.0 1.546 0.559 0.36 0.614 1.452 0.069 1.88 0.02 1.253 0.017 0.007 0.007
1824.0 1.0 1.0 1.0 1.546 0.559 0.36 0.614 1.452 0.07 1.88 0.02 1.253 0.017 0.007 0.007
1824.1 1.0 1.0 1.0 1.546 0.559 0.36 0.614 1.452 0.07 1.88 0.02 1.253 0.017 0.007 0.007
1824.2 1.0 1.0 1.0 1.546 0.559 0.36 0.614 1.452 0.07 1.88 0.02 1.253 0.017 0.007 0.007
1824.3 1.0 1.0 1.0 1.546 0.559 0.36 0.614 1.452 0.07 1.88 0.02 1.253 0.017 0.007 0.007
1824.4 1.0 1.0 1.0 1.546 0.559 0.36 0.614 1.452 0.071 1.88 0.02 1.253 0.017 0.007 0.007
1824.5 1.0 1.0 1.0 1.546 0.559 0.36 0.614 1.452 0.071 1.88 0.02 1.253 0.017 0.007 0.007
1824.6 1.0 1.0 1.0 1.546 0.559 0.36 0.614 1.452 0.071 1.88 0.02 1.253 0.017 0.007 0.007
1824.7 1.0 1.0 1.0 1.546 0.559 0.36 0.614 1.452 0.071 1.88 0.02 1.253 0.017 0.007 0.007
1824.8 1.0 1.0 1.0 1.546 0.559 0.36 0.614 1.452 0.072 1.88 0.02 1.253 0.017 0.007 0.007
1824.9 1.0 1.0 1.0 1.546 0.559 0.36 0.614 1.452 0.072 1.88 0.02 1.253 0.017 0.007 0.007
1825.0 1.0 1.0 1.0 1.546 0.559 0.36 0.614 1.452 0.072 1.88 0.02 1.253 0.017 0.007 0.007
1825.1 1.0 1.0 1.0 1.546 0.559 0.36 0.614 1.452 0.072 1.88 0.02 1.253 0.017 0.007 0.007
1825.2 1.0 1.0 1.0 1.546 0.559 0.36 0.614 1.452 0.072 1.88 0.02 1.253 0.017 0.007 0.007
1825.3 1.0 1.0 1.0 1.546 0.559 0.36 0.614 1.452 0.073 1.88 0.02 1.253 0.017 0.007 0.007
1825.4 1.0 1.0 1.0 1.546 0.559 0.36 0.614 1.452 0.073 1.88 0.02 1.253 0.017 0.007 0.007
1825.5 1.0 1.0 1.0 1.546 0.559 0.36 0.614 1.452 0.073 1.88 0.02 1.253 0.017 0.007 0.007
1825.6 1.0 1.0 1.0 1.546 0.559 0.36 0.614 1.452 0.073 1.88 0.02 1.253 0.017 0.007 0.007
1825.7 1.0 1.0 1.0 1.546 0.559 0.36 0.614 1.452 0.074 1.88 0.02 1.253 0.017 0.007 0.007
1825.8 1.0 1.0 1.0 1.546 0.559 0.36 0.614 1.452 0.074 1.88 0.02 1.253 0.017 0.007 0.007
1825.9 1.0 1.0 1.0 1.546 0.559 0.36 0.614 1.452 0.074 1.88 0.02 1.253 0.017 0.007 0.007
1826.0 1.0 1.0 1.0 1.546 0.559 0.36 0.614 1.452 0.074 1.88 0.02 1.253 0.017 0.007 0.007
1826.1 1.0 1.0 1.0 1.546 0.559 0.36 0.614 1.452 0.075 1.88 0.02 1.253 0.017 0.007 0.007
1826.2 1.0 1.0 1.0 1.546 0.559 0.36 0.614 1.452 0.075 1.88 0.02 1.253 0.017 0.007 0.007
1826.3 1.0 1.0 1.0 1.546 0.559 0.36 0.614 1.452 0.075 1.88 0.02 1.253 0.017 0.007 0.007
1826.4 1.0 1.0 1.0 1.546 0.559 0.36 0.614 1.452 0.075 1.88 0.02 1.253 0.017 0.007 0.007
1826.5 1.0 1.0 1.0 1.546 0.559 0.36 0.614 1.452 0.075 1.88 0.02 1.253 0.017 0.007 0.007
1826.6 1.0 1.0 1.0 1.546 0.559 0.36 0.614 1.452 0.076 1.88 0.02 1.253 0.017 0.007 0.007
1826.7 1.0 1.0 1.0 1.546 0.559 0.36 0.614 1.452 0.076 1.88 0.02 1.253 0.017 0.007 0.007
1826.8 1.0 1.0 1.0 1.546 0.559 0.36 0.614 1.452 0.076 1.88 0.02 1.253 0.017 0.007 0.007
1826.9 1.0 1.0 1.0 1.546 0.559 0.36 0.614 1.452 0.076 1.88 0.02 1.253 0.017 0.007 0.007
1827.0 1.0 1.0 1.0 1.546 0.559 0.36 0.614 1.452 0.077 1.88 0.02 1.253 0.017 0.007 0.007
1827.1 1.0 1.0 1.0 1.546 0.559 0.36 0.614 1.452 0.077 1.88 0.02 1.253 0.017 0.007 0.007
1827.2 1.0 1.0 1.0 1.546 0.559 0.36 0.614 1.452 0.077 1.88 0.02 1.253 0.017 0.007 0.007
1827.3 1.0 1.0 1.0 1.546 0.559 0.36 0.614 1.452 0.077 1.88 0.02 1.253 0.017 0.007 0.007
1827.4 1.0 1.0 1.0 1.546 0.559 0.36 0.614 1.452 0.078 1.88 0.02 1.253 0.017 0.007 0.007
1827.5 1.0 1.0 1.0 1.546 0.559 0.36 0.614 1.452 0.078 1.88 0.02 1.253 0.017 0.007 0.007
1827.6 1.0 1.0 1.0 1.546 0.559 0.36 0.614 1.452 0.078 1.88 0.02 1.253 0.017 0.007 0.007
1827.7 1.0 1.0 1.0 1.546 0.559 0.36 0.614 1.452 0.078 1.88 0.02 1.253 0.017 0.007 0.007
1827.8 1.0 1.0 1.0 1.546 0.559 0.36 0.614 1.452 0.078 1.88 0.02 1.253 0.017 0.007 0.007
1827.9 1.0 1.0 1.0 1.546 0.559 0.36 0.614 1.452 0.079 1.88 0.02 1.253 0.017 0.007 0.007
1828.0 1.0 1.0 1.0 1.546 0.559 0.36 0.614 1.452 0.079 1.88 0.02 1.253 0.017 0.007 0.007
1828.1 1.0 1.0 1.0 1.546 0.559 0.36 0.614 1.452 0.079 1.88 0.02 1.253 0.017 0.007 0.007
1828.2 1.0 1.0 1.0 1.546 0.559 0.36 0.614 1.452 0.079 1.88 0.02 1.253 0.017 0.007 0.007
1828.3 1.0 1.0 1.0 1.546 0.559 0.36 0.614 1.452 0.08 1.88 0.02 1.253 0.017 0.007 0.007
1828.4 1.0 1.0 1.0 1.546 0.559 0.36 0.614 1.452 0.08 1.88 0.02 1.253 0.017 0.007 0.007
1828.5 1.0 1.0 1.0 1.546 0.559 0.36 0.614 1.452 0.08 1.88 0.02 1.253 0.017 0.007 0.007
1828.6 1.0 1.0 1.0 1.546 0.559 0.36 0.614 1.452 0.08 1.88 0.02 1.253 0.017 0.007 0.007
1828.7 1.0 1.0 1.0 1.546 0.559 0.36 0.614 1.452 0.08 1.88 0.02 1.253 0.017 0.007 0.007
1828.8 1.0 1.0 1.0 1.546 0.559 0.36 0.614 1.452 0.081 1.88 0.02 1.253 0.017 0.007 0.007
1828.9 1.0 1.0 1.0 1.546 0.559 0.36 0.614 1.452 0.081 1.88 0.02 1.253 0.017 0.007 0.007
1829.0 1.0 1.0 1.0 1.546 0.559 0.36 0.614 1.452 0.081 1.88 0.02 1.253 0.017 0.007 0.007
1829.1 1.0 1.0 1.0 1.546 0.559 0.36 0.614 1.452 0.081 1.88 0.02 1.253 0.017 0.007 0.007
1829.2 1.0 1.0 1.0 1.546 0.559 0.36 0.614 1.452 0.082 1.88 0.02 1.253 0.017 0.007 0.007
1829.3 1.0 1.0 1.0 1.546 0.559 0.36 0.614 1.452 0.082 1.88 0.02 1.253 0.017 0.007 0.007
1829.4 1.0 1.0 1.0 1.546 0.559 0.36 0.614 1.452 0.082 1.88 0.02 1.253 0.017 0.007 0.007
1829.5 1.0 1.0 1.0 1.546 0.559 0.36 0.614 1.452 0.082 1.88 0.02 1.253 0.017 0.007 0.007
1829.6 1.0 1.0 1.0 1.546 0.559 0.36 0.614 1.452 0.082 1.88 0.02 1.253 0.017 0.007 0.007
1829.7 1.0 1.0 1.0 1.546 0.559 0.36 0.614 1.452 0.083 1.88 0.02 1.253 0.017 0.007 0.007
1829.8 1.0 1.0 1.0 1.546 0.559 0.36 0.614 1.452 0.083 1.88 0.02 1.253 0.017 0.007 0.007
1829.9 1.0 1.0 1.0 1.546 0.559 0.36 0.614 1.452 0.083 1.88 0.02 1.253 0.017 0.007 0.007
1830.0 1.0 1.0 1.0 1.546 0.559 0.36 0.614 1.452 0.083 1.88 0.02 1.253 0.017 0.007 0.007
1830.1 1.0 1.0 1.0 1.546 0.559 0.36 0.614 1.452 0.084 1.88 0.02 1.253 0.017 0.007 0.007
1830.2 1.0 1.0 1.0 1.546 0.559 0.36 0.614 1.452 0.084 1.88 0.02 1.253 0.017 0.007 0.007
1830.3 1.0 1.0 1.0 1.546 0.559 0.36 0.614 1.452 0.084 1.88 0.02 1.253 0.017 0.007 0.007
1830.4 1.0 1.0 1.0 1.546 0.559 0.36 0.614 1.452 0.084 1.88 0.02 1.253 0.017 0.007 0.007
1830.5 1.0 1.0 1.0 1.546 0.559 0.36 0.614 1.452 0.085 1.88 0.02 1.253 0.017 0.007 0.007
1830.6 1.0 1.0 1.0 1.546 0.559 0.36 0.614 1.452 0.085 1.88 0.02 1.253 0.017 0.007 0.007
1830.7 1.0 1.0 1.0 1.546 0.559 0.36 0.614 1.452 0.085 1.88 0.02 1.253 0.017 0.007 0.007
1830.8 1.0 1.0 1.0 1.546 0.559 0.36 0.614 1.452 0.085 1.88 0.02 1.253 0.017 0.007 0.007
1830.9 1.0 1.0 1.0 1.546 0.559 0.36 0.614 1.452 0.085 1.88 0.02 1.253 0.017 0.007 0.007
1831.0 1.0 1.0 1.0 1.546 0.559 0.36 0.614 1.452 0.086 1.88 0.02 1.253 0.017 0.007 0.007
1831.1 1.0 1.0 1.0 1.546 0.559 0.36 0.614 1.452 0.086 1.88 0.02 1.253 0.017 0.007 0.007
1831.2 1.0 1.0 1.0 1.546 0.559 0.36 0.614 1.452 0.086 1.88 0.02 1.253 0.017 0.007 0.007
1831.3 1.0 1.0 1.0 1.546 0.559 0.36 0.614 1.452 0.086 1.88 0.02 1.253 0.017 0.007 0.007
1831.4 1.0 1.0 1.0 1.546 0.559 0.36 0.614 1.452 0.087 1.88 0.02 1.253 0.017 0.007 0.007
1831.5 1.0 1.0 1.0 1.546 0.559 0.36 0.614 1.452 0.087 1.88 0.02 1.253 0.017 0.007 0.007
1831.6 1.0 1.0 1.0 1.546 0.559 0.36 0.614 1.452 0.087 1.88 0.02 1.253 0.017 0.007 0.007
1831.7 1.0 1.0 1.0 1.546 0.559 0.36 0.614 1.452 0.087 1.88 0.02 1.253 0.017 0.007 0.007
1831.8 1.0 1.0 1.0 1.546 0.559 0.36 0.614 1.452 0.087 1.88 0.02 1.253 0.017 0.007 0.007
1831.9 1.0 1.0 1.0 1.546 0.559 0.36 0.614 1.452 0.088 1.88 0.02 1.253 0.017 0.007 0.007
1832.0 1.0 1.0 1.0 1.546 0.559 0.36 0.614 1.452 0.088 1.88 0.02 1.253 0.017 0.007 0.007
1832.1 1.0 1.0 1.0 1.546 0.559 0.36 0.614 1.452 0.088 1.88 0.02 1.253 0.017 0.007 0.007
1832.2 1.0 1.0 1.0 1.546 0.559 0.36 0.614 1.452 0.088 1.88 0.02 1.253 0.017 0.007 0.007
1832.3 1.0 1.0 1.0 1.546 0.559 0.36 0.614 1.452 0.089 1.88 0.02 1.253 0.017 0.007 0.007
1832.4 1.0 1.0 1.0 1.546 0.559 0.36 0.614 1.452 0.089 1.88 0.02 1.253 0.017 0.007 0.007
1832.5 1.0 1.0 1.0 1.546 0.559 0.36 0.614 1.452 0.089 1.88 0.02 1.253 0.017 0.007 0.007
1832.6 1.0 1.0 1.0 1.546 0.559 0.36 0.614 1.452 0.089 1.88 0.02 1.253 0.017 0.007 0.007
1832.7 1.0 1.0 1.0 1.546 0.559 0.36 0.614 1.452 0.089 1.88 0.02 1.253 0.017 0.007 0.007
1832.8 1.0 1.0 1.0 1.546 0.559 0.36 0.614 1.452 0.09 1.88 0.02 1.253 0.017 0.007 0.007
1832.9 1.0 1.0 1.0 1.546 0.559 0.36 0.614 1.452 0.09 1.88 0.02 1.253 0.017 0.007 0.007
1833.0 1.0 1.0 1.0 1.546 0.559 0.36 0.614 1.452 0.09 1.88 0.02 1.253 0.017 0.007 0.007
1833.1 1.0 1.0 1.0 1.546 0.559 0.36 0.614 1.452 0.09 1.88 0.02 1.253 0.017 0.007 0.007
1833.2 1.0 1.0 1.0 1.546 0.559 0.36 0.614 1.452 0.091 1.88 0.02 1.253 0.017 0.007 0.007
1833.3 1.0 1.0 1.0 1.546 0.559 0.36 0.614 1.452 0.091 1.88 0.02 1.253 0.017 0.007 0.007
1833.4 1.0 1.0 1.0 1.546 0.559 0.36 0.614 1.452 0.091 1.88 0.02 1.253 0.017 0.007 0.007
1833.5 1.0 1.0 1.0 1.546 0.559 0.36 0.614 1.452 0.091 1.88 0.02 1.253 0.017 0.007 0.007
1833.6 1.0 1.0 1.0 1.546 0.559 0.36 0.614 1.452 0.091 1.88 0.02 1.253 0.017 0.007 0.007
1833.7 1.0 1.0 1.0 1.546 0.559 0.36 0.614 1.452 0.092 1.88 0.02 1.253 0.017 0.007 0.007
1833.8 1.0 1.0 1.0 1.546 0.559 0.36 0.614 1.452 0.092 1.88 0.02 1.253 0.017 0.007 0.007
1833.9 1.0 1.0 1.0 1.546 0.559 0.36 0.614 1.452 0.092 1.88 0.02 1.253 0.017 0.007 0.007
1834.0 1.0 1.0 1.0 1.546 0.559 0.36 0.614 1.452 0.092 1.88 0.02 1.253 0.017 0.007 0.007
1834.1 1.0 1.0 1.0 1.546 0.559 0.36 0.614 1.452 0.092 1.88 0.02 1.253 0.017 0.007 0.007
1834.2 1.0 1.0 1.0 1.546 0.559 0.36 0.614 1.452 0.093 1.88 0.02 1.253 0.017 0.007 0.007
1834.3 1.0 1.0 1.0 1.546 0.559 0.36 0.614 1.452 0.093 1.88 0.02 1.253 0.017 0.007 0.007
1834.4 1.0 1.0 1.0 1.546 0.559 0.36 0.614 1.452 0.093 1.88 0.02 1.253 0.017 0.007 0.007
1834.5 1.0 1.0 1.0 1.546 0.559 0.36 0.614 1.452 0.093 1.88 0.02 1.253 0.017 0.007 0.007
1834.6 1.0 1.0 1.0 1.546 0.559 0.36 0.614 1.452 0.094 1.88 0.02 1.253 0.017 0.007 0.007
1834.7 1.0 1.0 1.0 1.546 0.559 0.36 0.614 1.452 0.094 1.88 0.02 1.253 0.017 0.007 0.007
1834.8 1.0 1.0 1.0 1.546 0.559 0.36 0.614 1.452 0.094 1.88 0.02 1.253 0.017 0.007 0.007
1834.9 1.0 1.0 1.0 1.546 0.559 0.36 0.614 1.452 0.094 1.88 0.02 1.253 0.017 0.007 0.007
1835.0 1.0 1.0 1.0 1.546 0.559 0.36 0.614 1.452 0.094 1.88 0.02 1.253 0.017 0.007 0.007
1835.1 1.0 1.0 1.0 1.546 0.559 0.36 0.614 1.452 0.095 1.88 0.02 1.253 0.017 0.007 0.007
1835.2 1.0 1.0 1.0 1.546 0.559 0.36 0.614 1.452 0.095 1.88 0.02 1.253 0.017 0.007 0.007
1835.3 1.0 1.0 1.0 1.546 0.559 0.36 0.614 1.452 0.095 1.88 0.02 1.253 0.017 0.007 0.007
1835.4 1.0 1.0 1.0 1.546 0.559 0.36 0.614 1.452 0.095 1.88 0.02 1.253 0.017 0.007 0.007
1835.5 1.0 1.0 1.0 1.546 0.559 0.36 0.614 1.452 0.096 1.88 0.02 1.253 0.017 0.007 0.007
1835.6 1.0 1.0 1.0 1.546 0.559 0.36 0.614 1.452 0.096 1.88 0.02 1.253 0.017 0.007 0.007
1835.7 1.0 1.0 1.0 1.546 0.559 0.36 0.614 1.452 0.096 1.88 0.02 1.253 0.017 0.007 0.007
1835.8 1.0 1.0 1.0 1.546 0.559 0.36 0.614 1.452 0.096 1.88 0.02 1.253 0.017 0.007 0.007
1835.9 1.0 1.0 1.0 1.546 0.559 0.36 0.614 1.452 0.096 1.88 0.02 1.253 0.017 0.007 0.007
1836.0 1.0 1.0 1.0 1.546 0.559 0.36 0.614 1.452 0.097 1.88 0.02 1.253 0.017 0.007 0.007
1836.1 1.0 1.0 1.0 1.546 0.559 0.36 0.614 1.452 0.097 1.88 0.02 1.253 0.017 0.007 0.007
1836.2 1.0 1.0 1.0 1.546 0.559 0.36 0.614 1.452 0.097 1.88 0.02 1.253 0.017 0.007 0.007
1836.3 1.0 1.0 1.0 1.546 0.559 0.36 0.614 1.452 0.097 1.88 0.02 1.253 0.017 0.007 0.007
1836.4 1.0 1.0 1.0 1.546 0.559 0.36 0.614 1.452 0.097 1.88 0.02 1.253 0.017 0.007 0.007
1836.5 1.0 1.0 1.0 1.546 0.559 0.36 0.614 1.452 0.098 1.88 0.02 1.253 0.017 0.007 0.007
1836.6 1.0 1.0 1.0 1.546 0.559 0.36 0.614 1.452 0.098 1.88 0.02 1.253 0.017 0.007 0.007
1836.7 1.0 1.0 1.0 1.546 0.559 0.36 0.614 1.452 0.098 1.88 0.02 1.253 0.017 0.007 0.007
1836.8 1.0 1.0 1.0 1.546 0.559 0.36 0.614 1.452 0.098 1.88 0.02 1.253 0.017 0.007 0.007
1836.9 1.0 1.0 1.0 1.546 0.559 0.36 0.614 1.452 0.099 1.88 0.02 1.253 0.017 0.007 0.007
1837.0 1.0 1.0 1.0 1.546 0.559 0.36 0.614 1.452 0.099 1.88 0.02 1.253 0.017 0.007 0.007
1837.1 1.0 1.0 1.0 1.546 0.559 0.36 0.614 1.452 0.099 1.88 0.02 1.253 0.017 0.007 0.007
1837.2 1.0 1.0 1.0 1.546 0.559 0.36 0.614 1.452 0.099 1.88 0.02 1.253 0.017 0.007 0.007
1837.3 1.0 1.0 1.0 1.546 0.559 0.36 0.614 1.452 0.099 1.88 0.02 1.253 0.017 0.007 0.007
1837.4 1.0 1.0 1.0 1.546 0.559 0.36 0.614 1.452 0.1 1.88 0.02 1.253 0.017 0.007 0.007
1837.5 1.0 1.0 1.0 1.546 0.559 0.36 0.614 1.452 0.1 1.88 0.02 1.253 0.017 0.007 0.007
1837.6 1.0 1.0 1.0 1.546 0.559 0.36 0.614 1.452 0.1 1.88 0.02 1.253 0.017 0.007 0.007
1837.7 1.0 1.0 1.0 1.546 0.559 0.36 0.614 1.452 0.1 1.88 0.02 1.253 0.017 0.007 0.007
1837.8 1.0 1.0 1.0 1.546 0.559 0.36 0.614 1.452 0.101 1.88 0.02 1.253 0.017 0.007 0.007
1837.9 1.0 1.0 1.0 1.546 0.559 0.36 0.614 1.452 0.101 1.88 0.02 1.253 0.017 0.007 0.007
1838.0 1.0 1.0 1.0 1.546 0.559 0.36 0.614 1.452 0.101 1.88 0.02 1.253 0.017 0.007 0.007
1838.1 1.0 1.0 1.0 1.546 0.559 0.36 0.614 1.452 0.101 1.88 0.02 1.253 0.017 0.007 0.007
1838.2 1.0 1.0 1.0 1.546 0.559 0.36 0.614 1.452 0.101 1.88 0.02 1.253 0.017 0.007 0.007
1838.3 1.0 1.0 1.0 1.546 0.559 0.36 0.614 1.452 0.102 1.88 0.02 1.253 0.017 0.007 0.007
1838.4 1.0 1.0 1.0 1.546 0.559 0.36 0.614 1.452 0.102 1.88 0.02 1.253 0.017 0.007 0.007
1838.5 1.0 1.0 1.0 1.546 0.559 0.36 0.614 1.452 0.102 1.88 0.02 1.253 0.017 0.007 0.007
1838.6 1.0 1.0 1.0 1.546 0.559 0.36 0.614 1.452 0.102 1.88 0.02 1.253 0.017 0.007 0.007
1838.7 1.0 1.0 1.0 1.546 0.559 0.36 0.614 1.452 0.102 1.88 0.02 1.253 0.017 0.007 0.007
1838.8 1.0 1.0 1.0 1.546 0.559 0.36 0.614 1.452 0.103 1.88 0.02 1.253 0.017 0.007 0.007
1838.9 1.0 1.0 1.0 1.546 0.559 0.36 0.614 1.452 0.103 1.88 0.02 1.253 0.017 0.007 0.007
1839.0 1.0 1.0 1.0 1.546 0.559 0.36 0.614 1.452 0.103 1.88 0.02 1.253 0.017 0.007 0.007
1839.1 1.0 1.0 1.0 1.546 0.559 0.36 0.614 1.452 0.103 1.88 0.02 1.253 0.017 0.007 0.007
1839.2 1.0 1.0 1.0 1.546 0.559 0.36 0.614 1.452 0.103 1.88 0.02 1.253 0.017 0.007 0.007
1839.3 1.0 1.0 1.0 1.546 0.559 0.36 0.614 1.452 0.104 1.88 0.02 1.253 0.017 0.007 0.007
1839.4 1.0 1.0 1.0 1.546 0.559 0.36 0.614 1.452 0.104 1.88 0.02 1.253 0.017 0.007 0.007
1839.5 1.0 1.0 1.0 1.546 0.559 0.36 0.614 1.452 0.104 1.88 0.02 1.253 0.017 0.007 0.007
1839.6 1.0 1.0 1.0 1.546 0.559 0.36 0.614 1.452 0.104 1.88 0.02 1.253 0.017 0.007 0.007
1839.7 1.0 1.0 1.0 1.546 0.559 0.36 0.614 1.452 0.105 1.88 0.02 1.253 0.017 0.007 0.007
1839.8 1.0 1.0 1.0 1.546 0.559 0.36 0.614 1.452 0.105 1.88 0.02 1.253 0.017 0.007 0.007
1839.9 1.0 1.0 1.0 1.546 0.559 0.36 0.614 1.452 0.105 1.88 0.02 1.253 0.017 0.007 0.007
1840.0 1.0 1.0 1.0 1.546 0.559 0.36 0.614 1.452 0.105 1.88 0.02 1.253 0.017 0.007 0.007
1840.1 1.0 1.0 1.0 1.546 0.559 0.36 0.614 1.452 0.105 1.88 0.02 1.253 0.017 0.007 0.007
1840.2 1.0 1.0 1.0 1.546 0.559 0.36 0.614 1.452 0.106 1.88 0.02 1.253 0.017 0.007 0.007
1840.3 1.0 1.0 1.0 1.546 0.559 0.36 0.614 1.452 0.106 1.88 0.02 1.253 0.017 0.007 0.007
1840.4 1.0 1.0 1.0 1.546 0.559 0.36 0.614 1.452 0.106 1.88 0.02 1.253 0.017 0.007 0.007
1840.5 1.0 1.0 1.0 1.546 0.559 0.36 0.614 1.452 0.106 1.88 0.02 1.253 0.017 0.007 0.007
1840.6 1.0 1.0 1.0 1.546 0.559 0.36 0.614 1.452 0.106 1.88 0.02 1.253 0.017 0.007 0.007
1840.7 1.0 1.0 1.0 1.546 0.559 0.36 0.614 1.452 0.107 1.88 0.02 1.253 0.017 0.007 0.007
1840.8 1.0 1.0 1.0 1.546 0.559 0.36 0.614 1.452 0.107 1.88 0.02 1.253 0.017 0.007 0.007
1840.9 1.0 1.0 1.0 1.546 0.559 0.36 0.614 1.452 0.107 1.88 0.02 1.253 0.017 0.007 0.007
1841.0 1.0 1.0 1.0 1.546 0.559 0.36 0.614 1.452 0.107 1.88 0.02 1.253 0.017 0.007 0.007
1841.1 1.0 1.0 1.0 1.546 0.559 0.36 0.614 1.452 0.107 1.88 0.02 1.253 0.017 0.007 0.007
1841.2 1.0 1.0 1.0 1.546 0.559 0.36 0.614 1.452 0.108 1.88 0.02 1.253 0.017 0.007 0.007
1841.3 1.0 1.0 1.0 1.546 0.559 0.36 0.614 1.452 0.108 1.88 0.02 1.253 0.017 0.007 0.007
1841.4 1.0 1.0 1.0 1.546 0.559 0.36 0.614 1.452 0.108 1.88 0.02 1.253 0.017 0.007 0.007
1841.5 1.0 1.0 1.0 1.546 0.559 0.36 0.614 1.452 0.108 1.88 0.02 1.253 0.017 0.007 0.007
1841.6 1.0 1.0 1.0 1.546 0.559 0.36 0.614 1.452 0.109 1.88 0.02 1.253 0.017 0.007 0.007
1841.7 1.0 1.0 1.0 1.546 0.559 0.36 0.614 1.452 0.109 1.88 0.02 1.253 0.017 0.007 0.007
1841.8 1.0 1.0 1.0 1.546 0.559 0.36 0.614 1.452 0.109 1.88 0.02 1.253 0.017 0.007 0.007
1841.9 1.0 1.0 1.0 1.546 0.559 0.36 0.614 1.452 0.109 1.88 0.02 1.253 0.017 0.007 0.007
1842.0 1.0 1.0 1.0 1.546 0.559 0.36 0.614 1.452 0.109 1.88 0.02 1.253 0.017 0.007 0.007
1842.1 1.0 1.0 1.0 1.546 0.559 0.36 0.614 1.452 0.11 1.88 0.02 1.253 0.017 0.007 0.007
1842.2 1.0 1.0 1.0 1.546 0.559 0.36 0.614 1.452 0.11 1.88 0.02 1.253 0.017 0.007 0.007
1842.3 1.0 1.0 1.0 1.546 0.559 0.36 0.614 1.452 0.11 1.88 0.02 1.253 0.017 0.007 0.007
1842.4 1.0 1.0 1.0 1.546 0.559 0.36 0.614 1.452 0.11 1.88 0.02 1.253 0.017 0.007 0.007
1842.5 1.0 1.0 1.0 1.546 0.559 0.36 0.614 1.452 0.11 1.88 0.02 1.253 0.017 0.007 0.007
1842.6 1.0 1.0 1.0 1.546 0.559 0.36 0.614 1.452 0.111 1.88 0.02 1.253 0.017 0.007 0.007
1842.7 1.0 1.0 1.0 1.546 0.559 0.36 0.614 1.452 0.111 1.88 0.02 1.253 0.017 0.007 0.007
1842.8 1.0 1.0 1.0 1.546 0.559 0.36 0.614 1.452 0.111 1.88 0.02 1.253 0.017 0.007 0.007
1842.9 1.0 1.0 1.0 1.546 0.559 0.36 0.614 1.452 0.111 1.88 0.02 1.253 0.017 0.007 0.007
1843.0 1.0 1.0 1.0 1.546 0.559 0.36 0.614 1.452 0.111 1.88 0.02 1.253 0.017 0.007 0.007
1843.1 1.0 1.0 1.0 1.546 0.559 0.36 0.614 1.452 0.112 1.88 0.02 1.253 0.017 0.007 0.007
1843.2 1.0 1.0 1.0 1.546 0.559 0.36 0.614 1.452 0.112 1.88 0.02 1.253 0.017 0.007 0.007
1843.3 1.0 1.0 1.0 1.546 0.559 0.36 0.614 1.452 0.112 1.88 0.02 1.253 0.017 0.007 0.007
1843.4 1.0 1.0 1.0 1.546 0.559 0.36 0.614 1.452 0.112 1.88 0.02 1.253 0.017 0.007 0.007
1843.5 1.0 1.0 1.0 1.546 0.559 0.36 0.614 1.452 0.112 1.88 0.02 1.253 0.017 0.007 0.007
1843.6 1.0 1.0 1.0 1.546 0.559 0.36 0.614 1.452 0.113 1.88 0.02 1.253 0.017 0.007 0.007
1843.7 1.0 1.0 1.0 1.546 0.559 0.36 0.614 1.452 0.113 1.88 0.02 1.253 0.017 0.007 0.007
1843.8 1.0 1.0 1.0 1.546 0.559 0.36 0.614 1.452 0.113 1.88 0.02 1.253 0.017 0.007 0.007
1843.9 1.0 1.0 1.0 1.546 0.559 0.36 0.614 1.452 0.113 1.88 0.02 1.253 0.017 0.007 0.007
1844.0 1.0 1.0 1.0 1.546 0.559 0.36 0.614 1.452 0.114 1.88 0.02 1.253 0.017 0.007 0.007
1844.1 1.0 1.0 1.0 1.546 0.559 0.36 0.614 1.452 0.114 1.88 0.02 1.253 0.017 0.007 0.007
1844.2 1.0 1.0 1.0 1.546 0.559 0.36 0.614 1.452 0.114 1.88 0.02 1.253 0.017 0.007 0.007
1844.3 1.0 1.0 1.0 1.546 0.559 0.36 0.614 1.452 0.114 1.88 0.02 1.253 0.017 0.007 0.007
1844.4 1.0 1.0 1.0 1.546 0.559 0.36 0.614 1.452 0.114 1.88 0.02 1.253 0.017 0.007 0.007
1844.5 1.0 1.0 1.0 1.546 0.559 0.36 0.614 1.452 0.115 1.88 0.02 1.253 0.017 0.007 0.007
1844.6 1.0 1.0 1.0 1.546 0.559 0.36 0.614 1.452 0.115 1.88 0.02 1.253 0.017 0.007 0.007
1844.7 1.0 1.0 1.0 1.546 0.559 0.36 0.614 1.452 0.115 1.88 0.02 1.253 0.017 0.007 0.007
1844.8 1.0 1.0 1.0 1.546 0.559 0.36 0.614 1.452 0.115 1.88 0.02 1.253 0.017 0.007 0.007
1844.9 1.0 1.0 1.0 1.546 0.559 0.36 0.614 1.452 0.115 1.88 0.02 1.253 0.017 0.007 0.007
1845.0 1.0 1.0 1.0 1.546 0.559 0.36 0.614 1.452 0.116 1.88 0.02 1.253 0.017 0.007 0.007
1845.1 1.0 1.0 1.0 1.546 0.559 0.36 0.614 1.452 0.116 1.88 0.02 1.253 0.017 0.007 0.007
1845.2 1.0 1.0 1.0 1.546 0.559 0.36 0.614 1.452 0.116 1.88 0.02 1.253 0.017 0.007 0.007
1845.3 1.0 1.0 1.0 1.546 0.559 0.36 0.614 1.452 0.116 1.88 0.02 1.253 0.017 0.007 0.007
1845.4 1.0 1.0 1.0 1.546 0.559 0.36 0.614 1.452 0.116 1.88 0.02 1.253 0.017 0.007 0.007
1845.5 1.0 1.0 1.0 1.546 0.559 0.36 0.614 1.452 0.117 1.88 0.02 1.253 0.017 0.007 0.007
1845.6 1.0 1.0 1.0 1.546 0.559 0.36 0.614 1.452 0.117 1.88 0.02 1.253 0.017 0.007 0.007
1845.7 1.0 1.0 1.0 1.546 0.559 0.36 0.614 1.452 0.117 1.88 0.02 1.253 0.017 0.007 0.007
1845.8 1.0 1.0 1.0 1.546 0.559 0.36 0.614 1.452 0.117 1.88 0.02 1.253 0.017 0.007 0.007
1845.9 1.0 1.0 1.0 1.546 0.559 0.36 0.614 1.452 0.117 1.88 0.02 1.253 0.017 0.007 0.007
1846.0 1.0 1.0 1.0 1.546 0.559 0.36 0.614 1.452 0.118 1.88 0.02 1.253 0.017 0.007 0.007
1846.1 1.0 1.0 1.0 1.546 0.559 0.36 0.614 1.452 0.118 1.88 0.02 1.253 0.017 0.007 0.007
1846.2 1.0 1.0 1.0 1.546 0.559 0.36 0.614 1.452 0.118 1.88 0.02 1.253 0.017 0.007 0.007
1846.3 1.0 1.0 1.0 1.546 0.559 0.36 0.614 1.452 0.118 1.88 0.02 1.253 0.017 0.007 0.007
1846.4 1.0 1.0 1.0 1.546 0.559 0.36 0.614 1.452 0.118 1.88 0.02 1.253 0.017 0.007 0.007
1846.5 1.0 1.0 1.0 1.546 0.559 0.36 0.614 1.452 0.119 1.88 0.02 1.253 0.017 0.007 0.007
1846.6 1.0 1.0 1.0 1.546 0.559 0.36 0.614 1.452 0.119 1.88 0.02 1.253 0.017 0.007 0.007
1846.7 1.0 1.0 1.0 1.546 0.559 0.36 0.614 1.452 0.119 1.88 0.02 1.253 0.017 0.007 0.007
1846.8 1.0 1.0 1.0 1.546 0.559 0.36 0.614 1.452 0.119 1.88 0.02 1.253 0.017 0.007 0.007
1846.9 1.0 1.0 1.0 1.546 0.559 0.36 0.614 1.452 0.119 1.88 0.02 1.253 0.017 0.007 0.007
1847.0 1.0 1.0 1.0 1.546 0.559 0.36 0.614 1.452 0.12 1.88 0.02 1.253 0.017 0.007 0.007
1847.1 1.0 1.0 1.0 1.546 0.559 0.36 0.614 1.452 0.12 1.88 0.02 1.253 0.017 0.007 0.007
1847.2 1.0 1.0 1.0 1.546 0.559 0.36 0.614 1.452 0.12 1.88 0.02 1.253 0.017 0.007 0.007
1847.3 1.0 1.0 1.0 1.546 0.559 0.36 0.614 1.452 0.12 1.88 0.02 1.253 0.017 0.007 0.007
1847.4 1.0 1.0 1.0 1.546 0.559 0.36 0.614 1.452 0.12 1.88 0.02 1.253 0.017 0.007 0.007
1847.5 1.0 1.0 1.0 1.546 0.559 0.36 0.614 1.452 0.121 1.88 0.02 1.253 0.017 0.007 0.007
1847.6 1.0 1.0 1.0 1.546 0.559 0.36 0.614 1.452 0.121 1.88 0.02 1.253 0.017 0.007 0.007
1847.7 1.0 1.0 1.0 1.546 0.559 0.36 0.614 1.452 0.121 1.88 0.02 1.253 0.017 0.007 0.007
1847.8 1.0 1.0 1.0 1.546 0.559 0.36 0.614 1.452 0.121 1.88 0.02 1.253 0.017 0.007 0.007
1847.9 1.0 1.0 1.0 1.546 0.559 0.36 0.614 1.452 0.121 1.88 0.02 1.253 0.017 0.007 0.007
1848.0 1.0 1.0 1.0 1.546 0.559 0.36 0.614 1.452 0.122 1.88 0.02 1.253 0.017 0.007 0.007
1848.1 1.0 1.0 1.0 1.546 0.559 0.36 0.614 1.452 0.122 1.88 0.02 1.253 0.017 0.007 0.007
1848.2 1.0 1.0 1.0 1.546 0.559 0.36 0.614 1.452 0.122 1.88 0.02 1.253 0.017 0.007 0.007
1848.3 1.0 1.0 1.0 1.546 0.559 0.36 0.614 1.452 0.122 1.88 0.02 1.253 0.017 0.007 0.007
1848.4 1.0 1.0 1.0 1.546 0.559 0.36 0.614 1.452 0.122 1.88 0.02 1.253 0.017 0.007 0.007
1848.5 1.0 1.0 1.0 1.546 0.559 0.36 0.614 1.452 0.123 1.88 0.02 1.253 0.017 0.007 0.007
1848.6 1.0 1.0 1.0 1.546 0.559 0.36 0.614 1.452 0.123 1.88 0.02 1.253 0.017 0.007 0.007
1848.7 1.0 1.0 1.0 1.546 0.559 0.36 0.614 1.452 0.123 1.88 0.02 1.253 0.017 0.007 0.007
1848.8 1.0 1.0 1.0 1.546 0.559 0.36 0.614 1.452 0.123 1.88 0.02 1.253 0.017 0.007 0.007
1848.9 1.0 1.0 1.0 1.546 0.559 0.36 0.614 1.452 0.123 1.88 0.02 1.253 0.017 0.007 0.007
1849.0 1.0 1.0 1.0 1.546 0.559 0.36 0.614 1.452 0.124 1.88 0.02 1.253 0.017 0.007 0.007
1849.1 1.0 1.0 1.0 1.546 0.559 0.36 0.614 1.452 0.124 1.88 0.02 1.253 0.017 0.007 0.007
1849.2 1.0 1.0 1.0 1.546 0.559 0.36 0.614 1.452 0.124 1.88 0.02 1.253 0.017 0.007 0.007
1849.3 1.0 1.0 1.0 1.546 0.559 0.36 0.614 1.452 0.124 1.88 0.02 1.253 0.017 0.007 0.007
1849.4 1.0 1.0 1.0 1.546 0.559 0.36 0.614 1.452 0.124 1.88 0.02 1.253 0.017 0.007 0.007
1849.5 1.0 1.0 1.0 1.546 0.559 0.36 0.614 1.452 0.125 1.88 0.02 1.253 0.017 0.007 0.007
1849.6 1.0 1.0 1.0 1.546 0.559 0.36 0.614 1.452 0.125 1.88 0.02 1.253 0.017 0.007 0.007
1849.7 1.0 1.0 1.0 1.546 0.559 0.36 0.614 1.452 0.125 1.88 0.02 1.253 0.017 0.007 0.007
1849.8 1.0 1.0 1.0 1.546 0.559 0.36 0.614 1.452 0.125 1.88 0.02 1.253 0.017 0.007 0.007
1849.9 1.0 1.0 1.0 1.546 0.559 0.36 0.614 1.452 0.125 1.88 0.02 1.253 0.017 0.007 0.007
1850.0 1.0 1.0 1.0 1.546 0.559 0.36 0.614 1.452 0.126 1.88 0.02 1.253 0.017 0.007 0.007
1850.1 1.0 1.0 1.0 1.546 0.559 0.36 0.614 1.452 0.126 1.88 0.02 1.253 0.017 0.007 0.007
1850.2 1.0 1.0 1.0 1.546 0.559 0.36 0.614 1.452 0.126 1.88 0.02 1.253 0.017 0.007 0.007
1850.3 1.0 1.0 1.0 1.546 0.559 0.36 0.614 1.452 0.126 1.88 0.02 1.253 0.017 0.007 0.007
1850.4 1.0 1.0 1.0 1.546 0.559 0.36 0.614 1.452 0.126 1.88 0.02 1.253 0.017 0.007 0.007
1850.5 1.0 1.0 1.0 1.546 0.559 0.36 0.614 1.452 0.127 1.88 0.02 1.253 0.017 0.007 0.007
1850.6 1.0 1.0 1.0 1.546 0.559 0.36 0.614 1.452 0.127 1.88 0.02 1.253 0.017 0.007 0.007
1850.7 1.0 1.0 1.0 1.546 0.559 0.36 0.614 1.452 0.127 1.88 0.02 1.253 0.017 0.007 0.007
1850.8 1.0 1.0 1.0 1.546 0.559 0.36 0.614 1.452 0.127 1.88 0.02 1.253 0.017 0.007 0.007
1850.9 1.0 1.0 1.0 1.546 0.559 0.36 0.614 1.452 0.127 1.88 0.02 1.253 0.017 0.007 0.007
1851.0 1.0 1.0 1.0 1.546 0.559 0.36 0.614 1.452 0.128 1.88 0.02 1.253 0.017 0.007 0.007
1851.1 1.0 1.0 1.0 1.546 0.559 0.36 0.614 1.452 0.128 1.88 0.02 1.253 0.017 0.007 0.007
1851.2 1.0 1.0 1.0 1.546 0.559 0.36 0.614 1.452 0.128 1.88 0.02 1.253 0.017 0.007 0.007
1851.3 1.0 1.0 1.0 1.546 0.559 0.36 0.614 1.452 0.128 1.88 0.02 1.253 0.017 0.007 0.007
1851.4 1.0 1.0 1.0 1.546 0.559 0.36 0.614 1.452 0.128 1.88 0.02 1.253 0.017 0.007 0.007
1851.5 1.0 1.0 1.0 1.546 0.559 0.36 0.614 1.452 0.129 1.88 0.02 1.253 0.017 0.007 0.007
1851.6 1.0 1.0 1.0 1.546 0.559 0.36 0.614 1.452 0.129 1.88 0.02 1.253 0.017 0.007 0.007
1851.7 1.0 1.0 1.0 1.546 0.559 0.36 0.614 1.452 0.129 1.88 0.02 1.253 0.017 0.007 0.007
1851.8 1.0 1.0 1.0 1.546 0.559 0.36 0.614 1.452 0.129 1.88 0.02 1.253 0.017 0.007 0.007
1851.9 1.0 1.0 1.0 1.546 0.559 0.36 0.614 1.452 0.129 1.88 0.02 1.253 0.017 0.007 0.007
1852.0 1.0 1.0 1.0 1.546 0.559 0.36 0.614 1.452 0.13 1.88 0.02 1.253 0.017 0.007 0.007
1852.1 1.0 1.0 1.0 1.546 0.559 0.36 0.614 1.452 0.13 1.88 0.02 1.253 0.017 0.007 0.007
1852.2 1.0 1.0 1.0 1.546 0.559 0.36 0.614 1.452 0.13 1.88 0.02 1.253 0.017 0.007 0.007
1852.3 1.0 1.0 1.0 1.546 0.559 0.36 0.614 1.452 0.13 1.88 0.02 1.253 0.017 0.007 0.007
1852.4 1.0 1.0 1.0 1.546 0.559 0.36 0.614 1.452 0.13 1.88 0.02 1.253 0.017 0.007 0.007
1852.5 1.0 1.0 1.0 1.546 0.559 0.36 0.614 1.452 0.131 1.88 0.02 1.253 0.017 0.007 0.007
1852.6 1.0 1.0 1.0 1.546 0.559 0.36 0.614 1.452 0.131 1.88 0.02 1.253 0.017 0.007 0.007
1852.7 1.0 1.0 1.0 1.546 0.559 0.36 0.614 1.452 0.131 1.88 0.02 1.253 0.017 0.007 0.007
1852.8 1.0 1.0 1.0 1.546 0.559 0.36 0.614 1.452 0.131 1.88 0.02 1.253 0.017 0.007 0.007
1852.9 1.0 1.0 1.0 1.546 0.559 0.36 0.614 1.452 0.131 1.88 0.02 1.253 0.017 0.007 0.007
1853.0 1.0 1.0 1.0 1.546 0.559 0.36 0.614 1.452 0.132 1.88 0.02 1.253 0.017 0.007 0.007
1853.1 1.0 1.0 1.0 1.546 0.559 0.36 0.614 1.452 0.132 1.88 0.02 1.253 0.017 0.007 0.007
1853.2 1.0 1.0 1.0 1.546 0.559 0.36 0.614 1.452 0.132 1.88 0.02 1.253 0.017 0.007 0.007
1853.3 1.0 1.0 1.0 1.546 0.559 0.36 0.614 1.452 0.132 1.88 0.02 1.253 0.017 0.007 0.007
1853.4 1.0 1.0 1.0 1.546 0.559 0.36 0.614 1.452 0.132 1.88 0.02 1.253 0.017 0.007 0.007
1853.5 1.0 1.0 1.0 1.546 0.559 0.36 0.614 1.452 0.133 1.88 0.02 1.253 0.017 0.007 0.007
1853.6 1.0 1.0 1.0 1.546 0.559 0.36 0.614 1.452 0.133 1.88 0.02 1.253 0.017 0.007 0.007
1853.7 1.0 1.0 1.0 1.546 0.559 0.36 0.614 1.452 0.133 1.88 0.02 1.253 0.017 0.007 0.007
1853.8 1.0 1.0 1.0 1.546 0.559 0.36 0.614 1.452 0.133 1.88 0.02 1.253 0.017 0.007 0.007
1853.9 1.0 1.0 1.0 1.546 0.559 0.36 0.614 1.452 0.133 1.88 0.02 1.253 0.017 0.007 0.007
1854.0 1.0 1.0 1.0 1.546 0.559 0.36 0.614 1.452 0.134 1.88 0.02 1.253 0.017 0.007 0.007
1854.1 1.0 1.0 1.0 1.546 0.559 0.36 0.614 1.452 0.134 1.88 0.02 1.253 0.017 0.007 0.007
1854.2 1.0 1.0 1.0 1.546 0.559 0.36 0.614 1.452 0.134 1.88 0.02 1.253 0.017 0.007 0.007
1854.3 1.0 1.0 1.0 1.546 0.559 0.36 0.614 1.452 0.134 1.88 0.02 1.253 0.017 0.007 0.007
1854.4 1.0 1.0 1.0 1.546 0.559 0.36 0.614 1.452 0.134 1.88 0.02 1.253 0.017 0.007 0.007
1854.5 1.0 1.0 1.0 1.546 0.559 0.36 0.614 1.452 0.135 1.88 0.02 1.253 0.017 0.007 0.007
1854.6 1.0 1.0 1.0 1.546 0.559 0.36 0.614 1.452 0.135 1.88 0.02 1.253 0.017 0.007 0.007
1854.7 1.0 1.0 1.0 1.546 0.559 0.36 0.614 1.452 0.135 1.88 0.02 1.253 0.017 0.007 0.007
1854.8 1.0 1.0 1.0 1.546 0.559 0.36 0.614 1.452 0.135 1.88 0.02 1.253 0.017 0.007 0.007
1854.9 1.0 1.0 1.0 1.546 0.559 0.36 0.614 1.452 0.135 1.88 0.02 1.253 0.017 0.007 0.007
1855.0 1.0 1.0 1.0 1.546 0.559 0.36 0.614 1.452 0.135 1.88 0.02 1.253 0.017 0.007 0.007
1855.1 1.0 1.0 1.0 1.546 0.559 0.36 0.614 1.452 0.136 1.88 0.02 1.253 0.017 0.007 0.007
1855.2 1.0 1.0 1.0 1.546 0.559 0.36 0.614 1.452 0.136 1.88 0.02 1.253 0.017 0.007 0.007
1855.3 1.0 1.0 1.0 1.546 0.559 0.36 0.614 1.452 0.136 1.88 0.02 1.253 0.017 0.007 0.007
1855.4 1.0 1.0 1.0 1.546 0.559 0.36 0.614 1.452 0.136 1.88 0.02 1.253 0.017 0.007 0.007
1855.5 1.0 1.0 1.0 1.546 0.559 0.36 0.614 1.452 0.136 1.88 0.02 1.253 0.017 0.007 0.007
1855.6 1.0 1.0 1.0 1.546 0.559 0.36 0.614 1.452 0.137 1.88 0.02 1.253 0.017 0.007 0.007
1855.7 1.0 1.0 1.0 1.546 0.559 0.36 0.614 1.452 0.137 1.88 0.02 1.253 0.017 0.007 0.007
1855.8 1.0 1.0 1.0 1.546 0.559 0.36 0.614 1.452 0.137 1.88 0.02 1.253 0.017 0.007 0.007
1855.9 1.0 1.0 1.0 1.546 0.559 0.36 0.614 1.452 0.137 1.88 0.02 1.253 0.017 0.007 0.007
1856.0 1.0 1.0 1.0 1.546 0.559 0.36 0.614 1.452 0.137 1.88 0.02 1.253 0.017 0.007 0.007
1856.1 1.0 1.0 1.0 1.546 0.559 0.36 0.614 1.452 0.138 1.88 0.02 1.253 0.017 0.007 0.007
1856.2 1.0 1.0 1.0 1.546 0.559 0.36 0.614 1.452 0.138 1.88 0.02 1.253 0.017 0.007 0.007
1856.3 1.0 1.0 1.0 1.546 0.559 0.36 0.614 1.452 0.138 1.88 0.02 1.253 0.017 0.007 0.007
1856.4 1.0 1.0 1.0 1.546 0.559 0.36 0.614 1.452 0.138 1.88 0.02 1.253 0.017 0.007 0.007
1856.5 1.0 1.0 1.0 1.546 0.559 0.36 0.614 1.452 0.138 1.88 0.02 1.253 0.017 0.007 0.007
1856.6 1.0 1.0 1.0 1.546 0.559 0.36 0.614 1.452 0.139 1.88 0.02 1.253 0.017 0.007 0.007
1856.7 1.0 1.0 1.0 1.546 0.559 0.36 0.614 1.452 0.139 1.88 0.02 1.253 0.017 0.007 0.007
1856.8 1.0 1.0 1.0 1.546 0.559 0.36 0.614 1.452 0.139 1.88 0.02 1.253 0.017 0.007 0.007
1856.9 1.0 1.0 1.0 1.546 0.559 0.36 0.614 1.452 0.139 1.88 0.02 1.253 0.017 0.007 0.007
1857.0 1.0 1.0 1.0 1.546 0.559 0.36 0.614 1.452 0.139 1.88 0.02 1.253 0.017 0.007 0.007
1857.1 1.0 1.0 1.0 1.546 0.559 0.36 0.614 1.452 0.139 1.88 0.02 1.253 0.017 0.007 0.007
1857.2 1.0 1.0 1.0 1.546 0.559 0.36 0.614 1.452 0.14 1.88 0.02 1.253 0.017 0.007 0.007
1857.3 1.0 1.0 1.0 1.546 0.559 0.36 0.614 1.452 0.14 1.88 0.02 1.253 0.017 0.007 0.007
1857.4 1.0 1.0 1.0 1.546 0.559 0.36 0.614 1.452 0.14 1.88 0.02 1.253 0.017 0.007 0.007
1857.5 1.0 1.0 1.0 1.546 0.559 0.36 0.614 1.452 0.14 1.88 0.02 1.253 0.017 0.007 0.007
1857.6 1.0 1.0 1.0 1.546 0.559 0.36 0.614 1.452 0.14 1.88 0.02 1.253 0.017 0.007 0.007
1857.7 1.0 1.0 1.0 1.546 0.559 0.36 0.614 1.452 0.141 1.88 0.02 1.253 0.017 0.007 0.007
1857.8 1.0 1.0 1.0 1.546 0.559 0.36 0.614 1.452 0.141 1.88 0.02 1.253 0.017 0.007 0.007
1857.9 1.0 1.0 1.0 1.546 0.559 0.36 0.614 1.452 0.141 1.88 0.02 1.253 0.017 0.007 0.007
1858.0 1.0 1.0 1.0 1.546 0.559 0.36 0.614 1.452 0.141 1.88 0.02 1.253 0.017 0.007 0.007
1858.1 1.0 1.0 1.0 1.546 0.559 0.36 0.614 1.452 0.141 1.88 0.02 1.253 0.017 0.007 0.007
1858.2 1.0 1.0 1.0 1.546 0.559 0.36 0.614 1.452 0.142 1.88 0.02 1.253 0.017 0.007 0.007
1858.3 1.0 1.0 1.0 1.546 0.559 0.36 0.614 1.452 0.142 1.88 0.02 1.253 0.017 0.007 0.007
1858.4 1.0 1.0 1.0 1.546 0.559 0.36 0.614 1.452 0.142 1.88 0.02 1.253 0.017 0.007 0.007
1858.5 1.0 1.0 1.0 1.546 0.559 0.36 0.614 1.452 0.142 1.88 0.02 1.253 0.017 0.007 0.007
1858.6 1.0 1.0 1.0 1.546 0.559 0.36 0.614 1.452 0.142 1.88 0.02 1.253 0.017 0.007 0.007
1858.7 1.0 1.0 1.0 1.546 0.559 0.36 0.614 1.452 0.143 1.88 0.02 1.253 0.017 0.007 0.007
1858.8 1.0 1.0 1.0 1.546 0.559 0.36 0.614 1.452 0.143 1.88 0.02 1.253 0.017 0.007 0.007
1858.9 1.0 1.0 1.0 1.546 0.559 0.36 0.614 1.452 0.143 1.88 0.02 1.253 0.017 0.007 0.007
1859.0 1.0 1.0 1.0 1.546 0.559 0.36 0.614 1.452 0.143 1.88 0.02 1.253 0.017 0.007 0.007
1859.1 1.0 1.0 1.0 1.546 0.559 0.36 0.614 1.452 0.143 1.88 0.02 1.253 0.017 0.007 0.007
1859.2 1.0 1.0 1.0 1.546 0.559 0.36 0.614 1.452 0.143 1.88 0.02 1.253 0.017 0.007 0.007
1859.3 1.0 1.0 1.0 1.546 0.559 0.36 0.614 1.452 0.144 1.88 0.02 1.253 0.017 0.007 0.007
1859.4 1.0 1.0 1.0 1.546 0.559 0.36 0.614 1.452 0.144 1.88 0.02 1.253 0.017 0.007 0.007
1859.5 1.0 1.0 1.0 1.546 0.559 0.36 0.614 1.452 0.144 1.88 0.02 1.253 0.017 0.007 0.007
1859.6 1.0 1.0 1.0 1.546 0.559 0.36 0.614 1.452 0.144 1.88 0.02 1.253 0.017 0.007 0.007
1859.7 1.0 1.0 1.0 1.546 0.559 0.36 0.614 1.452 0.144 1.88 0.02 1.253 0.017 0.007 0.007
1859.8 1.0 1.0 1.0 1.546 0.559 0.36 0.614 1.452 0.145 1.88 0.02 1.253 0.017 0.007 0.007
1859.9 1.0 1.0 1.0 1.546 0.559 0.36 0.614 1.452 0.145 1.88 0.02 1.253 0.017 0.007 0.007
1860.0 1.0 1.0 1.0 1.546 0.559 0.36 0.614 1.452 0.145 1.88 0.02 1.253 0.017 0.007 0.007
1860.1 1.0 1.0 1.0 1.546 0.559 0.36 0.614 1.452 0.145 1.88 0.02 1.253 0.017 0.007 0.007
1860.2 1.0 1.0 1.0 1.546 0.559 0.36 0.614 1.452 0.145 1.88 0.02 1.253 0.017 0.007 0.007
1860.3 1.0 1.0 1.0 1.546 0.559 0.36 0.614 1.452 0.146 1.88 0.02 1.253 0.017 0.007 0.007
1860.4 1.0 1.0 1.0 1.546 0.559 0.36 0.614 1.452 0.146 1.88 0.02 1.253 0.017 0.007 0.007
1860.5 1.0 1.0 1.0 1.546 0.559 0.36 0.614 1.452 0.146 1.88 0.02 1.253 0.017 0.007 0.007
1860.6 1.0 1.0 1.0 1.546 0.559 0.36 0.614 1.452 0.146 1.88 0.02 1.253 0.017 0.007 0.007
1860.7 1.0 1.0 1.0 1.546 0.559 0.36 0.614 1.452 0.146 1.88 0.02 1.253 0.017 0.007 0.007
1860.8 1.0 1.0 1.0 1.546 0.559 0.36 0.614 1.452 0.146 1.88 0.02 1.253 0.017 0.007 0.007
1860.9 1.0 1.0 1.0 1.546 0.559 0.36 0.614 1.452 0.147 1.88 0.02 1.253 0.017 0.007 0.007
1861.0 1.0 1.0 1.0 1.546 0.559 0.36 0.614 1.452 0.147 1.88 0.02 1.253 0.017 0.007 0.007
1861.1 1.0 1.0 1.0 1.546 0.559 0.36 0.614 1.452 0.147 1.88 0.02 1.253 0.017 0.007 0.007
1861.2 1.0 1.0 1.0 1.546 0.559 0.36 0.614 1.452 0.147 1.88 0.02 1.253 0.017 0.007 0.007
1861.3 1.0 1.0 1.0 1.546 0.559 0.36 0.614 1.452 0.147 1.88 0.02 1.253 0.017 0.007 0.007
1861.4 1.0 1.0 1.0 1.546 0.559 0.36 0.614 1.452 0.148 1.88 0.02 1.253 0.017 0.007 0.007
1861.5 1.0 1.0 1.0 1.546 0.559 0.36 0.614 1.452 0.148 1.88 0.02 1.253 0.017 0.007 0.007
1861.6 1.0 1.0 1.0 1.546 0.559 0.36 0.614 1.452 0.148 1.88 0.02 1.253 0.017 0.007 0.007
1861.7 1.0 1.0 1.0 1.546 0.559 0.36 0.614 1.452 0.148 1.88 0.02 1.253 0.017 0.007 0.007
1861.8 1.0 1.0 1.0 1.546 0.559 0.36 0.614 1.452 0.148 1.88 0.02 1.253 0.017 0.007 0.007
1861.9 1.0 1.0 1.0 1.546 0.559 0.36 0.614 1.452 0.149 1.88 0.02 1.253 0.017 0.007 0.007
1862.0 1.0 1.0 1.0 1.546 0.559 0.36 0.614 1.452 0.149 1.88 0.02 1.253 0.017 0.007 0.007
1862.1 1.0 1.0 1.0 1.546 0.559 0.36 0.614 1.452 0.149 1.88 0.02 1.253 0.017 0.007 0.007
1862.2 1.0 1.0 1.0 1.546 0.559 0.36 0.614 1.452 0.149 1.88 0.02 1.253 0.017 0.007 0.007
1862.3 1.0 1.0 1.0 1.546 0.559 0.36 0.614 1.452 0.149 1.88 0.02 1.253 0.017 0.007 0.007
1862.4 1.0 1.0 1.0 1.546 0.559 0.36 0.614 1.452 0.149 1.88 0.02 1.253 0.017 0.007 0.007
1862.5 1.0 1.0 1.0 1.546 0.559 0.36 0.614 1.452 0.15 1.88 0.02 1.253 0.017 0.007 0.007
1862.6 1.0 1.0 1.0 1.546 0.559 0.36 0.614 1.452 0.15 1.88 0.02 1.253 0.017 0.007 0.007
1862.7 1.0 1.0 1.0 1.546 0.559 0.36 0.614 1.452 0.15 1.88 0.02 1.253 0.017 0.007 0.007
1862.8 1.0 1.0 1.0 1.546 0.559 0.36 0.614 1.452 0.15 1.88 0.02 1.253 0.017 0.007 0.007
1862.9 1.0 1.0 1.0 1.546 0.559 0.36 0.614 1.452 0.15 1.88 0.02 1.253 0.017 0.007 0.007
1863.0 1.0 1.0 1.0 1.546 0.559 0.36 0.614 1.452 0.151 1.88 0.02 1.253 0.017 0.007 0.007
1863.1 1.0 1.0 1.0 1.546 0.559 0.36 0.614 1.452 0.151 1.88 0.02 1.253 0.017 0.007 0.007
1863.2 1.0 1.0 1.0 1.546 0.559 0.36 0.614 1.452 0.151 1.88 0.02 1.253 0.017 0.007 0.007
1863.3 1.0 1.0 1.0 1.546 0.559 0.36 0.614 1.452 0.151 1.88 0.02 1.253 0.017 0.007 0.007
1863.4 1.0 1.0 1.0 1.546 0.559 0.36 0.614 1.452 0.151 1.88 0.02 1.253 0.017 0.007 0.007
1863.5 1.0 1.0 1.0 1.546 0.559 0.36 0.614 1.452 0.151 1.88 0.02 1.253 0.017 0.007 0.007
1863.6 1.0 1.0 1.0 1.546 0.559 0.36 0.614 1.452 0.152 1.88 0.02 1.253 0.017 0.007 0.007
1863.7 1.0 1.0 1.0 1.546 0.559 0.36 0.614 1.452 0.152 1.88 0.02 1.253 0.017 0.007 0.007
1863.8 1.0 1.0 1.0 1.546 0.559 0.36 0.614 1.452 0.152 1.88 0.02 1.253 0.017 0.007 0.007
1863.9 1.0 1.0 1.0 1.546 0.559 0.36 0.614 1.452 0.152 1.88 0.02 1.253 0.017 0.007 0.007
1864.0 1.0 1.0 1.0 1.546 0.559 0.36 0.614 1.452 0.152 1.88 0.02 1.253 0.017 0.007 0.007
1864.1 1.0 1.0 1.0 1.546 0.559 0.36 0.614 1.452 0.153 1.88 0.02 1.253 0.017 0.007 0.007
1864.2 1.0 1.0 1.0 1.546 0.559 0.36 0.614 1.452 0.153 1.88 0.02 1.253 0.017 0.007 0.007
1864.3 1.0 1.0 1.0 1.546 0.559 0.36 0.614 1.452 0.153 1.88 0.02 1.253 0.017 0.007 0.007
1864.4 1.0 1.0 1.0 1.546 0.559 0.36 0.614 1.452 0.153 1.88 0.02 1.253 0.017 0.007 0.007
1864.5 1.0 1.0 1.0 1.546 0.559 0.36 0.614 1.452 0.153 1.88 0.02 1.253 0.017 0.007 0.007
1864.6 1.0 1.0 1.0 1.546 0.559 0.36 0.614 1.452 0.153 1.88 0.02 1.253 0.017 0.007 0.007
1864.7 1.0 1.0 1.0 1.546 0.559 0.36 0.614 1.452 0.154 1.88 0.02 1.253 0.017 0.007 0.007
1864.8 1.0 1.0 1.0 1.546 0.559 0.36 0.614 1.452 0.154 1.88 0.02 1.253 0.017 0.007 0.007
1864.9 1.0 1.0 1.0 1.546 0.559 0.36 0.614 1.452 0.154 1.88 0.02 1.253 0.017 0.007 0.007
1865.0 1.0 1.0 1.0 1.546 0.559 0.36 0.614 1.452 0.154 1.88 0.02 1.253 0.017 0.007 0.007
1865.1 1.0 1.0 1.0 1.546 0.559 0.36 0.614 1.452 0.154 1.88 0.02 1.253 0.017 0.007 0.007
1865.2 1.0 1.0 1.0 1.546 0.559 0.36 0.614 1.452 0.155 1.88 0.02 1.253 0.017 0.007 0.007
1865.3 1.0 1.0 1.0 1.546 0.559 0.36 0.614 1.452 0.155 1.88 0.02 1.253 0.017 0.007 0.007
1865.4 1.0 1.0 1.0 1.546 0.559 0.36 0.614 1.452 0.155 1.88 0.02 1.253 0.017 0.007 0.007
1865.5 1.0 1.0 1.0 1.546 0.559 0.36 0.614 1.452 0.155 1.88 0.02 1.253 0.017 0.007 0.007
1865.6 1.0 1.0 1.0 1.546 0.559 0.36 0.614 1.452 0.155 1.88 0.02 1.253 0.017 0.007 0.007
1865.7 1.0 1.0 1.0 1.546 0.559 0.36 0.614 1.452 0.155 1.88 0.02 1.253 0.017 0.007 0.007
1865.8 1.0 1.0 1.0 1.546 0.559 0.36 0.614 1.452 0.156 1.88 0.02 1.253 0.017 0.007 0.007
1865.9 1.0 1.0 1.0 1.546 0.559 0.36 0.614 1.452 0.156 1.88 0.02 1.253 0.017 0.007 0.007
1866.0 1.0 1.0 1.0 1.546 0.559 0.36 0.614 1.452 0.156 1.88 0.02 1.253 0.017 0.007 0.007
1866.1 1.0 1.0 1.0 1.546 0.559 0.36 0.614 1.452 0.156 1.88 0.02 1.253 0.017 0.007 0.007
1866.2 1.0 1.0 1.0 1.546 0.559 0.36 0.614 1.452 0.156 1.88 0.02 1.253 0.017 0.007 0.007
1866.3 1.0 1.0 1.0 1.546 0.559 0.36 0.614 1.452 0.157 1.88 0.02 1.253 0.017 0.007 0.007
1866.4 1.0 1.0 1.0 1.546 0.559 0.36 0.614 1.452 0.157 1.88 0.02 1.253 0.017 0.007 0.007
1866.5 1.0 1.0 1.0 1.546 0.559 0.36 0.614 1.452 0.157 1.88 0.02 1.253 0.017 0.007 0.007
1866.6 1.0 1.0 1.0 1.546 0.559 0.36 0.614 1.452 0.157 1.88 0.02 1.253 0.017 0.007 0.007
1866.7 1.0 1.0 1.0 1.546 0.559 0.36 0.614 1.452 0.157 1.88 0.02 1.253 0.017 0.007 0.007
1866.8 1.0 1.0 1.0 1.546 0.559 0.36 0.614 1.452 0.157 1.88 0.02 1.253 0.017 0.007 0.007
1866.9 1.0 1.0 1.0 1.546 0.559 0.36 0.614 1.452 0.158 1.88 0.02 1.253 0.017 0.007 0.007
1867.0 1.0 1.0 1.0 1.546 0.559 0.36 0.614 1.452 0.158 1.88 0.02 1.253 0.017 0.007 0.007
1867.1 1.0 1.0 1.0 1.546 0.559 0.36 0.614 1.452 0.158 1.88 0.02 1.253 0.017 0.007 0.007
1867.2 1.0 1.0 1.0 1.546 0.559 0.36 0.614 1.452 0.158 1.88 0.02 1.253 0.017 0.007 0.007
1867.3 1.0 1.0 1.0 1.546 0.559 0.36 0.614 1.452 0.158 1.88 0.02 1.253 0.017 0.007 0.007
1867.4 1.0 1.0 1.0 1.546 0.559 0.36 0.614 1.452 0.159 1.88 0.02 1.253 0.017 0.007 0.007
1867.5 1.0 1.0 1.0 1.546 0.559 0.36 0.614 1.452 0.159 1.88 0.02 1.253 0.017 0.007 0.007
1867.6 1.0 1.0 1.0 1.546 0.559 0.36 0.614 1.452 0.159 1.88 0.02 1.253 0.017 0.007 0.007
1867.7 1.0 1.0 1.0 1.546 0.559 0.36 0.614 1.452 0.159 1.88 0.02 1.253 0.017 0.007 0.007
1867.8 1.0 1.0 1.0 1.546 0.559 0.36 0.614 1.452 0.159 1.88 0.02 1.253 0.017 0.007 0.007
1867.9 1.0 1.0 1.0 1.546 0.559 0.36 0.614 1.452 0.159 1.88 0.02 1.253 0.017 0.007 0.007
1868.0 1.0 1.0 1.0 1.546 0.559 0.36 0.614 1.452 0.16 1.88 0.02 1.253 0.017 0.007 0.007
1868.1 1.0 1.0 1.0 1.546 0.559 0.36 0.614 1.452 0.16 1.88 0.02 1.253 0.017 0.007 0.007
1868.2 1.0 1.0 1.0 1.546 0.559 0.36 0.614 1.452 0.16 1.88 0.02 1.253 0.017 0.007 0.007
1868.3 1.0 1.0 1.0 1.546 0.559 0.36 0.614 1.452 0.16 1.88 0.02 1.253 0.017 0.007 0.007
1868.4 1.0 1.0 1.0 1.546 0.559 0.36 0.614 1.452 0.16 1.88 0.02 1.253 0.017 0.007 0.007
1868.5 1.0 1.0 1.0 1.546 0.559 0.36 0.614 1.452 0.16 1.88 0.02 1.253 0.017 0.007 0.007
1868.6 1.0 1.0 1.0 1.546 0.559 0.36 0.614 1.452 0.161 1.88 0.02 1.253 0.017 0.007 0.007
1868.7 1.0 1.0 1.0 1.546 0.559 0.36 0.614 1.452 0.161 1.88 0.02 1.253 0.017 0.007 0.007
1868.8 1.0 1.0 1.0 1.546 0.559 0.36 0.614 1.452 0.161 1.88 0.02 1.253 0.017 0.007 0.007
1868.9 1.0 1.0 1.0 1.546 0.559 0.36 0.614 1.452 0.161 1.88 0.02 1.253 0.017 0.007 0.007
1869.0 1.0 1.0 1.0 1.546 0.559 0.36 0.614 1.452 0.161 1.88 0.02 1.253 0.017 0.007 0.007
1869.1 1.0 1.0 1.0 1.546 0.559 0.36 0.614 1.452 0.162 1.88 0.02 1.253 0.017 0.007 0.007
1869.2 1.0 1.0 1.0 1.546 0.559 0.36 0.614 1.452 0.162 1.88 0.02 1.253 0.017 0.007 0.007
1869.3 1.0 1.0 1.0 1.546 0.559 0.36 0.614 1.452 0.162 1.88 0.02 1.253 0.017 0.007 0.007
1869.4 1.0 1.0 1.0 1.546 0.559 0.36 0.614 1.452 0.162 1.88 0.02 1.253 0.017 0.007 0.007
1869.5 1.0 1.0 1.0 1.546 0.559 0.36 0.614 1.452 0.162 1.88 0.02 1.253 0.017 0.007 0.007
1869.6 1.0 1.0 1.0 1.546 0.559 0.36 0.614 1.452 0.162 1.88 0.02 1.253 0.017 0.007 0.007
1869.7 1.0 1.0 1.0 1.546 0.559 0.36 0.614 1.452 0.163 1.88 0.02 1.253 0.017 0.007 0.007
1869.8 1.0 1.0 1.0 1.546 0.559 0.36 0.614 1.452 0.163 1.88 0.02 1.253 0.017 0.007 0.007
1869.9 1.0 1.0 1.0 1.546 0.559 0.36 0.614 1.452 0.163 1.88 0.02 1.253 0.017 0.007 0.007
1870.0 1.0 1.0 1.0 1.546 0.559 0.36 0.614 1.452 0.163 1.88 0.02 1.253 0.017 0.007 0.007
1870.1 1.0 1.0 1.0 1.546 0.559 0.36 0.614 1.452 0.163 1.88 0.02 1.253 0.017 0.007 0.007
1870.2 1.0 1.0 1.0 1.546 0.559 0.36 0.614 1.452 0.163 1.88 0.02 1.253 0.017 0.007 0.007
1870.3 1.0 1.0 1.0 1.546 0.559 0.36 0.614 1.452 0.164 1.88 0.02 1.253 0.017 0.007 0.007
1870.4 1.0 1.0 1.0 1.546 0.559 0.36 0.614 1.452 0.164 1.88 0.02 1.253 0.017 0.007 0.007
1870.5 1.0 1.0 1.0 1.546 0.559 0.36 0.614 1.452 0.164 1.88 0.02 1.253 0.017 0.007 0.007
1870.6 1.0 1.0 1.0 1.546 0.559 0.36 0.614 1.452 0.164 1.88 0.02 1.253 0.017 0.007 0.007
1870.7 1.0 1.0 1.0 1.546 0.559 0.36 0.614 1.452 0.164 1.88 0.02 1.253 0.017 0.007 0.007
1870.8 1.0 1.0 1.0 1.546 0.559 0.36 0.614 1.452 0.165 1.88 0.02 1.253 0.017 0.007 0.007
1870.9 1.0 1.0 1.0 1.546 0.559 0.36 0.614 1.452 0.165 1.88 0.02 1.253 0.017 0.007 0.007
1871.0 1.0 1.0 1.0 1.546 0.559 0.36 0.614 1.452 0.165 1.88 0.02 1.253 0.017 0.007 0.007
1871.1 1.0 1.0 1.0 1.546 0.559 0.36 0.614 1.452 0.165 1.88 0.02 1.253 0.017 0.007 0.007
1871.2 1.0 1.0 1.0 1.546 0.559 0.36 0.614 1.452 0.165 1.88 0.02 1.253 0.017 0.007 0.007
1871.3 1.0 1.0 1.0 1.546 0.559 0.36 0.614 1.452 0.165 1.88 0.02 1.253 0.017 0.007 0.007
1871.4 1.0 1.0 1.0 1.546 0.559 0.36 0.614 1.452 0.166 1.88 0.02 1.253 0.017 0.007 0.007
1871.5 1.0 1.0 1.0 1.546 0.559 0.36 0.614 1.452 0.166 1.88 0.02 1.253 0.017 0.007 0.007
1871.6 1.0 1.0 1.0 1.546 0.559 0.36 0.614 1.452 0.166 1.88 0.02 1.253 0.017 0.007 0.007
1871.7 1.0 1.0 1.0 1.546 0.559 0.36 0.614 1.452 0.166 1.88 0.02 1.253 0.017 0.007 0.007
1871.8 1.0 1.0 1.0 1.546 0.559 0.36 0.614 1.452 0.166 1.88 0.02 1.253 0.017 0.007 0.007
1871.9 1.0 1.0 1.0 1.546 0.559 0.36 0.614 1.452 0.166 1.88 0.02 1.253 0.017 0.007 0.007
1872.0 1.0 1.0 1.0 1.546 0.559 0.36 0.614 1.452 0.167 1.88 0.02 1.253 0.017 0.007 0.007
1872.1 1.0 1.0 1.0 1.546 0.559 0.36 0.614 1.452 0.167 1.88 0.02 1.253 0.017 0.007 0.007
1872.2 1.0 1.0 1.0 1.546 0.559 0.36 0.614 1.452 0.167 1.88 0.02 1.253 0.017 0.007 0.007
1872.3 1.0 1.0 1.0 1.546 0.559 0.36 0.614 1.452 0.167 1.88 0.02 1.253 0.017 0.007 0.007
1872.4 1.0 1.0 1.0 1.546 0.559 0.36 0.614 1.452 0.167 1.88 0.02 1.253 0.017 0.007 0.007
1872.5 1.0 1.0 1.0 1.546 0.559 0.36 0.614 1.452 0.168 1.88 0.02 1.253 0.017 0.007 0.007
1872.6 1.0 1.0 1.0 1.546 0.559 0.36 0.614 1.452 0.168 1.88 0.02 1.253 0.017 0.007 0.007
1872.7 1.0 1.0 1.0 1.546 0.559 0.36 0.614 1.452 0.168 1.88 0.02 1.253 0.017 0.007 0.007
1872.8 1.0 1.0 1.0 1.546 0.559 0.36 0.614 1.452 0.168 1.88 0.02 1.253 0.017 0.007 0.007
1872.9 1.0 1.0 1.0 1.546 0.559 0.36 0.614 1.452 0.168 1.88 0.02 1.253 0.017 0.007 0.007
1873.0 1.0 1.0 1.0 1.546 0.559 0.36 0.614 1.452 0.168 1.88 0.02 1.253 0.017 0.007 0.007
1873.1 1.0 1.0 1.0 1.546 0.559 0.36 0.614 1.452 0.169 1.88 0.02 1.253 0.017 0.007 0.007
1873.2 1.0 1.0 1.0 1.546 0.559 0.36 0.614 1.452 0.169 1.88 0.02 1.253 0.017 0.007 0.007
1873.3 1.0 1.0 1.0 1.546 0.559 0.36 0.614 1.452 0.169 1.88 0.02 1.253 0.017 0.007 0.007
1873.4 1.0 1.0 1.0 1.546 0.559 0.36 0.614 1.452 0.169 1.88 0.02 1.253 0.017 0.007 0.007
1873.5 1.0 1.0 1.0 1.546 0.559 0.36 0.614 1.452 0.169 1.88 0.02 1.253 0.017 0.007 0.007
1873.6 1.0 1.0 1.0 1.546 0.559 0.36 0.614 1.452 0.169 1.88 0.02 1.253 0.017 0.007 0.007
1873.7 1.0 1.0 1.0 1.546 0.559 0.36 0.614 1.452 0.17 1.88 0.02 1.253 0.017 0.007 0.007
1873.8 1.0 1.0 1.0 1.546 0.559 0.36 0.614 1.452 0.17 1.88 0.02 1.253 0.017 0.007 0.007
1873.9 1.0 1.0 1.0 1.546 0.559 0.36 0.614 1.452 0.17 1.88 0.02 1.253 0.017 0.007 0.007
1874.0 1.0 1.0 1.0 1.546 0.559 0.36 0.614 1.452 0.17 1.88 0.02 1.253 0.017 0.007 0.007
1874.1 1.0 1.0 1.0 1.546 0.559 0.36 0.614 1.452 0.17 1.88 0.02 1.253 0.017 0.007 0.007
1874.2 1.0 1.0 1.0 1.546 0.559 0.36 0.614 1.452 0.17 1.88 0.02 1.253 0.017 0.007 0.007
1874.3 1.0 1.0 1.0 1.546 0.559 0.36 0.614 1.452 0.171 1.88 0.02 1.253 0.017 0.007 0.007
1874.4 1.0 1.0 1.0 1.546 0.559 0.36 0.614 1.452 0.171 1.88 0.02 1.253 0.017 0.007 0.007
1874.5 1.0 1.0 1.0 1.546 0.559 0.36 0.614 1.452 0.171 1.88 0.02 1.253 0.017 0.007 0.007
1874.6 1.0 1.0 1.0 1.546 0.559 0.36 0.614 1.452 0.171 1.88 0.02 1.253 0.017 0.007 0.007
1874.7 1.0 1.0 1.0 1.546 0.559 0.36 0.614 1.452 0.171 1.88 0.02 1.253 0.017 0.007 0.007
1874.8 1.0 1.0 1.0 1.546 0.559 0.36 0.614 1.452 0.171 1.88 0.02 1.253 0.017 0.007 0.007
1874.9 1.0 1.0 1.0 1.546 0.559 0.36 0.614 1.452 0.172 1.88 0.02 1.253 0.017 0.007 0.007
1875.0 1.0 1.0 1.0 1.546 0.559 0.36 0.614 1.452 0.172 1.88 0.02 1.253 0.017 0.007 0.007
1875.1 1.0 1.0 1.0 1.546 0.559 0.36 0.614 1.452 0.172 1.88 0.02 1.253 0.017 0.007 0.007
1875.2 1.0 1.0 1.0 1.546 0.559 0.36 0.614 1.452 0.172 1.88 0.02 1.253 0.017 0.007 0.007
1875.3 1.0 1.0 1.0 1.546 0.559 0.36 0.614 1.452 0.172 1.88 0.02 1.253 0.017 0.007 0.007
1875.4 1.0 1.0 1.0 1.546 0.559 0.36 0.614 1.452 0.173 1.88 0.02 1.253 0.017 0.007 0.007
1875.5 1.0 1.0 1.0 1.546 0.559 0.36 0.614 1.452 0.173 1.88 0.02 1.253 0.017 0.007 0.007
1875.6 1.0 1.0 1.0 1.546 0.559 0.36 0.614 1.452 0.173 1.88 0.02 1.253 0.017 0.007 0.007
1875.7 1.0 1.0 1.0 1.546 0.559 0.36 0.614 1.452 0.173 1.88 0.02 1.253 0.017 0.007 0.007
1875.8 1.0 1.0 1.0 1.546 0.559 0.36 0.614 1.452 0.173 1.88 0.02 1.253 0.017 0.007 0.007
1875.9 1.0 1.0 1.0 1.546 0.559 0.36 0.614 1.452 0.173 1.88 0.02 1.253 0.017 0.007 0.007
1876.0 1.0 1.0 1.0 1.546 0.559 0.36 0.614 1.452 0.174 1.88 0.02 1.253 0.017 0.007 0.007
1876.1 1.0 1.0 1.0 1.546 0.559 0.36 0.614 1.452 0.174 1.88 0.02 1.253 0.017 0.007 0.007
1876.2 1.0 1.0 1.0 1.546 0.559 0.36 0.614 1.452 0.174 1.88 0.02 1.253 0.017 0.007 0.007
1876.3 1.0 1.0 1.0 1.546 0.559 0.36 0.614 1.452 0.174 1.88 0.02 1.253 0.017 0.007 0.007
1876.4 1.0 1.0 1.0 1.546 0.559 0.36 0.614 1.452 0.174 1.88 0.02 1.253 0.017 0.007 0.007
1876.5 1.0 1.0 1.0 1.546 0.559 0.36 0.614 1.452 0.174 1.88 0.02 1.253 0.017 0.007 0.007
1876.6 1.0 1.0 1.0 1.546 0.559 0.36 0.614 1.452 0.175 1.88 0.02 1.253 0.017 0.007 0.007
1876.7 1.0 1.0 1.0 1.546 0.559 0.36 0.614 1.452 0.175 1.88 0.02 1.253 0.017 0.007 0.007
1876.8 1.0 1.0 1.0 1.546 0.559 0.36 0.614 1.452 0.175 1.88 0.02 1.253 0.017 0.007 0.007
1876.9 1.0 1.0 1.0 1.546 0.559 0.36 0.614 1.452 0.175 1.88 0.02 1.253 0.017 0.007 0.007
1877.0 1.0 1.0 1.0 1.546 0.559 0.36 0.614 1.452 0.175 1.88 0.02 1.253 0.017 0.007 0.007
1877.1 1.0 1.0 1.0 1.546 0.559 0.36 0.614 1.452 0.175 1.88 0.02 1.253 0.017 0.007 0.007
1877.2 1.0 1.0 1.0 1.546 0.559 0.36 0.614 1.452 0.176 1.88 0.02 1.253 0.017 0.007 0.007
1877.3 1.0 1.0 1.0 1.546 0.559 0.36 0.614 1.452 0.176 1.88 0.02 1.253 0.017 0.007 0.007
1877.4 1.0 1.0 1.0 1.546 0.559 0.36 0.614 1.452 0.176 1.88 0.02 1.253 0.017 0.007 0.007
1877.5 1.0 1.0 1.0 1.546 0.559 0.36 0.614 1.452 0.176 1.88 0.02 1.253 0.017 0.007 0.007
1877.6 1.0 1.0 1.0 1.546 0.559 0.36 0.614 1.452 0.176 1.88 0.02 1.253 0.017 0.007 0.007
1877.7 1.0 1.0 1.0 1.546 0.559 0.36 0.614 1.452 0.176 1.88 0.02 1.253 0.017 0.007 0.007
1877.8 1.0 1.0 1.0 1.546 0.559 0.36 0.614 1.452 0.177 1.88 0.02 1.253 0.017 0.007 0.007
1877.9 1.0 1.0 1.0 1.546 0.559 0.36 0.614 1.452 0.177 1.88 0.02 1.253 0.017 0.007 0.007
1878.0 1.0 1.0 1.0 1.546 0.559 0.36 0.614 1.452 0.177 1.88 0.02 1.253 0.017 0.007 0.007
1878.1 1.0 1.0 1.0 1.546 0.559 0.36 0.614 1.452 0.177 1.88 0.02 1.253 0.017 0.007 0.007
1878.2 1.0 1.0 1.0 1.546 0.559 0.36 0.614 1.452 0.177 1.88 0.02 1.253 0.017 0.007 0.007
1878.3 1.0 1.0 1.0 1.546 0.559 0.36 0.614 1.452 0.177 1.88 0.02 1.253 0.017 0.007 0.007
1878.4 1.0 1.0 1.0 1.546 0.559 0.36 0.614 1.452 0.178 1.88 0.02 1.253 0.017 0.007 0.007
1878.5 1.0 1.0 1.0 1.546 0.559 0.36 0.614 1.452 0.178 1.88 0.02 1.253 0.017 0.007 0.007
1878.6 1.0 1.0 1.0 1.546 0.559 0.36 0.614 1.452 0.178 1.88 0.02 1.253 0.017 0.007 0.007
1878.7 1.0 1.0 1.0 1.546 0.559 0.36 0.614 1.452 0.178 1.88 0.02 1.253 0.017 0.007 0.007
1878.8 1.0 1.0 1.0 1.546 0.559 0.36 0.614 1.452 0.178 1.88 0.02 1.253 0.017 0.007 0.007
1878.9 1.0 1.0 1.0 1.546 0.559 0.36 0.614 1.452 0.178 1.88 0.02 1.253 0.017 0.007 0.007
1879.0 1.0 1.0 1.0 1.546 0.559 0.36 0.614 1.452 0.179 1.88 0.02 1.253 0.017 0.007 0.007
1879.1 1.0 1.0 1.0 1.546 0.559 0.36 0.614 1.452 0.179 1.88 0.02 1.253 0.017 0.007 0.007
1879.2 1.0 1.0 1.0 1.546 0.559 0.36 0.614 1.452 0.179 1.88 0.02 1.253 0.017 0.007 0.007
1879.3 1.0 1.0 1.0 1.546 0.559 0.36 0.614 1.452 0.179 1.88 0.02 1.253 0.017 0.007 0.007
1879.4 1.0 1.0 1.0 1.546 0.559 0.36 0.614 1.452 0.179 1.88 0.02 1.253 0.017 0.007 0.007
1879.5 1.0 1.0 1.0 1.546 0.559 0.36 0.614 1.452 0.179 1.88 0.02 1.253 0.017 0.007 0.007
1879.6 1.0 1.0 1.0 1.546 0.559 0.36 0.614 1.452 0.18 1.88 0.02 1.253 0.017 0.006 0.007
1879.7 1.0 1.0 1.0 1.546 0.559 0.36 0.614 1.452 0.18 1.88 0.02 1.253 0.017 0.006 0.007
1879.8 1.0 1.0 1.0 1.546 0.559 0.36 0.614 1.452 0.18 1.88 0.02 1.253 0.017 0.006 0.007
1879.9 1.0 1.0 1.0 1.546 0.559 0.36 0.614 1.452 0.18 1.88 0.02 1.253 0.017 0.006 0.007
1880.0 1.0 1.0 1.0 1.546 0.559 0.36 0.614 1.452 0.18 1.88 0.02 1.253 0.017 0.006 0.007
1880.1 1.0 1.0 1.0 1.546 0.559 0.36 0.614 1.452 0.18 1.88 0.02 1.253 0.017 0.006 0.007
1880.2 1.0 1.0 1.0 1.546 0.559 0.36 0.614 1.452 0.181 1.88 0.02 1.253 0.017 0.006 0.007
1880.3 1.0 1.0 1.0 1.546 0.559 0.36 0.614 1.452 0.181 1.88 0.02 1.253 0.017 0.006 0.007
1880.4 1.0 1.0 1.0 1.546 0.559 0.36 0.614 1.452 0.181 1.88 0.02 1.253 0.017 0.006 0.007
1880.5 1.0 1.0 1.0 1.546 0.559 0.36 0.614 1.452 0.181 1.88 0.02 1.253 0.017 0.006 0.007
1880.6 1.0 1.0 1.0 1.546 0.559 0.36 0.614 1.452 0.181 1.88 0.02 1.253 0.017 0.006 0.007
1880.7 1.0 1.0 1.0 1.546 0.559 0.36 0.614 1.452 0.181 1.88 0.02 1.253 0.017 0.006 0.007
1880.8 1.0 1.0 1.0 1.546 0.559 0.36 0.614 1.452 0.182 1.88 0.02 1.253 0.017 0.006 0.007
1880.9 1.0 1.0 1.0 1.546 0.559 0.36 0.614 1.452 0.182 1.88 0.02 1.253 0.017 0.006 0.007
1881.0 1.0 1.0 1.0 1.546 0.559 0.36 0.614 1.452 0.182 1.88 0.02 1.253 0.017 0.006 0.007
1881.1 1.0 1.0 1.0 1.546 0.559 0.36 0.614 1.452 0.182 1.88 0.02 1.253 0.017 0.006 0.007
1881.2 1.0 1.0 1.0 1.546 0.559 0.36 0.614 1.452 0.182 1.88 0.02 1.253 0.017 0.006 0.007
1881.3 1.0 1.0 1.0 1.546 0.559 0.36 0.614 1.452 0.182 1.88 0.02 1.253 0.017 0.006 0.007
1881.4 1.0 1.0 1.0 1.546 0.559 0.36 0.614 1.452 0.183 1.88 0.02 1.253 0.017 0.006 0.007
1881.5 1.0 1.0 1.0 1.546 0.559 0.36 0.614 1.452 0.183 1.88 0.02 1.253 0.017 0.006 0.007
1881.6 1.0 1.0 1.0 1.546 0.559 0.36 0.614 1.452 0.183 1.88 0.02 1.253 0.017 0.006 0.007
1881.7 1.0 1.0 1.0 1.546 0.559 0.36 0.614 1.452 0.183 1.88 0.02 1.253 0.017 0.006 0.007
1881.8 1.0 1.0 1.0 1.546 0.559 0.36 0.614 1.452 0.183 1.88 0.02 1.253 0.017 0.006 0.007
1881.9 1.0 1.0 1.0 1.546 0.559 0.36 0.614 1.452 0.183 1.88 0.02 1.253 0.017 0.006 0.007
1882.0 1.0 1.0 1.0 1.546 0.559 0.36 0.614 1.452 0.184 1.88 0.02 1.253 0.017 0.006 0.007
1882.1 1.0 1.0 1.0 1.546 0.559 0.36 0.614 1.452 0.184 1.88 0.02 1.253 0.017 0.006 0.007
1882.2 1.0 1.0 1.0 1.546 0.559 0.36 0.614 1.452 0.184 1.88 0.02 1.253 0.017 0.006 0.007
1882.3 1.0 1.0 1.0 1.546 0.559 0.36 0.614 1.452 0.184 1.88 0.02 1.253 0.017 0.006 0.007
1882.4 1.0 1.0 1.0 1.546 0.559 0.36 0.614 1.452 0.184 1.88 0.02 1.253 0.017 0.006 0.007
1882.5 1.0 1.0 1.0 1.546 0.559 0.36 0.614 1.452 0.184 1.88 0.02 1.253 0.017 0.006 0.007
1882.6 1.0 1.0 1.0 1.546 0.559 0.36 0.614 1.452 0.185 1.88 0.02 1.253 0.017 0.006 0.007
1882.7 1.0 1.0 1.0 1.546 0.559 0.36 0.614 1.452 0.185 1.88 0.02 1.253 0.017 0.006 0.007
1882.8 1.0 1.0 1.0 1.546 0.559 0.36 0.614 1.452 0.185 1.88 0.02 1.253 0.017 0.006 0.007
1882.9 1.0 1.0 1.0 1.546 0.559 0.36 0.614 1.452 0.185 1.88 0.02 1.253 0.017 0.006 0.007
1883.0 1.0 1.0 1.0 1.546 0.559 0.36 0.614 1.452 0.185 1.88 0.02 1.253 0.017 0.006 0.007
1883.1 1.0 1.0 1.0 1.546 0.559 0.36 0.614 1.452 0.185 1.88 0.02 1.253 0.017 0.006 0.007
1883.2 1.0 1.0 1.0 1.546 0.559 0.36 0.614 1.452 0.186 1.88 0.02 1.253 0.017 0.006 0.007
1883.3 1.0 1.0 1.0 1.546 0.559 0.36 0.614 1.452 0.186 1.88 0.02 1.253 0.017 0.006 0.007
1883.4 1.0 1.0 1.0 1.546 0.559 0.36 0.614 1.452 0.186 1.88 0.02 1.253 0.017 0.006 0.007
1883.5 1.0 1.0 1.0 1.546 0.559 0.36 0.614 1.452 0.186 1.88 0.02 1.253 0.017 0.006 0.007
1883.6 1.0 1.0 1.0 1.546 0.559 0.36 0.614 1.452 0.186 1.88 0.02 1.253 0.017 0.006 0.007
1883.7 1.0 1.0 1.0 1.546 0.559 0.36 0.614 1.452 0.186 1.88 0.02 1.253 0.017 0.006 0.007
1883.8 1.0 1.0 1.0 1.546 0.559 0.36 0.614 1.452 0.186 1.88 0.02 1.253 0.017 0.006 0.007
1883.9 1.0 1.0 1.0 1.546 0.559 0.36 0.614 1.452 0.187 1.88 0.02 1.253 0.017 0.006 0.007
1884.0 1.0 1.0 1.0 1.546 0.559 0.36 0.614 1.452 0.187 1.88 0.02 1.253 0.017 0.006 0.007
1884.1 1.0 1.0 1.0 1.546 0.559 0.36 0.614 1.452 0.187 1.88 0.02 1.253 0.017 0.006 0.007
1884.2 1.0 1.0 1.0 1.546 0.559 0.36 0.614 1.452 0.187 1.88 0.02 1.253 0.017 0.006 0.007
1884.3 1.0 1.0 1.0 1.546 0.559 0.36 0.614 1.452 0.187 1.88 0.02 1.253 0.017 0.006 0.007
1884.4 1.0 1.0 1.0 1.546 0.559 0.36 0.614 1.452 0.187 1.88 0.02 1.253 0.017 0.006 0.007
1884.5 1.0 1.0 1.0 1.546 0.559 0.36 0.614 1.452 0.188 1.88 0.02 1.253 0.017 0.006 0.007
1884.6 1.0 1.0 1.0 1.546 0.559 0.36 0.614 1.452 0.188 1.88 0.02 1.253 0.017 0.006 0.007
1884.7 1.0 1.0 1.0 1.546 0.559 0.36 0.614 1.452 0.188 1.88 0.02 1.253 0.017 0.006 0.007
1884.8 1.0 1.0 1.0 1.546 0.559 0.36 0.614 1.452 0.188 1.88 0.02 1.253 0.017 0.006 0.007
1884.9 1.0 1.0 1.0 1.546 0.559 0.36 0.614 1.452 0.188 1.88 0.02 1.253 0.017 0.006 0.007
1885.0 1.0 1.0 1.0 1.546 0.559 0.36 0.614 1.452 0.188 1.88 0.02 1.253 0.017 0.006 0.007
1885.1 1.0 1.0 1.0 1.546 0.559 0.36 0.614 1.452 0.189 1.88 0.02 1.253 0.017 0.006 0.007
1885.2 1.0 1.0 1.0 1.546 0.559 0.36 0.614 1.452 0.189 1.88 0.02 1.253 0.017 0.006 0.007
1885.3 1.0 1.0 1.0 1.546 0.559 0.36 0.614 1.452 0.189 1.88 0.02 1.253 0.017 0.006 0.007
1885.4 1.0 1.0 1.0 1.546 0.559 0.36 0.614 1.452 0.189 1.88 0.02 1.253 0.017 0.006 0.007
1885.5 1.0 1.0 1.0 1.546 0.559 0.36 0.614 1.452 0.189 1.88 0.02 1.253 0.017 0.006 0.007
1885.6 1.0 1.0 1.0 1.546 0.559 0.36 0.614 1.452 0.189 1.88 0.02 1.253 0.017 0.006 0.007
1885.7 1.0 1.0 1.0 1.546 0.559 0.36 0.614 1.452 0.19 1.88 0.02 1.253 0.017 0.006 0.007
1885.8 1.0 1.0 1.0 1.546 0.559 0.36 0.614 1.452 0.19 1.88 0.02 1.253 0.017 0.006 0.007
1885.9 1.0 1.0 1.0 1.546 0.559 0.36 0.614 1.452 0.19 1.88 0.02 1.253 0.017 0.006 0.007
1886.0 1.0 1.0 1.0 1.546 0.559 0.36 0.614 1.452 0.19 1.88 0.02 1.253 0.017 0.006 0.007
1886.1 1.0 1.0 1.0 1.546 0.559 0.36 0.614 1.452 0.19 1.88 0.02 1.253 0.017 0.006 0.007
1886.2 1.0 1.0 1.0 1.546 0.559 0.36 0.614 1.452 0.19 1.88 0.02 1.253 0.017 0.006 0.007
1886.3 1.0 1.0 1.0 1.546 0.559 0.36 0.614 1.452 0.191 1.88 0.02 1.253 0.017 0.006 0.007
1886.4 1.0 1.0 1.0 1.546 0.559 0.36 0.614 1.452 0.191 1.88 0.02 1.253 0.017 0.006 0.007
1886.5 1.0 1.0 1.0 1.546 0.559 0.36 0.614 1.452 0.191 1.88 0.02 1.253 0.017 0.006 0.007
1886.6 1.0 1.0 1.0 1.546 0.559 0.36 0.614 1.452 0.191 1.88 0.02 1.253 0.017 0.006 0.007
1886.7 1.0 1.0 1.0 1.546 0.559 0.36 0.614 1.452 0.191 1.88 0.02 1.253 0.017 0.006 0.007
1886.8 1.0 1.0 1.0 1.546 0.559 0.36 0.614 1.452 0.191 1.88 0.02 1.253 0.017 0.006 0.007
1886.9 1.0 1.0 1.0 1.546 0.559 0.36 0.614 1.452 0.191 1.88 0.02 1.253 0.017 0.006 0.007
1887.0 1.0 1.0 1.0 1.546 0.559 0.36 0.614 1.452 0.192 1.88 0.02 1.253 0.017 0.006 0.007
1887.1 1.0 1.0 1.0 1.546 0.559 0.36 0.614 1.452 0.192 1.88 0.02 1.253 0.017 0.006 0.007
1887.2 1.0 1.0 1.0 1.546 0.559 0.36 0.614 1.452 0.192 1.88 0.02 1.253 0.017 0.006 0.007
1887.3 1.0 1.0 1.0 1.546 0.559 0.36 0.614 1.452 0.192 1.88 0.02 1.253 0.017 0.006 0.007
1887.4 1.0 1.0 1.0 1.546 0.559 0.36 0.614 1.452 0.192 1.88 0.02 1.253 0.017 0.006 0.007
1887.5 1.0 1.0 1.0 1.546 0.559 0.36 0.614 1.452 0.192 1.88 0.02 1.253 0.017 0.006 0.007
1887.6 1.0 1.0 1.0 1.546 0.559 0.36 0.614 1.452 0.193 1.88 0.02 1.253 0.017 0.006 0.007
1887.7 1.0 1.0 1.0 1.546 0.559 0.36 0.614 1.452 0.193 1.88 0.02 1.253 0.017 0.006 0.007
1887.8 1.0 1.0 1.0 1.546 0.559 0.36 0.614 1.452 0.193 1.88 0.02 1.253 0.017 0.006 0.007
1887.9 1.0 1.0 1.0 1.546 0.559 0.36 0.614 1.452 0.193 1.88 0.02 1.253 0.017 0.006 0.007
1888.0 1.0 1.0 1.0 1.546 0.559 0.36 0.614 1.452 0.193 1.88 0.02 1.253 0.017 0.006 0.007
1888.1 1.0 1.0 1.0 1.546 0.559 0.36 0.614 1.452 0.193 1.88 0.02 1.253 0.017 0.006 0.007
1888.2 1.0 1.0 1.0 1.546 0.559 0.36 0.614 1.452 0.194 1.88 0.02 1.253 0.017 0.006 0.007
1888.3 1.0 1.0 1.0 1.546 0.559 0.36 0.614 1.452 0.194 1.88 0.02 1.253 0.017 0.006 0.007
1888.4 1.0 1.0 1.0 1.546 0.559 0.36 0.614 1.452 0.194 1.88 0.02 1.253 0.017 0.006 0.007
1888.5 1.0 1.0 1.0 1.546 0.559 0.36 0.614 1.452 0.194 1.88 0.02 1.253 0.017 0.006 0.007
1888.6 1.0 1.0 1.0 1.546 0.559 0.36 0.614 1.452 0.194 1.88 0.02 1.253 0.017 0.006 0.007
1888.7 1.0 1.0 1.0 1.546 0.559 0.36 0.614 1.452 0.194 1.88 0.02 1.253 0.017 0.006 0.007
1888.8 1.0 1.0 1.0 1.546 0.559 0.36 0.614 1.452 0.194 1.88 0.02 1.253 0.017 0.006 0.007
1888.9 1.0 1.0 1.0 1.546 0.559 0.36 0.614 1.452 0.195 1.88 0.02 1.253 0.017 0.006 0.007
1889.0 1.0 1.0 1.0 1.546 0.559 0.36 0.614 1.452 0.195 1.88 0.02 1.253 0.017 0.006 0.007
1889.1 1.0 1.0 1.0 1.546 0.559 0.36 0.614 1.452 0.195 1.88 0.02 1.253 0.017 0.006 0.007
1889.2 1.0 1.0 1.0 1.546 0.559 0.36 0.614 1.452 0.195 1.88 0.02 1.253 0.017 0.006 0.007
1889.3 1.0 1.0 1.0 1.546 0.559 0.36 0.614 1.452 0.195 1.88 0.02 1.253 0.017 0.006 0.007
1889.4 1.0 1.0 1.0 1.546 0.559 0.36 0.614 1.452 0.195 1.88 0.02 1.253 0.017 0.006 0.007
1889.5 1.0 1.0 1.0 1.546 0.559 0.36 0.614 1.452 0.196 1.88 0.02 1.253 0.017 0.006 0.007
1889.6 1.0 1.0 1.0 1.546 0.559 0.36 0.614 1.452 0.196 1.88 0.02 1.253 0.017 0.006 0.007
1889.7 1.0 1.0 1.0 1.546 0.559 0.36 0.614 1.452 0.196 1.88 0.02 1.253 0.017 0.006 0.007
1889.8 1.0 1.0 1.0 1.546 0.559 0.36 0.614 1.452 0.196 1.88 0.02 1.253 0.017 0.006 0.007
1889.9 1.0 1.0 1.0 1.546 0.559 0.36 0.614 1.452 0.196 1.88 0.02 1.253 0.017 0.006 0.007
1890.0 1.0 1.0 1.0 1.546 0.559 0.36 0.614 1.452 0.196 1.88 0.02 1.253 0.017 0.006 0.007
1890.1 1.0 1.0 1.0 1.546 0.559 0.36 0.614 1.452 0.197 1.88 0.02 1.253 0.017 0.006 0.007
1890.2 1.0 1.0 1.0 1.546 0.559 0.36 0.614 1.452 0.197 1.88 0.02 1.253 0.017 0.006 0.007
1890.3 1.0 1.0 1.0 1.546 0.559 0.36 0.614 1.452 0.197 1.88 0.02 1.253 0.017 0.006 0.007
1890.4 1.0 1.0 1.0 1.546 0.559 0.36 0.614 1.452 0.197 1.88 0.02 1.253 0.017 0.006 0.007
1890.5 1.0 1.0 1.0 1.546 0.559 0.36 0.614 1.452 0.197 1.88 0.02 1.253 0.017 0.006 0.007
1890.6 1.0 1.0 1.0 1.546 0.559 0.36 0.614 1.452 0.197 1.88 0.02 1.253 0.017 0.006 0.007
1890.7 1.0 1.0 1.0 1.546 0.559 0.36 0.614 1.452 0.197 1.88 0.02 1.253 0.017 0.006 0.007
1890.8 1.0 1.0 1.0 1.546 0.559 0.36 0.614 1.452 0.198 1.88 0.02 1.253 0.017 0.006 0.007
1890.9 1.0 1.0 1.0 1.546 0.559 0.36 0.614 1.452 0.198 1.88 0.02 1.253 0.017 0.006 0.007
1891.0 1.0 1.0 1.0 1.546 0.559 0.36 0.614 1.452 0.198 1.88 0.02 1.253 0.017 0.006 0.007
1891.1 1.0 1.0 1.0 1.546 0.559 0.36 0.614 1.452 0.198 1.88 0.02 1.253 0.017 0.006 0.007
1891.2 1.0 1.0 1.0 1.546 0.559 0.36 0.614 1.452 0.198 1.88 0.02 1.253 0.017 0.006 0.007
1891.3 1.0 1.0 1.0 1.546 0.559 0.36 0.614 1.452 0.198 1.88 0.02 1.253 0.017 0.006 0.007
1891.4 1.0 1.0 1.0 1.546 0.559 0.36 0.614 1.452 0.199 1.88 0.02 1.253 0.017 0.006 0.007
1891.5 1.0 1.0 1.0 1.546 0.559 0.36 0.614 1.452 0.199 1.88 0.02 1.253 0.017 0.006 0.007
1891.6 1.0 1.0 1.0 1.546 0.559 0.36 0.614 1.452 0.199 1.88 0.02 1.253 0.017 0.006 0.007
1891.7 1.0 1.0 1.0 1.546 0.559 0.36 0.614 1.452 0.199 1.88 0.02 1.253 0.017 0.006 0.007
1891.8 1.0 1.0 1.0 1.546 0.559 0.36 0.614 1.452 0.199 1.88 0.02 1.253 0.017 0.006 0.007
1891.9 1.0 1.0 1.0 1.546 0.559 0.36 0.614 1.452 0.199 1.88 0.02 1.253 0.017 0.006 0.007
1892.0 1.0 1.0 1.0 1.546 0.559 0.36 0.614 1.452 0.199 1.88 0.02 1.253 0.017 0.006 0.007
1892.1 1.0 1.0 1.0 1.546 0.559 0.36 0.614 1.452 0.2 1.88 0.02 1.253 0.017 0.006 0.007
1892.2 1.0 1.0 1.0 1.546 0.559 0.36 0.614 1.452 0.2 1.88 0.02 1.253 0.017 0.006 0.007
1892.3 1.0 1.0 1.0 1.546 0.559 0.36 0.614 1.452 0.2 1.88 0.02 1.253 0.017 0.006 0.007
1892.4 1.0 1.0 1.0 1.546 0.559 0.36 0.614 1.452 0.2 1.88 0.02 1.253 0.017 0.006 0.007
1892.5 1.0 1.0 1.0 1.546 0.559 0.36 0.614 1.452 0.2 1.88 0.02 1.253 0.017 0.006 0.007
1892.6 1.0 1.0 1.0 1.546 0.559 0.36 0.614 1.452 0.2 1.88 0.02 1.253 0.017 0.006 0.007
1892.7 1.0 1.0 1.0 1.546 0.559 0.36 0.614 1.452 0.201 1.88 0.02 1.253 0.017 0.006 0.007
1892.8 1.0 1.0 1.0 1.546 0.559 0.36 0.614 1.452 0.201 1.88 0.02 1.253 0.017 0.006 0.007
1892.9 1.0 1.0 1.0 1.546 0.559 0.36 0.614 1.452 0.201 1.88 0.02 1.253 0.017 0.006 0.007
1893.0 1.0 1.0 1.0 1.546 0.559 0.36 0.614 1.452 0.201 1.88 0.02 1.253 0.017 0.006 0.007
1893.1 1.0 1.0 1.0 1.546 0.559 0.36 0.614 1.452 0.201 1.88 0.02 1.253 0.017 0.006 0.007
1893.2 1.0 1.0 1.0 1.546 0.559 0.36 0.614 1.452 0.201 1.88 0.02 1.253 0.017 0.006 0.007
1893.3 1.0 1.0 1.0 1.546 0.559 0.36 0.614 1.452 0.201 1.88 0.02 1.253 0.017 0.006 0.007
1893.4 1.0 1.0 1.0 1.546 0.559 0.36 0.614 1.452 0.202 1.88 0.02 1.253 0.017 0.006 0.007
1893.5 1.0 1.0 1.0 1.546 0.559 0.36 0.614 1.452 0.202 1.88 0.02 1.253 0.017 0.006 0.007
1893.6 1.0 1.0 1.0 1.546 0.559 0.36 0.614 1.452 0.202 1.88 0.02 1.253 0.017 0.006 0.007
1893.7 1.0 1.0 1.0 1.546 0.559 0.36 0.614 1.452 0.202 1.88 0.02 1.253 0.017 0.006 0.007
1893.8 1.0 1.0 1.0 1.546 0.559 0.36 0.614 1.452 0.202 1.88 0.02 1.253 0.017 0.006 0.007
1893.9 1.0 1.0 1.0 1.546 0.559 0.36 0.614 1.452 0.202 1.88 0.02 1.253 0.017 0.006 0.007
1894.0 1.0 1.0 1.0 1.546 0.559 0.36 0.614 1.452 0.203 1.88 0.02 1.253 0.017 0.006 0.007
1894.1 1.0 1.0 1.0 1.546 0.559 0.36 0.614 1.452 0.203 1.88 0.02 1.253 0.017 0.006 0.007
1894.2 1.0 1.0 1.0 1.546 0.559 0.36 0.614 1.452 0.203 1.88 0.02 1.253 0.017 0.006 0.007
1894.3 1.0 1.0 1.0 1.546 0.559 0.36 0.614 1.452 0.203 1.88 0.02 1.253 0.017 0.006 0.007
1894.4 1.0 1.0 1.0 1.546 0.559 0.36 0.614 1.452 0.203 1.88 0.02 1.253 0.017 0.006 0.007
1894.5 1.0 1.0 1.0 1.546 0.559 0.36 0.614 1.452 0.203 1.88 0.02 1.253 0.017 0.006 0.007
1894.6 1.0 1.0 1.0 1.546 0.559 0.36 0.614 1.452 0.203 1.88 0.02 1.253 0.017 0.006 0.007
1894.7 1.0 1.0 1.0 1.546 0.559 0.36 0.614 1.452 0.204 1.88 0.02 1.253 0.017 0.006 0.007
1894.8 1.0 1.0 1.0 1.546 0.559 0.36 0.614 1.452 0.204 1.88 0.02 1.253 0.017 0.006 0.007
1894.9 1.0 1.0 1.0 1.546 0.559 0.36 0.614 1.452 0.204 1.88 0.02 1.253 0.017 0.006 0.007
1895.0 1.0 1.0 1.0 1.546 0.559 0.36 0.614 1.452 0.204 1.88 0.02 1.253 0.017 0.006 0.007
1895.1 1.0 1.0 1.0 1.546 0.559 0.36 0.614 1.452 0.204 1.88 0.02 1.253 0.017 0.006 0.007
1895.2 1.0 1.0 1.0 1.546 0.559 0.36 0.614 1.452 0.204 1.88 0.02 1.253 0.017 0.006 0.007
1895.3 1.0 1.0 1.0 1.546 0.559 0.36 0.614 1.452 0.205 1.88 0.02 1.253 0.017 0.006 0.007
1895.4 1.0 1.0 1.0 1.546 0.559 0.36 0.614 1.452 0.205 1.88 0.02 1.253 0.017 0.006 0.007
1895.5 1.0 1.0 1.0 1.546 0.559 0.36 0.614 1.452 0.205 1.88 0.02 1.253 0.017 0.006 0.007
1895.6 1.0 1.0 1.0 1.546 0.559 0.36 0.614 1.452 0.205 1.88 0.02 1.253 0.017 0.006 0.007
1895.7 1.0 1.0 1.0 1.546 0.559 0.36 0.614 1.452 0.205 1.88 0.02 1.253 0.017 0.006 0.007
1895.8 1.0 1.0 1.0 1.546 0.559 0.36 0.614 1.452 0.205 1.88 0.02 1.253 0.017 0.006 0.007
1895.9 1.0 1.0 1.0 1.546 0.559 0.36 0.614 1.452 0.205 1.88 0.02 1.253 0.017 0.006 0.007
1896.0 1.0 1.0 1.0 1.546 0.559 0.36 0.614 1.452 0.206 1.88 0.02 1.253 0.017 0.006 0.007
1896.1 1.0 1.0 1.0 1.546 0.559 0.36 0.614 1.452 0.206 1.88 0.02 1.253 0.017 0.006 0.007
1896.2 1.0 1.0 1.0 1.546 0.559 0.36 0.614 1.452 0.206 1.88 0.02 1.253 0.017 0.006 0.007
1896.3 1.0 1.0 1.0 1.546 0.559 0.36 0.614 1.452 0.206 1.88 0.02 1.253 0.017 0.006 0.007
1896.4 1.0 1.0 1.0 1.546 0.559 0.36 0.614 1.452 0.206 1.88 0.02 1.253 0.017 0.006 0.007
1896.5 1.0 1.0 1.0 1.546 0.559 0.36 0.614 1.452 0.206 1.88 0.02 1.253 0.017 0.006 0.007
1896.6 1.0 1.0 1.0 1.546 0.559 0.36 0.614 1.452 0.206 1.88 0.02 1.253 0.017 0.006 0.007
1896.7 1.0 1.0 1.0 1.546 0.559 0.36 0.614 1.452 0.207 1.88 0.02 1.253 0.017 0.006 0.007
1896.8 1.0 1.0 1.0 1.546 0.559 0.36 0.614 1.452 0.207 1.88 0.02 1.253 0.017 0.006 0.007
1896.9 1.0 1.0 1.0 1.546 0.559 0.36 0.614 1.452 0.207 1.88 0.02 1.253 0.017 0.006 0.007
1897.0 1.0 1.0 1.0 1.546 0.559 0.36 0.614 1.452 0.207 1.88 0.02 1.253 0.017 0.006 0.007
1897.1 1.0 1.0 1.0 1.546 0.559 0.36 0.614 1.452 0.207 1.88 0.02 1.253 0.017 0.006 0.007
1897.2 1.0 1.0 1.0 1.546 0.559 0.36 0.614 1.452 0.207 1.88 0.02 1.253 0.017 0.006 0.007
1897.3 1.0 1.0 1.0 1.546 0.559 0.36 0.614 1.452 0.208 1.88 0.02 1.253 0.017 0.006 0.007
1897.4 1.0 1.0 1.0 1.546 0.559 0.36 0.614 1.452 0.208 1.88 0.02 1.253 0.017 0.006 0.007
1897.5 1.0 1.0 1.0 1.546 0.559 0.36 0.614 1.452 0.208 1.88 0.02 1.253 0.017 0.006 0.007
1897.6 1.0 1.0 1.0 1.546 0.559 0.36 0.614 1.452 0.208 1.88 0.02 1.253 0.017 0.006 0.007
1897.7 1.0 1.0 1.0 1.546 0.559 0.36 0.614 1.452 0.208 1.88 0.02 1.253 0.017 0.006 0.007
1897.8 1.0 1.0 1.0 1.546 0.559 0.36 0.614 1.452 0.208 1.88 0.02 1.253 0.017 0.006 0.007
1897.9 1.0 1.0 1.0 1.546 0.559 0.36 0.614 1.452 0.208 1.88 0.02 1.253 0.017 0.006 0.007
1898.0 1.0 1.0 1.0 1.546 0.559 0.36 0.614 1.452 0.209 1.88 0.02 1.253 0.017 0.006 0.007
1898.1 1.0 1.0 1.0 1.546 0.559 0.36 0.614 1.452 0.209 1.88 0.02 1.253 0.017 0.006 0.007
1898.2 1.0 1.0 1.0 1.546 0.559 0.36 0.614 1.452 0.209 1.88 0.02 1.253 0.017 0.006 0.007
1898.3 1.0 1.0 1.0 1.546 0.559 0.36 0.614 1.452 0.209 1.88 0.02 1.253 0.017 0.006 0.007
1898.4 1.0 1.0 1.0 1.546 0.559 0.36 0.614 1.452 0.209 1.88 0.02 1.253 0.017 0.006 0.007
1898.5 1.0 1.0 1.0 1.546 0.559 0.36 0.614 1.452 0.209 1.88 0.02 1.253 0.017 0.006 0.007
1898.6 1.0 1.0 1.0 1.546 0.559 0.36 0.614 1.452 0.209 1.88 0.02 1.253 0.017 0.006 0.007
1898.7 1.0 1.0 1.0 1.546 0.559 0.36 0.614 1.452 0.21 1.88 0.02 1.253 0.017 0.006 0.007
1898.8 1.0 1.0 1.0 1.546 0.559 0.36 0.614 1.452 0.21 1.88 0.02 1.253 0.017 0.006 0.007
1898.9 1.0 1.0 1.0 1.546 0.559 0.36 0.614 1.452 0.21 1.88 0.02 1.253 0.017 0.006 0.007
1899.0 1.0 1.0 1.0 1.546 0.559 0.36 0.614 1.452 0.21 1.88 0.02 1.253 0.017 0.006 0.007
1899.1 1.0 1.0 1.0 1.546 0.559 0.36 0.614 1.452 0.21 1.88 0.02 1.253 0.017 0.006 0.007
1899.2 1.0 1.0 1.0 1.546 0.559 0.36 0.614 1.452 0.21 1.88 0.02 1.253 0.017 0.006 0.007
1899.3 1.0 1.0 1.0 1.546 0.559 0.36 0.614 1.452 0.211 1.88 0.02 1.253 0.017 0.006 0.007
1899.4 1.0 1.0 1.0 1.546 0.559 0.36 0.614 1.452 0.211 1.88 0.02 1.253 0.017 0.006 0.007
1899.5 1.0 1.0 1.0 1.546 0.559 0.36 0.614 1.452 0.211 1.88 0.02 1.253 0.017 0.006 0.007
1899.6 1.0 1.0 1.0 1.546 0.559 0.36 0.614 1.452 0.211 1.88 0.02 1.253 0.017 0.006 0.007
1899.7 1.0 1.0 1.0 1.546 0.559 0.36 0.614 1.452 0.211 1.88 0.02 1.253 0.017 0.006 0.007
1899.8 1.0 1.0 1.0 1.546 0.559 0.36 0.614 1.452 0.211 1.88 0.02 1.253 0.017 0.006 0.007
