1400.0 1.0 1.0 1.0 1.532 0.556 0.359 0.614 1.451 0.01 0.012 0.008 0.011
1400.1 1.0 1.0 1.0 1.532 0.556 0.36 0.614 1.451 0.01 0.013 0.007 0.011
1400.2 1.0 1.0 1.0 1.533 0.556 0.36 0.614 1.451 0.01 0.014 0.006 0.011
1400.3 1.0 1.0 1.0 1.533 0.556 0.36 0.614 1.451 0.01 0.014 0.005 0.012
1400.4 1.0 1.0 1.0 1.533 0.556 0.361 0.614 1.451 0.01 0.014 0.005 0.012
1400.5 1.0 1.0 1.0 1.533 0.556 0.361 0.614 1.451 0.01 0.014 0.005 0.013
1400.6 1.0 1.0 1.0 1.534 0.557 0.361 0.614 1.452 0.01 0.013 0.004 0.013
1400.7 1.0 1.0 1.0 1.534 0.557 0.361 0.614 1.452 0.01 0.013 0.004 0.013
1400.8 1.0 1.0 1.0 1.534 0.557 0.361 0.614 1.452 0.01 0.013 0.004 0.014
1400.9 1.0 1.0 1.0 1.535 0.557 0.361 0.614 1.452 0.01 0.013 0.004 0.014
1401.0 1.0 1.0 1.0 1.535 0.557 0.361 0.614 1.452 0.01 0.013 0.004 0.014
1401.1 1.0 1.0 1.0 1.535 0.557 0.361 0.614 1.452 0.01 0.013 0.004 0.014
1401.2 1.0 1.0 1.0 1.535 0.557 0.36 0.614 1.452 0.01 0.013 0.004 0.014
1401.3 1.0 1.0 1.0 1.536 0.557 0.36 0.614 1.452 0.01 0.013 0.004 0.014
1401.4 1.0 1.0 1.0 1.536 0.557 0.36 0.614 1.452 0.01 0.013 0.004 0.014
1401.5 1.0 1.0 1.0 1.536 0.557 0.36 0.614 1.452 0.01 0.013 0.004 0.015
1401.6 1.0 1.0 1.0 1.536 0.557 0.36 0.614 1.452 0.01 0.012 0.004 0.015
1401.7 1.0 1.0 1.0 1.536 0.557 0.36 0.614 1.452 0.01 0.012 0.004 0.015
1401.8 1.0 1.0 1.0 1.537 0.557 0.36 0.614 1.452 0.01 0.012 0.004 0.015
1401.9 1.0 1.0 1.0 1.537 0.557 0.36 0.614 1.452 0.01 0.012 0.004 0.015
1402.0 1.0 1.0 1.0 1.537 0.557 0.36 0.614 1.452 0.01 0.012 0.004 0.015
1402.1 1.0 1.0 1.0 1.537 0.557 0.36 0.614 1.452 0.01 0.012 0.004 0.015
1402.2 1.0 1.0 1.0 1.537 0.557 0.36 0.614 1.452 0.01 0.012 0.004 0.015
1402.3 1.0 1.0 1.0 1.537 0.557 0.36 0.614 1.452 0.01 0.012 0.004 0.015
1402.4 1.0 1.0 1.0 1.538 0.557 0.36 0.614 1.452 0.01 0.012 0.004 0.015
1402.5 1.0 1.0 1.0 1.538 0.557 0.36 0.614 1.452 0.01 0.012 0.004 0.015
1402.6 1.0 1.0 1.0 1.538 0.557 0.36 0.614 1.452 0.01 0.012 0.004 0.015
1402.7 1.0 1.0 1.0 1.538 0.557 0.36 0.614 1.452 0.01 0.012 0.004 0.015
1402.8 1.0 1.0 1.0 1.538 0.557 0.36 0.614 1.452 0.01 0.012 0.004 0.015
1402.9 1.0 1.0 1.0 1.538 0.557 0.36 0.614 1.452 0.01 0.012 0.004 0.015
1403.0 1.0 1.0 1.0 1.538 0.557 0.36 0.614 1.452 0.01 0.012 0.004 0.015
1403.1 1.0 1.0 1.0 1.539 0.557 0.36 0.614 1.452 0.01 0.012 0.004 0.015
1403.2 1.0 1.0 1.0 1.539 0.557 0.36 0.614 1.452 0.01 0.012 0.004 0.015
1403.3 1.0 1.0 1.0 1.539 0.557 0.36 0.614 1.452 0.01 0.012 0.004 0.015
1403.4 1.0 1.0 1.0 1.539 0.557 0.36 0.614 1.452 0.01 0.012 0.004 0.015
1403.5 1.0 1.0 1.0 1.539 0.557 0.36 0.614 1.452 0.01 0.012 0.004 0.015
1403.6 1.0 1.0 1.0 1.539 0.557 0.36 0.614 1.452 0.01 0.012 0.004 0.015
1403.7 1.0 1.0 1.0 1.539 0.557 0.36 0.614 1.452 0.01 0.012 0.004 0.015
1403.8 1.0 1.0 1.0 1.539 0.557 0.36 0.614 1.452 0.01 0.012 0.004 0.015
1403.9 1.0 1.0 1.0 1.54 0.557 0.36 0.614 1.452 0.01 0.012 0.004 0.015
1404.0 1.0 1.0 1.0 1.54 0.557 0.36 0.614 1.452 0.01 0.012 0.004 0.015
1404.1 1.0 1.0 1.0 1.54 0.558 0.36 0.614 1.452 0.01 0.012 0.004 0.015
1404.2 1.0 1.0 1.0 1.54 0.558 0.36 0.614 1.452 0.01 0.012 0.004 0.015
1404.3 1.0 1.0 1.0 1.54 0.558 0.36 0.614 1.452 0.01 0.012 0.004 0.015
1404.4 1.0 1.0 1.0 1.54 0.558 0.36 0.614 1.452 0.01 0.012 0.004 0.015
1404.5 1.0 1.0 1.0 1.54 0.558 0.36 0.614 1.452 0.01 0.012 0.004 0.015
1404.6 1.0 1.0 1.0 1.54 0.558 0.36 0.614 1.452 0.01 0.012 0.004 0.015
1404.7 1.0 1.0 1.0 1.54 0.558 0.36 0.614 1.452 0.01 0.012 0.004 0.015
1404.8 1.0 1.0 1.0 1.541 0.558 0.36 0.614 1.452 0.01 0.012 0.004 0.015
1404.9 1.0 1.0 1.0 1.541 0.558 0.36 0.614 1.452 0.01 0.012 0.004 0.015
1405.0 1.0 1.0 1.0 1.541 0.558 0.36 0.614 1.452 0.01 0.012 0.004 0.015
1405.1 1.0 1.0 1.0 1.541 0.558 0.36 0.614 1.452 0.01 0.012 0.004 0.015
1405.2 1.0 1.0 1.0 1.541 0.558 0.36 0.614 1.452 0.01 0.012 0.004 0.015
1405.3 1.0 1.0 1.0 1.541 0.558 0.36 0.614 1.452 0.01 0.012 0.004 0.015
1405.4 1.0 1.0 1.0 1.541 0.558 0.36 0.614 1.452 0.01 0.012 0.004 0.015
1405.5 1.0 1.0 1.0 1.541 0.558 0.36 0.614 1.452 0.01 0.012 0.004 0.015
1405.6 1.0 1.0 1.0 1.541 0.558 0.36 0.614 1.452 0.01 0.012 0.004 0.015
1405.7 1.0 1.0 1.0 1.541 0.558 0.36 0.614 1.452 0.01 0.012 0.004 0.015
1405.8 1.0 1.0 1.0 1.541 0.558 0.36 0.614 1.452 0.01 0.012 0.004 0.015
1405.9 1.0 1.0 1.0 1.542 0.558 0.36 0.614 1.452 0.01 0.012 0.004 0.015
1406.0 1.0 1.0 1.0 1.542 0.558 0.36 0.614 1.452 0.01 0.012 0.004 0.015
1406.1 1.0 1.0 1.0 1.542 0.558 0.36 0.614 1.452 0.01 0.012 0.004 0.015
1406.2 1.0 1.0 1.0 1.542 0.558 0.36 0.614 1.452 0.01 0.012 0.004 0.015
1406.3 1.0 1.0 1.0 1.542 0.558 0.36 0.614 1.452 0.01 0.012 0.004 0.015
1406.4 1.0 1.0 1.0 1.542 0.558 0.36 0.614 1.452 0.01 0.012 0.004 0.015
1406.5 1.0 1.0 1.0 1.542 0.558 0.36 0.614 1.452 0.01 0.012 0.004 0.015
1406.6 1.0 1.0 1.0 1.542 0.558 0.36 0.614 1.452 0.01 0.012 0.004 0.015
1406.7 1.0 1.0 1.0 1.542 0.558 0.36 0.614 1.452 0.01 0.012 0.004 0.015
1406.8 1.0 1.0 1.0 1.542 0.558 0.36 0.614 1.452 0.01 0.012 0.004 0.015
1406.9 1.0 1.0 1.0 1.542 0.558 0.36 0.614 1.452 0.01 0.012 0.004 0.015
1407.0 1.0 1.0 1.0 1.543 0.558 0.36 0.614 1.452 0.01 0.012 0.004 0.015
1407.1 1.0 1.0 1.0 1.543 0.558 0.36 0.614 1.452 0.01 0.012 0.004 0.015
1407.2 1.0 1.0 1.0 1.543 0.558 0.36 0.614 1.452 0.01 0.012 0.004 0.015
1407.3 1.0 1.0 1.0 1.543 0.558 0.36 0.614 1.452 0.01 0.012 0.004 0.015
1407.4 1.0 1.0 1.0 1.543 0.558 0.36 0.614 1.452 0.01 0.012 0.004 0.015
1407.5 1.0 1.0 1.0 1.543 0.558 0.36 0.614 1.452 0.01 0.012 0.004 0.015
1407.6 1.0 1.0 1.0 1.543 0.558 0.36 0.614 1.452 0.01 0.012 0.004 0.015
1407.7 1.0 1.0 1.0 1.543 0.558 0.36 0.614 1.452 0.01 0.012 0.004 0.015
1407.8 1.0 1.0 1.0 1.543 0.558 0.36 0.614 1.452 0.01 0.012 0.004 0.015
1407.9 1.0 1.0 1.0 1.543 0.558 0.36 0.614 1.452 0.01 0.012 0.004 0.015
1408.0 1.0 1.0 1.0 1.543 0.558 0.36 0.614 1.452 0.01 0.012 0.004 0.015
1408.1 1.0 1.0 1.0 1.543 0.558 0.36 0.614 1.452 0.01 0.012 0.004 0.015
1408.2 1.0 1.0 1.0 1.543 0.558 0.36 0.614 1.452 0.01 0.012 0.004 0.015
1408.3 1.0 1.0 1.0 1.544 0.558 0.36 0.614 1.452 0.01 0.012 0.004 0.015
1408.4 1.0 1.0 1.0 1.544 0.558 0.36 0.614 1.452 0.01 0.012 0.004 0.015
1408.5 1.0 1.0 1.0 1.544 0.558 0.36 0.614 1.452 0.01 0.012 0.004 0.015
1408.6 1.0 1.0 1.0 1.544 0.558 0.36 0.614 1.452 0.01 0.012 0.004 0.015
1408.7 1.0 1.0 1.0 1.544 0.558 0.36 0.614 1.452 0.01 0.012 0.004 0.015
1408.8 1.0 1.0 1.0 1.544 0.558 0.36 0.614 1.452 0.01 0.012 0.004 0.015
1408.9 1.0 1.0 1.0 1.544 0.558 0.36 0.614 1.452 0.01 0.012 0.004 0.015
1409.0 1.0 1.0 1.0 1.544 0.558 0.36 0.614 1.452 0.01 0.012 0.004 0.015
1409.1 1.0 1.0 1.0 1.544 0.558 0.36 0.614 1.452 0.01 0.012 0.004 0.015
1409.2 1.0 1.0 1.0 1.544 0.558 0.36 0.614 1.452 0.01 0.012 0.004 0.015
1409.3 1.0 1.0 1.0 1.544 0.558 0.36 0.614 1.452 0.01 0.012 0.004 0.015
1409.4 1.0 1.0 1.0 1.544 0.558 0.36 0.614 1.452 0.01 0.012 0.004 0.015
1409.5 1.0 1.0 1.0 1.544 0.558 0.36 0.614 1.452 0.01 0.012 0.004 0.015
1409.6 1.0 1.0 1.0 1.544 0.558 0.36 0.614 1.452 0.01 0.012 0.004 0.015
1409.7 1.0 1.0 1.0 1.544 0.558 0.36 0.614 1.452 0.01 0.012 0.004 0.015
1409.8 1.0 1.0 1.0 1.545 0.558 0.36 0.614 1.452 0.01 0.012 0.004 0.015
1409.9 1.0 1.0 1.0 1.545 0.558 0.36 0.614 1.452 0.01 0.012 0.004 0.015
1410.0 1.0 1.0 1.0 1.545 0.558 0.36 0.614 1.452 0.01 0.012 0.004 0.015
1410.1 1.0 1.0 1.0 1.545 0.558 0.36 0.614 1.452 0.01 0.012 0.004 0.015
1410.2 1.0 1.0 1.0 1.545 0.558 0.36 0.614 1.452 0.01 0.012 0.004 0.015
1410.3 1.0 1.0 1.0 1.545 0.558 0.36 0.614 1.452 0.01 0.012 0.004 0.015
1410.4 1.0 1.0 1.0 1.545 0.558 0.36 0.614 1.452 0.01 0.012 0.004 0.015
1410.5 1.0 1.0 1.0 1.545 0.558 0.36 0.614 1.452 0.01 0.012 0.004 0.015
1410.6 1.0 1.0 1.0 1.545 0.559 0.36 0.614 1.452 0.01 0.012 0.004 0.015
1410.7 1.0 1.0 1.0 1.545 0.559 0.36 0.614 1.452 0.01 0.012 0.004 0.015
1410.8 1.0 1.0 1.0 1.545 0.559 0.36 0.614 1.452 0.01 0.012 0.004 0.015
1410.9 1.0 1.0 1.0 1.545 0.559 0.36 0.614 1.452 0.01 0.012 0.004 0.015
1411.0 1.0 1.0 1.0 1.545 0.559 0.36 0.614 1.452 0.01 0.012 0.004 0.015
1411.1 1.0 1.0 1.0 1.545 0.559 0.36 0.614 1.452 0.01 0.012 0.004 0.015
1411.2 1.0 1.0 1.0 1.545 0.559 0.36 0.614 1.452 0.01 0.012 0.004 0.015
1411.3 1.0 1.0 1.0 1.545 0.559 0.36 0.614 1.452 0.01 0.012 0.004 0.015
1411.4 1.0 1.0 1.0 1.545 0.559 0.36 0.614 1.452 0.01 0.012 0.004 0.015
1411.5 1.0 1.0 1.0 1.545 0.559 0.36 0.614 1.452 0.01 0.012 0.004 0.015
1411.6 1.0 1.0 1.0 1.546 0.559 0.36 0.614 1.452 0.01 0.012 0.004 0.015
1411.7 1.0 1.0 1.0 1.546 0.559 0.36 0.614 1.452 0.01 0.012 0.004 0.015
1411.8 1.0 1.0 1.0 1.546 0.559 0.36 0.614 1.452 0.01 0.012 0.004 0.015
1411.9 1.0 1.0 1.0 1.546 0.559 0.36 0.614 1.452 0.01 0.012 0.004 0.015
1412.0 1.0 1.0 1.0 1.546 0.559 0.36 0.614 1.452 0.01 0.012 0.004 0.015
1412.1 1.0 1.0 1.0 1.546 0.559 0.36 0.614 1.452 0.01 0.012 0.004 0.015
1412.2 1.0 1.0 1.0 1.546 0.559 0.36 0.614 1.452 0.01 0.012 0.004 0.015
1412.3 1.0 1.0 1.0 1.546 0.559 0.36 0.614 1.452 0.01 0.012 0.004 0.015
1412.4 1.0 1.0 1.0 1.546 0.559 0.36 0.614 1.452 0.01 0.012 0.004 0.015
1412.5 1.0 1.0 1.0 1.546 0.559 0.36 0.614 1.452 0.01 0.012 0.004 0.015
1412.6 1.0 1.0 1.0 1.546 0.559 0.36 0.614 1.452 0.01 0.012 0.004 0.015
1412.7 1.0 1.0 1.0 1.546 0.559 0.36 0.614 1.452 0.01 0.012 0.004 0.015
1412.8 1.0 1.0 1.0 1.546 0.559 0.36 0.614 1.452 0.01 0.012 0.004 0.015
1412.9 1.0 1.0 1.0 1.546 0.559 0.36 0.614 1.452 0.01 0.012 0.004 0.015
1413.0 1.0 1.0 1.0 1.546 0.559 0.361 0.614 1.452 0.01 0.012 0.004 0.015
1413.1 1.0 1.0 1.0 1.546 0.559 0.361 0.614 1.452 0.01 0.012 0.004 0.015
1413.2 1.0 1.0 1.0 1.546 0.559 0.361 0.614 1.452 0.01 0.012 0.004 0.015
1413.3 1.0 1.0 1.0 1.546 0.559 0.361 0.614 1.452 0.01 0.012 0.004 0.015
1413.4 1.0 1.0 1.0 1.546 0.559 0.361 0.614 1.452 0.01 0.012 0.004 0.015
1413.5 1.0 1.0 1.0 1.546 0.559 0.361 0.614 1.452 0.01 0.012 0.004 0.015
1413.6 1.0 1.0 1.0 1.546 0.559 0.361 0.614 1.452 0.01 0.012 0.004 0.015
1413.7 1.0 1.0 1.0 1.547 0.559 0.361 0.614 1.452 0.01 0.012 0.004 0.015
1413.8 1.0 1.0 1.0 1.547 0.559 0.361 0.614 1.452 0.01 0.012 0.004 0.015
1413.9 1.0 1.0 1.0 1.547 0.559 0.361 0.614 1.452 0.01 0.012 0.004 0.015
1414.0 1.0 1.0 1.0 1.547 0.559 0.361 0.614 1.452 0.01 0.012 0.004 0.015
1414.1 1.0 1.0 1.0 1.547 0.559 0.361 0.614 1.452 0.01 0.012 0.004 0.015
1414.2 1.0 1.0 1.0 1.547 0.559 0.361 0.614 1.452 0.01 0.012 0.004 0.015
1414.3 1.0 1.0 1.0 1.547 0.559 0.361 0.614 1.452 0.01 0.012 0.004 0.015
1414.4 1.0 1.0 1.0 1.547 0.559 0.361 0.614 1.452 0.01 0.012 0.004 0.015
1414.5 1.0 1.0 1.0 1.547 0.559 0.361 0.614 1.452 0.01 0.012 0.004 0.015
1414.6 1.0 1.0 1.0 1.547 0.559 0.361 0.614 1.452 0.01 0.012 0.004 0.015
1414.7 1.0 1.0 1.0 1.547 0.559 0.361 0.614 1.452 0.01 0.012 0.004 0.015
1414.8 1.0 1.0 1.0 1.547 0.559 0.361 0.614 1.452 0.01 0.012 0.004 0.015
1414.9 1.0 1.0 1.0 1.547 0.559 0.361 0.614 1.452 0.01 0.012 0.004 0.015
1415.0 1.0 1.0 1.0 1.547 0.559 0.361 0.614 1.452 0.01 0.012 0.004 0.015
1415.1 1.0 1.0 1.0 1.547 0.559 0.361 0.614 1.452 0.01 0.012 0.004 0.015
1415.2 1.0 1.0 1.0 1.547 0.559 0.361 0.614 1.452 0.01 0.012 0.004 0.015
1415.3 1.0 1.0 1.0 1.547 0.559 0.361 0.614 1.452 0.01 0.012 0.004 0.015
1415.4 1.0 1.0 1.0 1.547 0.559 0.361 0.614 1.452 0.01 0.012 0.004 0.015
1415.5 1.0 1.0 1.0 1.547 0.559 0.361 0.614 1.452 0.01 0.012 0.004 0.015
1415.6 1.0 1.0 1.0 1.547 0.559 0.361 0.614 1.452 0.01 0.012 0.004 0.015
1415.7 1.0 1.0 1.0 1.547 0.559 0.361 0.614 1.452 0.01 0.012 0.004 0.015
1415.8 1.0 1.0 1.0 1.547 0.559 0.361 0.614 1.452 0.01 0.012 0.004 0.015
1415.9 1.0 1.0 1.0 1.547 0.559 0.361 0.614 1.452 0.01 0.012 0.004 0.015
1416.0 1.0 1.0 1.0 1.547 0.559 0.361 0.614 1.452 0.01 0.012 0.004 0.015
1416.1 1.0 1.0 1.0 1.547 0.559 0.361 0.614 1.452 0.01 0.012 0.004 0.015
1416.2 1.0 1.0 1.0 1.547 0.559 0.361 0.614 1.452 0.01 0.012 0.004 0.015
1416.3 1.0 1.0 1.0 1.547 0.559 0.361 0.614 1.452 0.01 0.012 0.004 0.015
1416.4 1.0 1.0 1.0 1.548 0.559 0.361 0.614 1.452 0.01 0.012 0.004 0.015
1416.5 1.0 1.0 1.0 1.548 0.559 0.361 0.614 1.452 0.01 0.012 0.004 0.015
1416.6 1.0 1.0 1.0 1.548 0.559 0.361 0.614 1.452 0.01 0.012 0.004 0.015
1416.7 1.0 1.0 1.0 1.548 0.559 0.361 0.614 1.452 0.01 0.012 0.004 0.015
1416.8 1.0 1.0 1.0 1.548 0.559 0.361 0.614 1.452 0.01 0.012 0.004 0.015
1416.9 1.0 1.0 1.0 1.548 0.559 0.361 0.614 1.452 0.01 0.012 0.004 0.015
1417.0 1.0 1.0 1.0 1.548 0.559 0.361 0.614 1.452 0.01 0.012 0.004 0.015
1417.1 1.0 1.0 1.0 1.548 0.559 0.361 0.614 1.452 0.01 0.012 0.004 0.015
1417.2 1.0 1.0 1.0 1.548 0.559 0.361 0.614 1.452 0.01 0.012 0.004 0.015
1417.3 1.0 1.0 1.0 1.548 0.559 0.361 0.614 1.452 0.01 0.012 0.004 0.015
1417.4 1.0 1.0 1.0 1.548 0.559 0.361 0.614 1.452 0.01 0.012 0.004 0.015
1417.5 1.0 1.0 1.0 1.548 0.559 0.361 0.614 1.452 0.01 0.012 0.004 0.015
1417.6 1.0 1.0 1.0 1.548 0.559 0.361 0.614 1.452 0.01 0.012 0.004 0.015
1417.7 1.0 1.0 1.0 1.548 0.559 0.361 0.614 1.452 0.01 0.012 0.004 0.015
1417.8 1.0 1.0 1.0 1.548 0.559 0.361 0.614 1.452 0.01 0.012 0.004 0.015
1417.9 1.0 1.0 1.0 1.548 0.559 0.361 0.614 1.452 0.01 0.012 0.004 0.015
1418.0 1.0 1.0 1.0 1.548 0.559 0.361 0.614 1.452 0.01 0.012 0.004 0.015
1418.1 1.0 1.0 1.0 1.548 0.559 0.361 0.614 1.452 0.01 0.012 0.004 0.015
1418.2 1.0 1.0 1.0 1.548 0.559 0.361 0.614 1.452 0.01 0.012 0.004 0.015
1418.3 1.0 1.0 1.0 1.548 0.559 0.361 0.614 1.452 0.01 0.012 0.004 0.015
1418.4 1.0 1.0 1.0 1.548 0.559 0.361 0.614 1.452 0.01 0.012 0.004 0.015
1418.5 1.0 1.0 1.0 1.548 0.559 0.361 0.614 1.452 0.01 0.012 0.004 0.015
1418.6 1.0 1.0 1.0 1.548 0.559 0.361 0.614 1.452 0.01 0.012 0.004 0.015
1418.7 1.0 1.0 1.0 1.548 0.559 0.361 0.614 1.452 0.01 0.012 0.004 0.015
1418.8 1.0 1.0 1.0 1.548 0.559 0.361 0.614 1.452 0.01 0.012 0.004 0.015
1418.9 1.0 1.0 1.0 1.548 0.559 0.361 0.614 1.452 0.01 0.012 0.004 0.015
1419.0 1.0 1.0 1.0 1.548 0.559 0.361 0.614 1.452 0.01 0.012 0.004 0.015
1419.1 1.0 1.0 1.0 1.548 0.559 0.361 0.614 1.452 0.01 0.012 0.004 0.015
1419.2 1.0 1.0 1.0 1.548 0.559 0.361 0.614 1.452 0.01 0.012 0.004 0.015
1419.3 1.0 1.0 1.0 1.548 0.559 0.361 0.614 1.452 0.01 0.012 0.004 0.015
1419.4 1.0 1.0 1.0 1.548 0.559 0.361 0.614 1.452 0.01 0.012 0.004 0.015
1419.5 1.0 1.0 1.0 1.548 0.559 0.361 0.614 1.452 0.01 0.012 0.004 0.015
1419.6 1.0 1.0 1.0 1.548 0.559 0.361 0.614 1.452 0.01 0.012 0.004 0.015
1419.7 1.0 1.0 1.0 1.548 0.559 0.361 0.614 1.452 0.01 0.012 0.004 0.015
1419.8 1.0 1.0 1.0 1.548 0.559 0.361 0.614 1.452 0.01 0.012 0.004 0.015
1419.9 1.0 1.0 1.0 1.548 0.559 0.361 0.614 1.452 0.01 0.012 0.004 0.015
1420.0 1.0 1.0 1.0 1.548 0.559 0.361 0.614 1.452 0.01 0.012 0.004 0.015
1420.1 1.0 1.0 1.0 1.549 0.559 0.361 0.614 1.452 0.01 0.012 0.004 0.015
1420.2 1.0 1.0 1.0 1.549 0.559 0.361 0.614 1.452 0.01 0.012 0.004 0.015
1420.3 1.0 1.0 1.0 1.549 0.559 0.361 0.614 1.452 0.01 0.012 0.004 0.015
1420.4 1.0 1.0 1.0 1.549 0.559 0.361 0.614 1.452 0.01 0.012 0.004 0.015
1420.5 1.0 1.0 1.0 1.549 0.559 0.361 0.614 1.452 0.01 0.012 0.004 0.015
1420.6 1.0 1.0 1.0 1.549 0.559 0.361 0.614 1.452 0.01 0.012 0.004 0.015
1420.7 1.0 1.0 1.0 1.549 0.559 0.361 0.614 1.452 0.01 0.012 0.004 0.015
1420.8 1.0 1.0 1.0 1.549 0.559 0.361 0.614 1.452 0.01 0.012 0.004 0.015
1420.9 1.0 1.0 1.0 1.549 0.559 0.361 0.614 1.452 0.01 0.012 0.004 0.015
1421.0 1.0 1.0 1.0 1.549 0.559 0.361 0.614 1.452 0.01 0.012 0.004 0.015
1421.1 1.0 1.0 1.0 1.549 0.559 0.361 0.614 1.452 0.01 0.012 0.004 0.015
1421.2 1.0 1.0 1.0 1.549 0.559 0.361 0.614 1.452 0.01 0.012 0.004 0.015
1421.3 1.0 1.0 1.0 1.549 0.559 0.361 0.614 1.452 0.01 0.012 0.004 0.015
1421.4 1.0 1.0 1.0 1.549 0.559 0.361 0.614 1.452 0.01 0.012 0.004 0.015
1421.5 1.0 1.0 1.0 1.549 0.559 0.361 0.614 1.452 0.01 0.012 0.004 0.015
1421.6 1.0 1.0 1.0 1.549 0.559 0.361 0.614 1.452 0.01 0.012 0.004 0.015
1421.7 1.0 1.0 1.0 1.549 0.559 0.361 0.614 1.452 0.01 0.012 0.004 0.015
1421.8 1.0 1.0 1.0 1.549 0.559 0.361 0.614 1.452 0.01 0.012 0.004 0.015
1421.9 1.0 1.0 1.0 1.549 0.559 0.361 0.614 1.452 0.01 0.012 0.004 0.015
1422.0 1.0 1.0 1.0 1.549 0.559 0.361 0.614 1.452 0.01 0.012 0.004 0.015
1422.1 1.0 1.0 1.0 1.549 0.559 0.361 0.614 1.452 0.01 0.012 0.004 0.015
1422.2 1.0 1.0 1.0 1.549 0.559 0.361 0.614 1.452 0.01 0.012 0.004 0.015
1422.3 1.0 1.0 1.0 1.549 0.559 0.361 0.614 1.452 0.01 0.012 0.004 0.015
1422.4 1.0 1.0 1.0 1.549 0.559 0.361 0.614 1.452 0.01 0.012 0.004 0.015
1422.5 1.0 1.0 1.0 1.549 0.559 0.361 0.614 1.452 0.01 0.012 0.004 0.015
1422.6 1.0 1.0 1.0 1.549 0.559 0.361 0.614 1.452 0.01 0.012 0.004 0.015
1422.7 1.0 1.0 1.0 1.549 0.559 0.361 0.614 1.452 0.01 0.012 0.004 0.015
1422.8 1.0 1.0 1.0 1.549 0.559 0.361 0.614 1.452 0.01 0.012 0.004 0.015
1422.9 1.0 1.0 1.0 1.549 0.559 0.361 0.614 1.452 0.01 0.012 0.004 0.015
1423.0 1.0 1.0 1.0 1.549 0.559 0.361 0.614 1.452 0.01 0.012 0.004 0.015
1423.1 1.0 1.0 1.0 1.549 0.559 0.361 0.614 1.452 0.01 0.012 0.004 0.015
1423.2 1.0 1.0 1.0 1.549 0.559 0.361 0.614 1.452 0.01 0.012 0.004 0.015
1423.3 1.0 1.0 1.0 1.549 0.559 0.361 0.614 1.452 0.01 0.012 0.004 0.015
1423.4 1.0 1.0 1.0 1.549 0.559 0.361 0.614 1.452 0.01 0.012 0.004 0.015
1423.5 1.0 1.0 1.0 1.549 0.559 0.361 0.614 1.452 0.01 0.012 0.004 0.015
1423.6 1.0 1.0 1.0 1.549 0.559 0.361 0.614 1.452 0.01 0.012 0.004 0.015
1423.7 1.0 1.0 1.0 1.549 0.559 0.361 0.614 1.452 0.01 0.012 0.004 0.015
1423.8 1.0 1.0 1.0 1.549 0.559 0.361 0.614 1.452 0.01 0.012 0.004 0.015
1423.9 1.0 1.0 1.0 1.549 0.559 0.361 0.614 1.452 0.01 0.012 0.004 0.015
1424.0 1.0 1.0 1.0 1.549 0.559 0.361 0.614 1.452 0.01 0.012 0.004 0.015
1424.1 1.0 1.0 1.0 1.549 0.559 0.361 0.614 1.452 0.01 0.012 0.004 0.015
1424.2 1.0 1.0 1.0 1.549 0.559 0.361 0.614 1.452 0.01 0.012 0.004 0.015
1424.3 1.0 1.0 1.0 1.549 0.559 0.361 0.614 1.452 0.01 0.012 0.004 0.015
1424.4 1.0 1.0 1.0 1.549 0.559 0.361 0.614 1.452 0.01 0.012 0.004 0.015
1424.5 1.0 1.0 1.0 1.549 0.559 0.361 0.614 1.452 0.01 0.012 0.004 0.015
1424.6 1.0 1.0 1.0 1.549 0.559 0.361 0.614 1.452 0.01 0.012 0.004 0.015
1424.7 1.0 1.0 1.0 1.549 0.559 0.361 0.614 1.452 0.01 0.012 0.004 0.015
1424.8 1.0 1.0 1.0 1.549 0.559 0.361 0.614 1.452 0.01 0.012 0.004 0.015
1424.9 1.0 1.0 1.0 1.549 0.559 0.361 0.614 1.452 0.01 0.012 0.004 0.015
1425.0 1.0 1.0 1.0 1.549 0.559 0.361 0.614 1.452 0.01 0.012 0.004 0.015
1425.1 1.0 1.0 1.0 1.549 0.559 0.361 0.614 1.452 0.01 0.012 0.004 0.015
1425.2 1.0 1.0 1.0 1.549 0.559 0.361 0.614 1.452 0.01 0.012 0.004 0.015
1425.3 1.0 1.0 1.0 1.549 0.559 0.361 0.614 1.452 0.01 0.012 0.004 0.015
1425.4 1.0 1.0 1.0 1.549 0.559 0.361 0.614 1.452 0.01 0.012 0.004 0.015
1425.5 1.0 1.0 1.0 1.549 0.559 0.361 0.614 1.452 0.01 0.012 0.004 0.015
1425.6 1.0 1.0 1.0 1.549 0.559 0.361 0.614 1.452 0.01 0.012 0.004 0.015
1425.7 1.0 1.0 1.0 1.549 0.559 0.361 0.614 1.452 0.01 0.012 0.004 0.015
1425.8 1.0 1.0 1.0 1.549 0.559 0.361 0.614 1.452 0.01 0.012 0.004 0.015
1425.9 1.0 1.0 1.0 1.55 0.559 0.361 0.614 1.452 0.01 0.012 0.004 0.015
1426.0 1.0 1.0 1.0 1.55 0.559 0.361 0.614 1.452 0.01 0.012 0.004 0.015
1426.1 1.0 1.0 1.0 1.55 0.559 0.361 0.614 1.452 0.01 0.012 0.004 0.015
1426.2 1.0 1.0 1.0 1.55 0.559 0.361 0.614 1.452 0.01 0.012 0.004 0.015
1426.3 1.0 1.0 1.0 1.55 0.559 0.361 0.614 1.452 0.01 0.012 0.004 0.015
1426.4 1.0 1.0 1.0 1.55 0.559 0.361 0.614 1.452 0.01 0.012 0.004 0.015
1426.5 1.0 1.0 1.0 1.55 0.559 0.361 0.614 1.452 0.01 0.012 0.004 0.015
1426.6 1.0 1.0 1.0 1.55 0.559 0.361 0.614 1.452 0.01 0.012 0.004 0.015
1426.7 1.0 1.0 1.0 1.55 0.559 0.361 0.614 1.452 0.01 0.012 0.004 0.015
1426.8 1.0 1.0 1.0 1.55 0.559 0.361 0.614 1.452 0.01 0.012 0.004 0.015
1426.9 1.0 1.0 1.0 1.55 0.559 0.361 0.614 1.452 0.01 0.012 0.004 0.015
1427.0 1.0 1.0 1.0 1.55 0.559 0.361 0.614 1.452 0.01 0.012 0.004 0.015
1427.1 1.0 1.0 1.0 1.55 0.559 0.361 0.614 1.452 0.01 0.012 0.004 0.015
1427.2 1.0 1.0 1.0 1.55 0.559 0.361 0.614 1.452 0.01 0.012 0.004 0.015
1427.3 1.0 1.0 1.0 1.55 0.559 0.361 0.614 1.452 0.01 0.012 0.004 0.015
1427.4 1.0 1.0 1.0 1.55 0.559 0.361 0.614 1.452 0.01 0.012 0.004 0.015
1427.5 1.0 1.0 1.0 1.55 0.559 0.361 0.614 1.452 0.01 0.012 0.004 0.015
1427.6 1.0 1.0 1.0 1.55 0.559 0.361 0.614 1.452 0.01 0.012 0.004 0.015
1427.7 1.0 1.0 1.0 1.55 0.559 0.361 0.614 1.452 0.01 0.012 0.004 0.015
1427.8 1.0 1.0 1.0 1.55 0.559 0.361 0.614 1.452 0.01 0.012 0.004 0.015
1427.9 1.0 1.0 1.0 1.55 0.559 0.361 0.614 1.452 0.01 0.012 0.004 0.015
1428.0 1.0 1.0 1.0 1.55 0.559 0.361 0.614 1.452 0.01 0.012 0.004 0.015
1428.1 1.0 1.0 1.0 1.55 0.559 0.361 0.614 1.452 0.01 0.012 0.004 0.015
1428.2 1.0 1.0 1.0 1.55 0.559 0.361 0.614 1.452 0.01 0.012 0.004 0.015
1428.3 1.0 1.0 1.0 1.55 0.559 0.361 0.614 1.452 0.01 0.012 0.004 0.015
1428.4 1.0 1.0 1.0 1.55 0.559 0.361 0.614 1.452 0.01 0.012 0.004 0.015
1428.5 1.0 1.0 1.0 1.55 0.559 0.361 0.614 1.452 0.01 0.012 0.004 0.015
1428.6 1.0 1.0 1.0 1.55 0.559 0.361 0.614 1.452 0.01 0.012 0.004 0.015
1428.7 1.0 1.0 1.0 1.55 0.559 0.361 0.614 1.452 0.01 0.012 0.004 0.015
1428.8 1.0 1.0 1.0 1.55 0.559 0.361 0.614 1.452 0.01 0.012 0.004 0.015
1428.9 1.0 1.0 1.0 1.55 0.559 0.361 0.614 1.452 0.01 0.012 0.004 0.015
1429.0 1.0 1.0 1.0 1.55 0.559 0.361 0.614 1.452 0.01 0.012 0.004 0.015
1429.1 1.0 1.0 1.0 1.55 0.559 0.361 0.614 1.452 0.01 0.012 0.004 0.015
1429.2 1.0 1.0 1.0 1.55 0.559 0.361 0.614 1.452 0.01 0.012 0.004 0.015
1429.3 1.0 1.0 1.0 1.55 0.559 0.361 0.614 1.452 0.01 0.012 0.004 0.015
1429.4 1.0 1.0 1.0 1.55 0.559 0.361 0.614 1.452 0.01 0.012 0.004 0.015
1429.5 1.0 1.0 1.0 1.55 0.559 0.361 0.614 1.452 0.01 0.012 0.004 0.015
1429.6 1.0 1.0 1.0 1.55 0.559 0.361 0.614 1.452 0.01 0.012 0.004 0.015
1429.7 1.0 1.0 1.0 1.55 0.559 0.361 0.614 1.452 0.01 0.012 0.004 0.015
1429.8 1.0 1.0 1.0 1.55 0.559 0.361 0.614 1.452 0.01 0.012 0.004 0.015
1429.9 1.0 1.0 1.0 1.55 0.559 0.361 0.614 1.452 0.01 0.012 0.004 0.015
1430.0 1.0 1.0 1.0 1.55 0.559 0.361 0.614 1.452 0.01 0.012 0.004 0.015
1430.1 1.0 1.0 1.0 1.55 0.559 0.361 0.614 1.452 0.01 0.012 0.004 0.015
1430.2 1.0 1.0 1.0 1.55 0.559 0.361 0.614 1.452 0.01 0.012 0.004 0.015
1430.3 1.0 1.0 1.0 1.55 0.559 0.361 0.614 1.452 0.01 0.012 0.004 0.015
1430.4 1.0 1.0 1.0 1.55 0.559 0.361 0.614 1.452 0.01 0.012 0.004 0.015
1430.5 1.0 1.0 1.0 1.55 0.559 0.361 0.614 1.452 0.01 0.012 0.004 0.015
1430.6 1.0 1.0 1.0 1.55 0.559 0.361 0.614 1.452 0.01 0.012 0.004 0.015
1430.7 1.0 1.0 1.0 1.55 0.559 0.361 0.614 1.452 0.01 0.012 0.004 0.015
1430.8 1.0 1.0 1.0 1.55 0.559 0.361 0.614 1.452 0.01 0.012 0.004 0.015
1430.9 1.0 1.0 1.0 1.55 0.559 0.361 0.614 1.452 0.01 0.012 0.004 0.015
1431.0 1.0 1.0 1.0 1.55 0.559 0.361 0.614 1.452 0.01 0.012 0.004 0.015
1431.1 1.0 1.0 1.0 1.55 0.559 0.361 0.614 1.452 0.01 0.012 0.004 0.015
1431.2 1.0 1.0 1.0 1.55 0.559 0.361 0.614 1.452 0.01 0.012 0.004 0.015
1431.3 1.0 1.0 1.0 1.55 0.559 0.361 0.614 1.452 0.01 0.012 0.004 0.015
1431.4 1.0 1.0 1.0 1.55 0.559 0.361 0.614 1.452 0.01 0.012 0.004 0.015
1431.5 1.0 1.0 1.0 1.55 0.559 0.361 0.614 1.452 0.01 0.012 0.004 0.015
1431.6 1.0 1.0 1.0 1.55 0.559 0.361 0.614 1.452 0.01 0.012 0.004 0.015
1431.7 1.0 1.0 1.0 1.55 0.559 0.361 0.614 1.452 0.01 0.012 0.004 0.015
1431.8 1.0 1.0 1.0 1.55 0.559 0.361 0.614 1.452 0.01 0.012 0.004 0.015
1431.9 1.0 1.0 1.0 1.55 0.559 0.361 0.614 1.452 0.01 0.012 0.004 0.015
1432.0 1.0 1.0 1.0 1.55 0.559 0.361 0.614 1.452 0.01 0.012 0.004 0.015
1432.1 1.0 1.0 1.0 1.55 0.559 0.361 0.614 1.452 0.01 0.012 0.004 0.015
1432.2 1.0 1.0 1.0 1.55 0.559 0.361 0.614 1.452 0.01 0.012 0.004 0.015
1432.3 1.0 1.0 1.0 1.55 0.559 0.361 0.614 1.452 0.01 0.012 0.004 0.015
1432.4 1.0 1.0 1.0 1.55 0.559 0.361 0.614 1.452 0.01 0.012 0.004 0.015
1432.5 1.0 1.0 1.0 1.55 0.559 0.361 0.614 1.452 0.01 0.012 0.004 0.015
1432.6 1.0 1.0 1.0 1.55 0.559 0.361 0.614 1.452 0.01 0.012 0.004 0.015
1432.7 1.0 1.0 1.0 1.55 0.559 0.361 0.614 1.452 0.01 0.012 0.004 0.015
1432.8 1.0 1.0 1.0 1.55 0.559 0.361 0.614 1.452 0.01 0.012 0.004 0.015
1432.9 1.0 1.0 1.0 1.55 0.559 0.361 0.614 1.452 0.01 0.012 0.004 0.015
1433.0 1.0 1.0 1.0 1.55 0.559 0.361 0.614 1.452 0.01 0.012 0.004 0.015
1433.1 1.0 1.0 1.0 1.55 0.56 0.361 0.614 1.452 0.01 0.012 0.004 0.015
1433.2 1.0 1.0 1.0 1.55 0.56 0.361 0.614 1.452 0.01 0.012 0.004 0.015
1433.3 1.0 1.0 1.0 1.55 0.56 0.361 0.614 1.452 0.01 0.012 0.004 0.015
1433.4 1.0 1.0 1.0 1.55 0.56 0.361 0.614 1.452 0.01 0.012 0.004 0.015
1433.5 1.0 1.0 1.0 1.55 0.56 0.361 0.614 1.452 0.01 0.012 0.004 0.015
1433.6 1.0 1.0 1.0 1.55 0.56 0.361 0.614 1.452 0.01 0.012 0.004 0.015
1433.7 1.0 1.0 1.0 1.55 0.56 0.361 0.614 1.452 0.01 0.012 0.004 0.015
1433.8 1.0 1.0 1.0 1.55 0.56 0.361 0.614 1.452 0.01 0.012 0.004 0.015
1433.9 1.0 1.0 1.0 1.55 0.56 0.361 0.614 1.452 0.01 0.012 0.004 0.015
1434.0 1.0 1.0 1.0 1.55 0.56 0.361 0.614 1.452 0.01 0.012 0.004 0.015
1434.1 1.0 1.0 1.0 1.55 0.56 0.361 0.614 1.452 0.01 0.012 0.004 0.015
1434.2 1.0 1.0 1.0 1.55 0.56 0.361 0.614 1.452 0.01 0.012 0.004 0.015
1434.3 1.0 1.0 1.0 1.55 0.56 0.361 0.614 1.452 0.01 0.012 0.004 0.015
1434.4 1.0 1.0 1.0 1.55 0.56 0.361 0.614 1.452 0.01 0.012 0.004 0.015
1434.5 1.0 1.0 1.0 1.55 0.56 0.361 0.614 1.452 0.01 0.012 0.004 0.015
1434.6 1.0 1.0 1.0 1.55 0.56 0.361 0.614 1.452 0.01 0.012 0.004 0.015
1434.7 1.0 1.0 1.0 1.55 0.56 0.361 0.614 1.452 0.01 0.012 0.004 0.015
1434.8 1.0 1.0 1.0 1.55 0.56 0.361 0.614 1.452 0.01 0.012 0.004 0.015
1434.9 1.0 1.0 1.0 1.55 0.56 0.361 0.614 1.452 0.01 0.012 0.004 0.015
1435.0 1.0 1.0 1.0 1.55 0.56 0.361 0.614 1.452 0.01 0.012 0.004 0.015
1435.1 1.0 1.0 1.0 1.55 0.56 0.361 0.614 1.452 0.01 0.012 0.004 0.015
1435.2 1.0 1.0 1.0 1.55 0.56 0.361 0.614 1.452 0.01 0.012 0.004 0.015
1435.3 1.0 1.0 1.0 1.55 0.56 0.361 0.614 1.452 0.01 0.012 0.004 0.015
1435.4 1.0 1.0 1.0 1.55 0.56 0.361 0.614 1.452 0.01 0.012 0.004 0.015
1435.5 1.0 1.0 1.0 1.55 0.56 0.361 0.614 1.452 0.01 0.012 0.004 0.015
1435.6 1.0 1.0 1.0 1.55 0.56 0.361 0.614 1.452 0.01 0.012 0.004 0.015
1435.7 1.0 1.0 1.0 1.55 0.56 0.361 0.614 1.452 0.01 0.012 0.004 0.015
1435.8 1.0 1.0 1.0 1.55 0.56 0.361 0.614 1.452 0.01 0.012 0.004 0.015
1435.9 1.0 1.0 1.0 1.55 0.56 0.361 0.614 1.452 0.01 0.012 0.004 0.015
1436.0 1.0 1.0 1.0 1.55 0.56 0.361 0.614 1.452 0.01 0.012 0.004 0.015
1436.1 1.0 1.0 1.0 1.55 0.56 0.361 0.614 1.452 0.01 0.012 0.004 0.015
1436.2 1.0 1.0 1.0 1.55 0.56 0.361 0.614 1.452 0.01 0.012 0.004 0.015
1436.3 1.0 1.0 1.0 1.55 0.56 0.361 0.614 1.452 0.01 0.012 0.004 0.015
1436.4 1.0 1.0 1.0 1.55 0.56 0.361 0.614 1.452 0.01 0.012 0.004 0.015
1436.5 1.0 1.0 1.0 1.55 0.56 0.361 0.614 1.452 0.01 0.012 0.004 0.015
1436.6 1.0 1.0 1.0 1.55 0.56 0.361 0.614 1.452 0.01 0.012 0.004 0.015
1436.7 1.0 1.0 1.0 1.55 0.56 0.361 0.614 1.452 0.01 0.012 0.004 0.015
1436.8 1.0 1.0 1.0 1.55 0.56 0.361 0.614 1.452 0.01 0.012 0.004 0.015
1436.9 1.0 1.0 1.0 1.55 0.56 0.361 0.614 1.452 0.01 0.012 0.004 0.015
1437.0 1.0 1.0 1.0 1.55 0.56 0.361 0.614 1.452 0.01 0.012 0.004 0.015
1437.1 1.0 1.0 1.0 1.55 0.56 0.361 0.614 1.452 0.01 0.012 0.004 0.015
1437.2 1.0 1.0 1.0 1.55 0.56 0.361 0.614 1.452 0.01 0.012 0.004 0.015
1437.3 1.0 1.0 1.0 1.55 0.56 0.361 0.614 1.452 0.01 0.012 0.004 0.015
1437.4 1.0 1.0 1.0 1.55 0.56 0.361 0.614 1.452 0.01 0.012 0.004 0.015
1437.5 1.0 1.0 1.0 1.55 0.56 0.361 0.614 1.452 0.01 0.012 0.004 0.015
1437.6 1.0 1.0 1.0 1.55 0.56 0.361 0.614 1.452 0.01 0.012 0.004 0.015
1437.7 1.0 1.0 1.0 1.55 0.56 0.361 0.614 1.452 0.01 0.012 0.004 0.015
1437.8 1.0 1.0 1.0 1.55 0.56 0.361 0.614 1.452 0.01 0.012 0.004 0.015
1437.9 1.0 1.0 1.0 1.55 0.56 0.361 0.614 1.452 0.01 0.012 0.004 0.015
1438.0 1.0 1.0 1.0 1.55 0.56 0.361 0.614 1.452 0.01 0.012 0.004 0.015
1438.1 1.0 1.0 1.0 1.55 0.56 0.361 0.614 1.452 0.01 0.012 0.004 0.015
1438.2 1.0 1.0 1.0 1.55 0.56 0.361 0.614 1.452 0.01 0.012 0.004 0.015
1438.3 1.0 1.0 1.0 1.55 0.56 0.361 0.614 1.452 0.01 0.012 0.004 0.015
1438.4 1.0 1.0 1.0 1.55 0.56 0.361 0.614 1.452 0.01 0.012 0.004 0.015
1438.5 1.0 1.0 1.0 1.55 0.56 0.361 0.614 1.452 0.01 0.012 0.004 0.015
1438.6 1.0 1.0 1.0 1.55 0.56 0.361 0.614 1.452 0.01 0.012 0.004 0.015
1438.7 1.0 1.0 1.0 1.55 0.56 0.361 0.614 1.452 0.01 0.012 0.004 0.015
1438.8 1.0 1.0 1.0 1.55 0.56 0.361 0.614 1.452 0.01 0.012 0.004 0.015
1438.9 1.0 1.0 1.0 1.55 0.56 0.361 0.614 1.452 0.01 0.012 0.004 0.015
1439.0 1.0 1.0 1.0 1.55 0.56 0.361 0.614 1.452 0.01 0.012 0.004 0.015
1439.1 1.0 1.0 1.0 1.55 0.56 0.361 0.614 1.452 0.01 0.012 0.004 0.015
1439.2 1.0 1.0 1.0 1.55 0.56 0.361 0.614 1.452 0.01 0.012 0.004 0.015
1439.3 1.0 1.0 1.0 1.55 0.56 0.361 0.614 1.452 0.01 0.012 0.004 0.015
1439.4 1.0 1.0 1.0 1.55 0.56 0.361 0.614 1.452 0.01 0.012 0.004 0.015
1439.5 1.0 1.0 1.0 1.55 0.56 0.361 0.614 1.452 0.01 0.012 0.004 0.015
1439.6 1.0 1.0 1.0 1.55 0.56 0.361 0.614 1.452 0.01 0.012 0.004 0.015
1439.7 1.0 1.0 1.0 1.55 0.56 0.361 0.614 1.452 0.01 0.012 0.004 0.015
1439.8 1.0 1.0 1.0 1.55 0.56 0.361 0.614 1.452 0.01 0.012 0.004 0.015
1439.9 1.0 1.0 1.0 1.55 0.56 0.361 0.614 1.452 0.01 0.012 0.004 0.015
1440.0 1.0 1.0 1.0 1.55 0.56 0.361 0.614 1.452 0.01 0.012 0.004 0.015
1440.1 1.0 1.0 1.0 1.55 0.56 0.361 0.614 1.452 0.01 0.012 0.004 0.015
1440.2 1.0 1.0 1.0 1.55 0.56 0.361 0.614 1.452 0.01 0.012 0.004 0.015
1440.3 1.0 1.0 1.0 1.55 0.56 0.361 0.614 1.452 0.01 0.012 0.004 0.015
1440.4 1.0 1.0 1.0 1.55 0.56 0.361 0.614 1.452 0.01 0.012 0.004 0.015
1440.5 1.0 1.0 1.0 1.55 0.56 0.361 0.614 1.452 0.01 0.012 0.004 0.015
1440.6 1.0 1.0 1.0 1.55 0.56 0.361 0.614 1.452 0.01 0.012 0.004 0.015
1440.7 1.0 1.0 1.0 1.55 0.56 0.361 0.614 1.452 0.01 0.012 0.004 0.015
1440.8 1.0 1.0 1.0 1.55 0.56 0.361 0.614 1.452 0.01 0.012 0.004 0.015
1440.9 1.0 1.0 1.0 1.551 0.56 0.361 0.614 1.452 0.01 0.012 0.004 0.015
1441.0 1.0 1.0 1.0 1.551 0.56 0.361 0.614 1.452 0.01 0.012 0.004 0.015
1441.1 1.0 1.0 1.0 1.551 0.56 0.361 0.614 1.452 0.01 0.012 0.004 0.015
1441.2 1.0 1.0 1.0 1.551 0.56 0.361 0.614 1.452 0.01 0.012 0.004 0.015
1441.3 1.0 1.0 1.0 1.551 0.56 0.361 0.614 1.452 0.01 0.012 0.004 0.015
1441.4 1.0 1.0 1.0 1.551 0.56 0.361 0.614 1.452 0.01 0.012 0.004 0.015
1441.5 1.0 1.0 1.0 1.551 0.56 0.361 0.614 1.452 0.01 0.012 0.004 0.015
1441.6 1.0 1.0 1.0 1.551 0.56 0.361 0.614 1.452 0.01 0.012 0.004 0.015
1441.7 1.0 1.0 1.0 1.551 0.56 0.361 0.614 1.452 0.01 0.012 0.004 0.015
1441.8 1.0 1.0 1.0 1.551 0.56 0.361 0.614 1.452 0.01 0.012 0.004 0.015
1441.9 1.0 1.0 1.0 1.551 0.56 0.361 0.614 1.452 0.01 0.012 0.004 0.015
1442.0 1.0 1.0 1.0 1.551 0.56 0.361 0.614 1.452 0.01 0.012 0.004 0.015
1442.1 1.0 1.0 1.0 1.551 0.56 0.361 0.614 1.452 0.01 0.012 0.004 0.015
1442.2 1.0 1.0 1.0 1.551 0.56 0.361 0.614 1.452 0.01 0.012 0.004 0.015
1442.3 1.0 1.0 1.0 1.551 0.56 0.361 0.614 1.452 0.01 0.012 0.004 0.015
1442.4 1.0 1.0 1.0 1.551 0.56 0.361 0.614 1.452 0.01 0.012 0.004 0.015
1442.5 1.0 1.0 1.0 1.551 0.56 0.361 0.614 1.452 0.01 0.012 0.004 0.015
1442.6 1.0 1.0 1.0 1.551 0.56 0.361 0.614 1.452 0.01 0.012 0.004 0.015
1442.7 1.0 1.0 1.0 1.551 0.56 0.361 0.614 1.452 0.01 0.012 0.004 0.015
1442.8 1.0 1.0 1.0 1.551 0.56 0.361 0.614 1.452 0.01 0.012 0.004 0.015
1442.9 1.0 1.0 1.0 1.551 0.56 0.361 0.614 1.452 0.01 0.012 0.004 0.015
1443.0 1.0 1.0 1.0 1.551 0.56 0.361 0.614 1.452 0.01 0.012 0.004 0.015
1443.1 1.0 1.0 1.0 1.551 0.56 0.361 0.614 1.452 0.01 0.012 0.004 0.015
1443.2 1.0 1.0 1.0 1.551 0.56 0.361 0.614 1.452 0.01 0.012 0.004 0.015
1443.3 1.0 1.0 1.0 1.551 0.56 0.361 0.614 1.452 0.01 0.012 0.004 0.015
1443.4 1.0 1.0 1.0 1.551 0.56 0.361 0.614 1.452 0.01 0.012 0.004 0.015
1443.5 1.0 1.0 1.0 1.551 0.56 0.361 0.614 1.452 0.01 0.012 0.004 0.015
1443.6 1.0 1.0 1.0 1.551 0.56 0.361 0.614 1.452 0.01 0.012 0.004 0.015
1443.7 1.0 1.0 1.0 1.551 0.56 0.361 0.614 1.452 0.01 0.012 0.004 0.015
1443.8 1.0 1.0 1.0 1.551 0.56 0.361 0.614 1.452 0.01 0.012 0.004 0.015
1443.9 1.0 1.0 1.0 1.551 0.56 0.361 0.614 1.452 0.01 0.012 0.004 0.015
1444.0 1.0 1.0 1.0 1.551 0.56 0.361 0.614 1.452 0.01 0.012 0.004 0.015
1444.1 1.0 1.0 1.0 1.551 0.56 0.361 0.614 1.452 0.01 0.012 0.004 0.015
1444.2 1.0 1.0 1.0 1.551 0.56 0.361 0.614 1.452 0.01 0.012 0.004 0.015
1444.3 1.0 1.0 1.0 1.551 0.56 0.361 0.614 1.452 0.01 0.012 0.004 0.015
1444.4 1.0 1.0 1.0 1.551 0.56 0.361 0.614 1.452 0.01 0.012 0.004 0.015
1444.5 1.0 1.0 1.0 1.551 0.56 0.361 0.614 1.452 0.01 0.012 0.004 0.015
1444.6 1.0 1.0 1.0 1.551 0.56 0.361 0.614 1.452 0.01 0.012 0.004 0.015
1444.7 1.0 1.0 1.0 1.551 0.56 0.361 0.614 1.452 0.01 0.012 0.004 0.015
1444.8 1.0 1.0 1.0 1.551 0.56 0.361 0.614 1.452 0.01 0.012 0.004 0.015
1444.9 1.0 1.0 1.0 1.551 0.56 0.361 0.614 1.452 0.01 0.012 0.004 0.015
1445.0 1.0 1.0 1.0 1.551 0.56 0.361 0.614 1.452 0.01 0.012 0.004 0.015
1445.1 1.0 1.0 1.0 1.551 0.56 0.361 0.614 1.452 0.01 0.012 0.004 0.015
1445.2 1.0 1.0 1.0 1.551 0.56 0.361 0.614 1.452 0.01 0.012 0.004 0.015
1445.3 1.0 1.0 1.0 1.551 0.56 0.361 0.614 1.452 0.01 0.012 0.004 0.015
1445.4 1.0 1.0 1.0 1.551 0.56 0.361 0.614 1.452 0.01 0.012 0.004 0.015
1445.5 1.0 1.0 1.0 1.551 0.56 0.361 0.614 1.452 0.01 0.012 0.004 0.015
1445.6 1.0 1.0 1.0 1.551 0.56 0.361 0.614 1.452 0.01 0.012 0.004 0.015
1445.7 1.0 1.0 1.0 1.551 0.56 0.361 0.614 1.452 0.01 0.012 0.004 0.015
1445.8 1.0 1.0 1.0 1.551 0.56 0.361 0.614 1.452 0.01 0.012 0.004 0.015
1445.9 1.0 1.0 1.0 1.551 0.56 0.361 0.614 1.452 0.01 0.012 0.004 0.015
1446.0 1.0 1.0 1.0 1.551 0.56 0.361 0.614 1.452 0.01 0.012 0.004 0.015
1446.1 1.0 1.0 1.0 1.551 0.56 0.361 0.614 1.452 0.01 0.012 0.004 0.015
1446.2 1.0 1.0 1.0 1.551 0.56 0.361 0.614 1.452 0.01 0.012 0.004 0.015
1446.3 1.0 1.0 1.0 1.551 0.56 0.361 0.614 1.452 0.01 0.012 0.004 0.015
1446.4 1.0 1.0 1.0 1.551 0.56 0.361 0.614 1.452 0.01 0.012 0.004 0.015
1446.5 1.0 1.0 1.0 1.551 0.56 0.361 0.614 1.452 0.01 0.012 0.004 0.015
1446.6 1.0 1.0 1.0 1.551 0.56 0.361 0.614 1.452 0.01 0.012 0.004 0.015
1446.7 1.0 1.0 1.0 1.551 0.56 0.361 0.614 1.452 0.01 0.012 0.004 0.015
1446.8 1.0 1.0 1.0 1.551 0.56 0.361 0.614 1.452 0.01 0.012 0.004 0.015
1446.9 1.0 1.0 1.0 1.551 0.56 0.361 0.614 1.452 0.01 0.012 0.004 0.015
1447.0 1.0 1.0 1.0 1.551 0.56 0.361 0.614 1.452 0.01 0.012 0.004 0.015
1447.1 1.0 1.0 1.0 1.551 0.56 0.361 0.614 1.452 0.01 0.012 0.004 0.015
1447.2 1.0 1.0 1.0 1.551 0.56 0.361 0.614 1.452 0.01 0.012 0.004 0.015
1447.3 1.0 1.0 1.0 1.551 0.56 0.361 0.614 1.452 0.01 0.012 0.004 0.015
1447.4 1.0 1.0 1.0 1.551 0.56 0.361 0.614 1.452 0.01 0.012 0.004 0.015
1447.5 1.0 1.0 1.0 1.551 0.56 0.361 0.614 1.452 0.01 0.012 0.004 0.015
1447.6 1.0 1.0 1.0 1.551 0.56 0.361 0.614 1.452 0.01 0.012 0.004 0.015
1447.7 1.0 1.0 1.0 1.551 0.56 0.361 0.614 1.452 0.01 0.012 0.004 0.015
1447.8 1.0 1.0 1.0 1.551 0.56 0.361 0.614 1.452 0.01 0.012 0.004 0.015
1447.9 1.0 1.0 1.0 1.551 0.56 0.361 0.614 1.452 0.01 0.012 0.004 0.015
1448.0 1.0 1.0 1.0 1.551 0.56 0.361 0.614 1.452 0.01 0.012 0.004 0.015
1448.1 1.0 1.0 1.0 1.551 0.56 0.361 0.614 1.452 0.01 0.012 0.004 0.015
1448.2 1.0 1.0 1.0 1.551 0.56 0.361 0.614 1.452 0.01 0.012 0.004 0.015
1448.3 1.0 1.0 1.0 1.551 0.56 0.361 0.614 1.452 0.01 0.012 0.004 0.015
1448.4 1.0 1.0 1.0 1.551 0.56 0.361 0.614 1.452 0.01 0.012 0.004 0.015
1448.5 1.0 1.0 1.0 1.551 0.56 0.361 0.614 1.452 0.01 0.012 0.004 0.015
1448.6 1.0 1.0 1.0 1.551 0.56 0.361 0.614 1.452 0.01 0.012 0.004 0.015
1448.7 1.0 1.0 1.0 1.551 0.56 0.361 0.614 1.452 0.01 0.012 0.004 0.015
1448.8 1.0 1.0 1.0 1.551 0.56 0.361 0.614 1.452 0.01 0.012 0.004 0.015
1448.9 1.0 1.0 1.0 1.551 0.56 0.361 0.614 1.452 0.01 0.012 0.004 0.015
1449.0 1.0 1.0 1.0 1.551 0.56 0.361 0.614 1.452 0.01 0.012 0.004 0.015
1449.1 1.0 1.0 1.0 1.551 0.56 0.361 0.614 1.452 0.01 0.012 0.004 0.015
1449.2 1.0 1.0 1.0 1.551 0.56 0.361 0.614 1.452 0.01 0.012 0.004 0.015
1449.3 1.0 1.0 1.0 1.551 0.56 0.361 0.614 1.452 0.01 0.012 0.004 0.015
1449.4 1.0 1.0 1.0 1.551 0.56 0.361 0.614 1.452 0.01 0.012 0.004 0.015
1449.5 1.0 1.0 1.0 1.551 0.56 0.361 0.614 1.452 0.01 0.012 0.004 0.015
1449.6 1.0 1.0 1.0 1.551 0.56 0.361 0.614 1.452 0.01 0.012 0.004 0.015
1449.7 1.0 1.0 1.0 1.551 0.56 0.361 0.614 1.452 0.01 0.012 0.004 0.015
1449.8 1.0 1.0 1.0 1.551 0.56 0.361 0.614 1.452 0.01 0.012 0.004 0.015
1449.9 1.0 1.0 1.0 1.551 0.56 0.361 0.614 1.452 0.01 0.012 0.004 0.015
1450.0 1.0 1.0 1.0 1.551 0.56 0.361 0.614 1.452 0.01 0.012 0.004 0.015
1450.1 1.0 1.0 1.0 1.551 0.56 0.361 0.614 1.452 0.01 0.012 0.004 0.015
1450.2 1.0 1.0 1.0 1.551 0.56 0.361 0.614 1.452 0.01 0.012 0.004 0.015
1450.3 1.0 1.0 1.0 1.551 0.56 0.361 0.614 1.452 0.01 0.012 0.004 0.015
1450.4 1.0 1.0 1.0 1.551 0.56 0.361 0.614 1.452 0.01 0.012 0.004 0.015
1450.5 1.0 1.0 1.0 1.551 0.56 0.361 0.614 1.452 0.01 0.012 0.004 0.015
1450.6 1.0 1.0 1.0 1.551 0.56 0.361 0.614 1.452 0.01 0.012 0.004 0.015
1450.7 1.0 1.0 1.0 1.551 0.56 0.361 0.614 1.452 0.01 0.012 0.004 0.015
1450.8 1.0 1.0 1.0 1.551 0.56 0.361 0.614 1.452 0.01 0.012 0.004 0.015
1450.9 1.0 1.0 1.0 1.551 0.56 0.361 0.614 1.452 0.01 0.012 0.004 0.015
1451.0 1.0 1.0 1.0 1.551 0.56 0.361 0.614 1.452 0.01 0.012 0.004 0.015
1451.1 1.0 1.0 1.0 1.551 0.56 0.361 0.614 1.452 0.01 0.012 0.004 0.015
1451.2 1.0 1.0 1.0 1.551 0.56 0.361 0.614 1.452 0.01 0.012 0.004 0.015
1451.3 1.0 1.0 1.0 1.551 0.56 0.361 0.614 1.452 0.01 0.012 0.004 0.015
1451.4 1.0 1.0 1.0 1.551 0.56 0.361 0.614 1.452 0.01 0.012 0.004 0.015
1451.5 1.0 1.0 1.0 1.551 0.56 0.361 0.614 1.452 0.01 0.012 0.004 0.015
1451.6 1.0 1.0 1.0 1.551 0.56 0.361 0.614 1.452 0.01 0.012 0.004 0.015
1451.7 1.0 1.0 1.0 1.551 0.56 0.361 0.614 1.452 0.01 0.012 0.004 0.015
1451.8 1.0 1.0 1.0 1.551 0.56 0.361 0.614 1.452 0.01 0.012 0.004 0.015
1451.9 1.0 1.0 1.0 1.551 0.56 0.361 0.614 1.452 0.01 0.012 0.004 0.015
1452.0 1.0 1.0 1.0 1.551 0.56 0.361 0.614 1.452 0.01 0.012 0.004 0.015
1452.1 1.0 1.0 1.0 1.551 0.56 0.361 0.614 1.452 0.01 0.012 0.004 0.015
1452.2 1.0 1.0 1.0 1.551 0.56 0.361 0.614 1.452 0.01 0.012 0.004 0.015
1452.3 1.0 1.0 1.0 1.551 0.56 0.361 0.614 1.452 0.01 0.012 0.004 0.015
1452.4 1.0 1.0 1.0 1.551 0.56 0.361 0.614 1.452 0.01 0.012 0.004 0.015
1452.5 1.0 1.0 1.0 1.551 0.56 0.361 0.614 1.452 0.01 0.012 0.004 0.015
1452.6 1.0 1.0 1.0 1.551 0.56 0.361 0.614 1.452 0.01 0.012 0.004 0.015
1452.7 1.0 1.0 1.0 1.551 0.56 0.361 0.614 1.452 0.01 0.012 0.004 0.015
1452.8 1.0 1.0 1.0 1.551 0.56 0.361 0.614 1.452 0.01 0.012 0.004 0.015
1452.9 1.0 1.0 1.0 1.551 0.56 0.361 0.614 1.452 0.01 0.012 0.004 0.015
1453.0 1.0 1.0 1.0 1.551 0.56 0.361 0.614 1.452 0.01 0.012 0.004 0.015
1453.1 1.0 1.0 1.0 1.551 0.56 0.361 0.614 1.452 0.01 0.012 0.004 0.015
1453.2 1.0 1.0 1.0 1.551 0.56 0.361 0.614 1.452 0.01 0.012 0.004 0.015
1453.3 1.0 1.0 1.0 1.551 0.56 0.361 0.614 1.452 0.01 0.012 0.004 0.015
1453.4 1.0 1.0 1.0 1.551 0.56 0.361 0.614 1.452 0.01 0.012 0.004 0.015
1453.5 1.0 1.0 1.0 1.551 0.56 0.361 0.614 1.452 0.01 0.012 0.004 0.015
1453.6 1.0 1.0 1.0 1.551 0.56 0.361 0.614 1.452 0.01 0.012 0.004 0.015
1453.7 1.0 1.0 1.0 1.551 0.56 0.361 0.614 1.452 0.01 0.012 0.004 0.015
1453.8 1.0 1.0 1.0 1.551 0.56 0.361 0.614 1.452 0.01 0.012 0.004 0.015
1453.9 1.0 1.0 1.0 1.551 0.56 0.361 0.614 1.452 0.01 0.012 0.004 0.015
1454.0 1.0 1.0 1.0 1.551 0.56 0.361 0.614 1.452 0.01 0.012 0.004 0.015
1454.1 1.0 1.0 1.0 1.551 0.56 0.361 0.614 1.452 0.01 0.012 0.004 0.015
1454.2 1.0 1.0 1.0 1.551 0.56 0.361 0.614 1.452 0.01 0.012 0.004 0.015
1454.3 1.0 1.0 1.0 1.551 0.56 0.361 0.614 1.452 0.01 0.012 0.004 0.015
1454.4 1.0 1.0 1.0 1.551 0.56 0.361 0.614 1.452 0.01 0.012 0.004 0.015
1454.5 1.0 1.0 1.0 1.551 0.56 0.361 0.614 1.452 0.01 0.012 0.004 0.015
1454.6 1.0 1.0 1.0 1.551 0.56 0.361 0.614 1.452 0.01 0.012 0.004 0.015
1454.7 1.0 1.0 1.0 1.551 0.56 0.361 0.614 1.452 0.01 0.012 0.004 0.015
1454.8 1.0 1.0 1.0 1.551 0.56 0.361 0.614 1.452 0.01 0.012 0.004 0.015
1454.9 1.0 1.0 1.0 1.551 0.56 0.361 0.614 1.452 0.01 0.012 0.004 0.015
1455.0 1.0 1.0 1.0 1.551 0.56 0.361 0.614 1.452 0.01 0.012 0.004 0.015
1455.1 1.0 1.0 1.0 1.551 0.56 0.361 0.614 1.452 0.01 0.012 0.004 0.015
1455.2 1.0 1.0 1.0 1.551 0.56 0.361 0.614 1.452 0.01 0.012 0.004 0.015
1455.3 1.0 1.0 1.0 1.551 0.56 0.361 0.614 1.452 0.01 0.012 0.004 0.015
1455.4 1.0 1.0 1.0 1.551 0.56 0.361 0.614 1.452 0.01 0.012 0.004 0.015
1455.5 1.0 1.0 1.0 1.551 0.56 0.361 0.614 1.452 0.01 0.012 0.004 0.015
1455.6 1.0 1.0 1.0 1.551 0.56 0.361 0.614 1.452 0.01 0.012 0.004 0.015
1455.7 1.0 1.0 1.0 1.551 0.56 0.361 0.614 1.452 0.01 0.012 0.004 0.015
1455.8 1.0 1.0 1.0 1.551 0.56 0.361 0.614 1.452 0.01 0.012 0.004 0.015
1455.9 1.0 1.0 1.0 1.551 0.56 0.361 0.614 1.452 0.01 0.012 0.004 0.015
1456.0 1.0 1.0 1.0 1.551 0.56 0.361 0.614 1.452 0.01 0.012 0.004 0.015
1456.1 1.0 1.0 1.0 1.551 0.56 0.361 0.614 1.452 0.01 0.012 0.004 0.015
1456.2 1.0 1.0 1.0 1.551 0.56 0.361 0.614 1.452 0.01 0.012 0.004 0.015
1456.3 1.0 1.0 1.0 1.551 0.56 0.361 0.614 1.452 0.01 0.012 0.004 0.015
1456.4 1.0 1.0 1.0 1.551 0.56 0.361 0.614 1.452 0.01 0.012 0.004 0.015
1456.5 1.0 1.0 1.0 1.551 0.56 0.361 0.614 1.452 0.01 0.012 0.004 0.015
1456.6 1.0 1.0 1.0 1.551 0.56 0.361 0.614 1.452 0.01 0.012 0.004 0.015
1456.7 1.0 1.0 1.0 1.551 0.56 0.361 0.614 1.452 0.01 0.012 0.004 0.015
1456.8 1.0 1.0 1.0 1.551 0.56 0.361 0.614 1.452 0.01 0.012 0.004 0.015
1456.9 1.0 1.0 1.0 1.551 0.56 0.361 0.614 1.452 0.01 0.012 0.004 0.015
1457.0 1.0 1.0 1.0 1.551 0.56 0.361 0.614 1.452 0.01 0.012 0.004 0.015
1457.1 1.0 1.0 1.0 1.551 0.56 0.361 0.614 1.452 0.01 0.012 0.004 0.015
1457.2 1.0 1.0 1.0 1.551 0.56 0.361 0.614 1.452 0.01 0.012 0.004 0.015
1457.3 1.0 1.0 1.0 1.551 0.56 0.361 0.614 1.452 0.01 0.012 0.004 0.015
1457.4 1.0 1.0 1.0 1.551 0.56 0.361 0.614 1.452 0.01 0.012 0.004 0.015
1457.5 1.0 1.0 1.0 1.551 0.56 0.361 0.614 1.452 0.01 0.012 0.004 0.015
1457.6 1.0 1.0 1.0 1.551 0.56 0.361 0.614 1.452 0.01 0.012 0.004 0.015
1457.7 1.0 1.0 1.0 1.551 0.56 0.361 0.614 1.452 0.01 0.012 0.004 0.015
1457.8 1.0 1.0 1.0 1.551 0.56 0.361 0.614 1.452 0.01 0.012 0.004 0.015
1457.9 1.0 1.0 1.0 1.551 0.56 0.361 0.614 1.452 0.01 0.012 0.004 0.015
1458.0 1.0 1.0 1.0 1.551 0.56 0.361 0.614 1.452 0.01 0.012 0.004 0.015
1458.1 1.0 1.0 1.0 1.551 0.56 0.361 0.614 1.452 0.01 0.012 0.004 0.015
1458.2 1.0 1.0 1.0 1.551 0.56 0.361 0.614 1.452 0.01 0.012 0.004 0.015
1458.3 1.0 1.0 1.0 1.551 0.56 0.361 0.614 1.452 0.01 0.012 0.004 0.015
1458.4 1.0 1.0 1.0 1.551 0.56 0.361 0.614 1.452 0.01 0.012 0.004 0.015
1458.5 1.0 1.0 1.0 1.551 0.56 0.361 0.614 1.452 0.01 0.012 0.004 0.015
1458.6 1.0 1.0 1.0 1.551 0.56 0.361 0.614 1.452 0.01 0.012 0.004 0.015
1458.7 1.0 1.0 1.0 1.551 0.56 0.361 0.614 1.452 0.01 0.012 0.004 0.015
1458.8 1.0 1.0 1.0 1.551 0.56 0.361 0.614 1.452 0.01 0.012 0.004 0.015
1458.9 1.0 1.0 1.0 1.551 0.56 0.361 0.614 1.452 0.01 0.012 0.004 0.015
1459.0 1.0 1.0 1.0 1.551 0.56 0.361 0.614 1.452 0.01 0.012 0.004 0.015
1459.1 1.0 1.0 1.0 1.551 0.56 0.361 0.614 1.452 0.01 0.012 0.004 0.015
1459.2 1.0 1.0 1.0 1.551 0.56 0.361 0.614 1.452 0.01 0.012 0.004 0.015
1459.3 1.0 1.0 1.0 1.551 0.56 0.361 0.614 1.452 0.01 0.012 0.004 0.015
1459.4 1.0 1.0 1.0 1.551 0.56 0.361 0.614 1.452 0.01 0.012 0.004 0.015
1459.5 1.0 1.0 1.0 1.551 0.56 0.361 0.614 1.452 0.01 0.012 0.004 0.015
1459.6 1.0 1.0 1.0 1.551 0.56 0.361 0.614 1.452 0.01 0.012 0.004 0.015
1459.7 1.0 1.0 1.0 1.551 0.56 0.361 0.614 1.452 0.01 0.012 0.004 0.015
1459.8 1.0 1.0 1.0 1.551 0.56 0.361 0.614 1.452 0.01 0.012 0.004 0.015
1459.9 1.0 1.0 1.0 1.551 0.56 0.361 0.614 1.452 0.01 0.012 0.004 0.015
1460.0 1.0 1.0 1.0 1.551 0.56 0.361 0.614 1.452 0.01 0.012 0.004 0.015
1460.1 1.0 1.0 1.0 1.551 0.56 0.361 0.614 1.452 0.01 0.012 0.004 0.015
1460.2 1.0 1.0 1.0 1.551 0.56 0.361 0.614 1.452 0.01 0.012 0.004 0.015
1460.3 1.0 1.0 1.0 1.551 0.56 0.361 0.614 1.452 0.01 0.012 0.004 0.015
1460.4 1.0 1.0 1.0 1.551 0.56 0.361 0.614 1.452 0.01 0.012 0.004 0.015
1460.5 1.0 1.0 1.0 1.551 0.56 0.361 0.614 1.452 0.01 0.012 0.004 0.015
1460.6 1.0 1.0 1.0 1.551 0.56 0.361 0.614 1.452 0.01 0.012 0.004 0.015
1460.7 1.0 1.0 1.0 1.551 0.56 0.361 0.614 1.452 0.01 0.012 0.004 0.015
1460.8 1.0 1.0 1.0 1.551 0.56 0.361 0.614 1.452 0.01 0.012 0.004 0.015
1460.9 1.0 1.0 1.0 1.551 0.56 0.361 0.614 1.452 0.01 0.012 0.004 0.015
1461.0 1.0 1.0 1.0 1.551 0.56 0.361 0.614 1.452 0.01 0.012 0.004 0.015
1461.1 1.0 1.0 1.0 1.551 0.56 0.361 0.614 1.452 0.01 0.012 0.004 0.015
1461.2 1.0 1.0 1.0 1.551 0.56 0.361 0.614 1.452 0.01 0.012 0.004 0.015
1461.3 1.0 1.0 1.0 1.551 0.56 0.361 0.614 1.452 0.01 0.012 0.004 0.015
1461.4 1.0 1.0 1.0 1.551 0.56 0.361 0.614 1.452 0.01 0.012 0.004 0.015
1461.5 1.0 1.0 1.0 1.551 0.56 0.361 0.614 1.452 0.01 0.012 0.004 0.015
1461.6 1.0 1.0 1.0 1.551 0.56 0.361 0.614 1.452 0.01 0.012 0.004 0.015
1461.7 1.0 1.0 1.0 1.551 0.56 0.361 0.614 1.452 0.01 0.012 0.004 0.015
1461.8 1.0 1.0 1.0 1.551 0.56 0.361 0.614 1.452 0.01 0.012 0.004 0.015
1461.9 1.0 1.0 1.0 1.551 0.56 0.361 0.614 1.452 0.01 0.012 0.004 0.015
1462.0 1.0 1.0 1.0 1.551 0.56 0.361 0.614 1.452 0.01 0.012 0.004 0.015
1462.1 1.0 1.0 1.0 1.551 0.56 0.361 0.614 1.452 0.01 0.012 0.004 0.015
1462.2 1.0 1.0 1.0 1.551 0.56 0.361 0.614 1.452 0.01 0.012 0.004 0.015
1462.3 1.0 1.0 1.0 1.551 0.56 0.361 0.614 1.452 0.01 0.012 0.004 0.015
1462.4 1.0 1.0 1.0 1.551 0.56 0.361 0.614 1.452 0.01 0.012 0.004 0.015
1462.5 1.0 1.0 1.0 1.551 0.56 0.361 0.614 1.452 0.01 0.012 0.004 0.015
1462.6 1.0 1.0 1.0 1.551 0.56 0.361 0.614 1.452 0.01 0.012 0.004 0.015
1462.7 1.0 1.0 1.0 1.551 0.56 0.361 0.614 1.452 0.01 0.012 0.004 0.015
1462.8 1.0 1.0 1.0 1.551 0.56 0.361 0.614 1.452 0.01 0.012 0.004 0.015
1462.9 1.0 1.0 1.0 1.551 0.56 0.361 0.614 1.452 0.01 0.012 0.004 0.015
1463.0 1.0 1.0 1.0 1.551 0.56 0.361 0.614 1.452 0.01 0.012 0.004 0.015
1463.1 1.0 1.0 1.0 1.551 0.56 0.361 0.614 1.452 0.01 0.012 0.004 0.015
1463.2 1.0 1.0 1.0 1.551 0.56 0.361 0.614 1.452 0.01 0.012 0.004 0.015
1463.3 1.0 1.0 1.0 1.551 0.56 0.361 0.614 1.452 0.01 0.012 0.004 0.015
1463.4 1.0 1.0 1.0 1.551 0.56 0.361 0.614 1.452 0.01 0.012 0.004 0.015
1463.5 1.0 1.0 1.0 1.551 0.56 0.361 0.614 1.452 0.01 0.012 0.004 0.015
1463.6 1.0 1.0 1.0 1.551 0.56 0.361 0.614 1.452 0.01 0.012 0.004 0.015
1463.7 1.0 1.0 1.0 1.551 0.56 0.361 0.614 1.452 0.01 0.012 0.004 0.015
1463.8 1.0 1.0 1.0 1.551 0.56 0.361 0.614 1.452 0.01 0.012 0.004 0.015
1463.9 1.0 1.0 1.0 1.551 0.56 0.361 0.614 1.452 0.01 0.012 0.004 0.015
1464.0 1.0 1.0 1.0 1.551 0.56 0.361 0.614 1.452 0.01 0.012 0.004 0.015
1464.1 1.0 1.0 1.0 1.551 0.56 0.361 0.614 1.452 0.01 0.012 0.004 0.015
1464.2 1.0 1.0 1.0 1.551 0.56 0.361 0.614 1.452 0.01 0.012 0.004 0.015
1464.3 1.0 1.0 1.0 1.551 0.56 0.361 0.614 1.452 0.01 0.012 0.004 0.015
1464.4 1.0 1.0 1.0 1.551 0.56 0.361 0.614 1.452 0.01 0.012 0.004 0.015
1464.5 1.0 1.0 1.0 1.551 0.56 0.361 0.614 1.452 0.01 0.012 0.004 0.015
1464.6 1.0 1.0 1.0 1.551 0.56 0.361 0.614 1.452 0.01 0.012 0.004 0.015
1464.7 1.0 1.0 1.0 1.551 0.56 0.361 0.614 1.452 0.01 0.012 0.004 0.015
1464.8 1.0 1.0 1.0 1.551 0.56 0.361 0.614 1.452 0.01 0.012 0.004 0.015
1464.9 1.0 1.0 1.0 1.551 0.56 0.361 0.614 1.452 0.01 0.012 0.004 0.015
1465.0 1.0 1.0 1.0 1.551 0.56 0.361 0.614 1.452 0.01 0.012 0.004 0.015
1465.1 1.0 1.0 1.0 1.551 0.56 0.361 0.614 1.452 0.01 0.012 0.004 0.015
1465.2 1.0 1.0 1.0 1.551 0.56 0.361 0.614 1.452 0.01 0.012 0.004 0.015
1465.3 1.0 1.0 1.0 1.551 0.56 0.361 0.614 1.452 0.01 0.012 0.004 0.015
1465.4 1.0 1.0 1.0 1.551 0.56 0.361 0.614 1.452 0.01 0.012 0.004 0.015
1465.5 1.0 1.0 1.0 1.551 0.56 0.361 0.614 1.452 0.01 0.012 0.004 0.015
1465.6 1.0 1.0 1.0 1.551 0.56 0.361 0.614 1.452 0.01 0.012 0.004 0.015
1465.7 1.0 1.0 1.0 1.551 0.56 0.361 0.614 1.452 0.01 0.012 0.004 0.015
1465.8 1.0 1.0 1.0 1.551 0.56 0.361 0.614 1.452 0.01 0.012 0.004 0.015
1465.9 1.0 1.0 1.0 1.551 0.56 0.361 0.614 1.452 0.01 0.012 0.004 0.015
1466.0 1.0 1.0 1.0 1.551 0.56 0.361 0.614 1.452 0.01 0.012 0.004 0.015
1466.1 1.0 1.0 1.0 1.551 0.56 0.361 0.614 1.452 0.01 0.012 0.004 0.015
1466.2 1.0 1.0 1.0 1.551 0.56 0.361 0.614 1.452 0.01 0.012 0.004 0.015
1466.3 1.0 1.0 1.0 1.551 0.56 0.361 0.614 1.452 0.01 0.012 0.004 0.015
1466.4 1.0 1.0 1.0 1.551 0.56 0.361 0.614 1.452 0.01 0.012 0.004 0.015
1466.5 1.0 1.0 1.0 1.551 0.56 0.361 0.614 1.452 0.01 0.012 0.004 0.015
1466.6 1.0 1.0 1.0 1.551 0.56 0.361 0.614 1.452 0.01 0.012 0.004 0.015
1466.7 1.0 1.0 1.0 1.551 0.56 0.361 0.614 1.452 0.01 0.012 0.004 0.015
1466.8 1.0 1.0 1.0 1.551 0.56 0.361 0.614 1.452 0.01 0.012 0.004 0.015
1466.9 1.0 1.0 1.0 1.551 0.56 0.361 0.614 1.452 0.01 0.012 0.004 0.015
1467.0 1.0 1.0 1.0 1.551 0.56 0.361 0.614 1.452 0.01 0.012 0.004 0.015
1467.1 1.0 1.0 1.0 1.551 0.56 0.361 0.614 1.452 0.01 0.012 0.004 0.015
1467.2 1.0 1.0 1.0 1.551 0.56 0.361 0.614 1.452 0.01 0.012 0.004 0.015
1467.3 1.0 1.0 1.0 1.551 0.56 0.361 0.614 1.452 0.01 0.012 0.004 0.015
1467.4 1.0 1.0 1.0 1.551 0.56 0.361 0.614 1.452 0.01 0.012 0.004 0.015
1467.5 1.0 1.0 1.0 1.551 0.56 0.361 0.614 1.452 0.01 0.012 0.004 0.015
1467.6 1.0 1.0 1.0 1.551 0.56 0.361 0.614 1.452 0.01 0.012 0.004 0.015
1467.7 1.0 1.0 1.0 1.551 0.56 0.361 0.614 1.452 0.01 0.012 0.004 0.015
1467.8 1.0 1.0 1.0 1.551 0.56 0.361 0.614 1.452 0.01 0.012 0.004 0.015
1467.9 1.0 1.0 1.0 1.551 0.56 0.361 0.614 1.452 0.01 0.012 0.004 0.015
1468.0 1.0 1.0 1.0 1.551 0.56 0.361 0.614 1.452 0.01 0.012 0.004 0.015
1468.1 1.0 1.0 1.0 1.551 0.56 0.361 0.614 1.452 0.01 0.012 0.004 0.015
1468.2 1.0 1.0 1.0 1.551 0.56 0.361 0.614 1.452 0.01 0.012 0.004 0.015
1468.3 1.0 1.0 1.0 1.551 0.56 0.361 0.614 1.452 0.01 0.012 0.004 0.015
1468.4 1.0 1.0 1.0 1.551 0.56 0.361 0.614 1.452 0.01 0.012 0.004 0.015
1468.5 1.0 1.0 1.0 1.551 0.56 0.361 0.614 1.452 0.01 0.012 0.004 0.015
1468.6 1.0 1.0 1.0 1.551 0.56 0.361 0.614 1.452 0.01 0.012 0.004 0.015
1468.7 1.0 1.0 1.0 1.551 0.56 0.361 0.614 1.452 0.01 0.012 0.004 0.015
1468.8 1.0 1.0 1.0 1.551 0.56 0.361 0.614 1.452 0.01 0.012 0.004 0.015
1468.9 1.0 1.0 1.0 1.551 0.56 0.361 0.614 1.452 0.01 0.012 0.004 0.015
1469.0 1.0 1.0 1.0 1.551 0.56 0.361 0.614 1.452 0.01 0.012 0.004 0.015
1469.1 1.0 1.0 1.0 1.551 0.56 0.361 0.614 1.452 0.01 0.012 0.004 0.015
1469.2 1.0 1.0 1.0 1.551 0.56 0.361 0.614 1.452 0.01 0.012 0.004 0.015
1469.3 1.0 1.0 1.0 1.551 0.56 0.361 0.614 1.452 0.01 0.012 0.004 0.015
1469.4 1.0 1.0 1.0 1.551 0.56 0.361 0.614 1.452 0.01 0.012 0.004 0.015
1469.5 1.0 1.0 1.0 1.551 0.56 0.361 0.614 1.452 0.01 0.012 0.004 0.015
1469.6 1.0 1.0 1.0 1.551 0.56 0.361 0.614 1.452 0.01 0.012 0.004 0.015
1469.7 1.0 1.0 1.0 1.551 0.56 0.361 0.614 1.452 0.01 0.012 0.004 0.015
1469.8 1.0 1.0 1.0 1.551 0.56 0.361 0.614 1.452 0.01 0.012 0.004 0.015
1469.9 1.0 1.0 1.0 1.551 0.56 0.361 0.614 1.452 0.01 0.012 0.004 0.015
1470.0 1.0 1.0 1.0 1.551 0.56 0.361 0.614 1.452 0.01 0.012 0.004 0.015
1470.1 1.0 1.0 1.0 1.551 0.56 0.361 0.614 1.452 0.01 0.012 0.004 0.015
1470.2 1.0 1.0 1.0 1.551 0.56 0.361 0.614 1.452 0.01 0.012 0.004 0.015
1470.3 1.0 1.0 1.0 1.551 0.56 0.361 0.614 1.452 0.01 0.012 0.004 0.015
1470.4 1.0 1.0 1.0 1.551 0.56 0.361 0.614 1.452 0.01 0.012 0.004 0.015
1470.5 1.0 1.0 1.0 1.551 0.56 0.361 0.614 1.452 0.01 0.012 0.004 0.015
1470.6 1.0 1.0 1.0 1.551 0.56 0.361 0.614 1.452 0.01 0.012 0.004 0.015
1470.7 1.0 1.0 1.0 1.551 0.56 0.361 0.614 1.452 0.01 0.012 0.004 0.015
1470.8 1.0 1.0 1.0 1.551 0.56 0.361 0.614 1.452 0.01 0.012 0.004 0.015
1470.9 1.0 1.0 1.0 1.551 0.56 0.361 0.614 1.452 0.01 0.012 0.004 0.015
1471.0 1.0 1.0 1.0 1.551 0.56 0.361 0.614 1.452 0.01 0.012 0.004 0.015
1471.1 1.0 1.0 1.0 1.551 0.56 0.361 0.614 1.452 0.01 0.012 0.004 0.015
1471.2 1.0 1.0 1.0 1.551 0.56 0.361 0.614 1.452 0.01 0.012 0.004 0.015
1471.3 1.0 1.0 1.0 1.551 0.56 0.361 0.614 1.452 0.01 0.012 0.004 0.015
1471.4 1.0 1.0 1.0 1.551 0.56 0.361 0.614 1.452 0.01 0.012 0.004 0.015
1471.5 1.0 1.0 1.0 1.551 0.56 0.361 0.614 1.452 0.01 0.012 0.004 0.015
1471.6 1.0 1.0 1.0 1.551 0.56 0.361 0.614 1.452 0.01 0.012 0.004 0.015
1471.7 1.0 1.0 1.0 1.551 0.56 0.361 0.614 1.452 0.01 0.012 0.004 0.015
1471.8 1.0 1.0 1.0 1.551 0.56 0.361 0.614 1.452 0.01 0.012 0.004 0.015
1471.9 1.0 1.0 1.0 1.551 0.56 0.361 0.614 1.452 0.01 0.012 0.004 0.015
1472.0 1.0 1.0 1.0 1.551 0.56 0.361 0.614 1.452 0.01 0.012 0.004 0.015
1472.1 1.0 1.0 1.0 1.551 0.56 0.361 0.614 1.452 0.01 0.012 0.004 0.015
1472.2 1.0 1.0 1.0 1.551 0.56 0.361 0.614 1.452 0.01 0.012 0.004 0.015
1472.3 1.0 1.0 1.0 1.551 0.56 0.361 0.614 1.452 0.01 0.012 0.004 0.015
1472.4 1.0 1.0 1.0 1.551 0.56 0.361 0.614 1.452 0.01 0.012 0.004 0.015
1472.5 1.0 1.0 1.0 1.551 0.56 0.361 0.614 1.452 0.01 0.012 0.004 0.015
1472.6 1.0 1.0 1.0 1.551 0.56 0.361 0.614 1.452 0.01 0.012 0.004 0.015
1472.7 1.0 1.0 1.0 1.551 0.56 0.361 0.614 1.452 0.01 0.012 0.004 0.015
1472.8 1.0 1.0 1.0 1.551 0.56 0.361 0.614 1.452 0.01 0.012 0.004 0.015
1472.9 1.0 1.0 1.0 1.551 0.56 0.361 0.614 1.452 0.01 0.012 0.004 0.015
1473.0 1.0 1.0 1.0 1.551 0.56 0.361 0.614 1.452 0.01 0.012 0.004 0.015
1473.1 1.0 1.0 1.0 1.551 0.56 0.361 0.614 1.452 0.01 0.012 0.004 0.015
1473.2 1.0 1.0 1.0 1.551 0.56 0.361 0.614 1.452 0.01 0.012 0.004 0.015
1473.3 1.0 1.0 1.0 1.551 0.56 0.361 0.614 1.452 0.01 0.012 0.004 0.015
1473.4 1.0 1.0 1.0 1.551 0.56 0.361 0.614 1.452 0.01 0.012 0.004 0.015
1473.5 1.0 1.0 1.0 1.551 0.56 0.361 0.614 1.452 0.01 0.012 0.004 0.015
1473.6 1.0 1.0 1.0 1.551 0.56 0.361 0.614 1.452 0.01 0.012 0.004 0.015
1473.7 1.0 1.0 1.0 1.551 0.56 0.361 0.614 1.452 0.01 0.012 0.004 0.015
1473.8 1.0 1.0 1.0 1.551 0.56 0.361 0.614 1.452 0.01 0.012 0.004 0.015
1473.9 1.0 1.0 1.0 1.551 0.56 0.361 0.614 1.452 0.01 0.012 0.004 0.015
1474.0 1.0 1.0 1.0 1.551 0.56 0.361 0.614 1.452 0.01 0.012 0.004 0.015
1474.1 1.0 1.0 1.0 1.551 0.56 0.361 0.614 1.452 0.01 0.012 0.004 0.015
1474.2 1.0 1.0 1.0 1.551 0.56 0.361 0.614 1.452 0.01 0.012 0.004 0.015
1474.3 1.0 1.0 1.0 1.551 0.56 0.361 0.614 1.452 0.01 0.012 0.004 0.015
1474.4 1.0 1.0 1.0 1.551 0.56 0.361 0.614 1.452 0.01 0.012 0.004 0.015
1474.5 1.0 1.0 1.0 1.551 0.56 0.361 0.614 1.452 0.01 0.012 0.004 0.015
1474.6 1.0 1.0 1.0 1.551 0.56 0.361 0.614 1.452 0.01 0.012 0.004 0.015
1474.7 1.0 1.0 1.0 1.551 0.56 0.361 0.614 1.452 0.01 0.012 0.004 0.015
1474.8 1.0 1.0 1.0 1.551 0.56 0.361 0.614 1.452 0.01 0.012 0.004 0.015
1474.9 1.0 1.0 1.0 1.551 0.56 0.361 0.614 1.452 0.01 0.012 0.004 0.015
1475.0 1.0 1.0 1.0 1.551 0.56 0.361 0.614 1.452 0.01 0.012 0.004 0.015
1475.1 1.0 1.0 1.0 1.551 0.56 0.361 0.614 1.452 0.01 0.012 0.004 0.015
1475.2 1.0 1.0 1.0 1.551 0.56 0.361 0.614 1.452 0.01 0.012 0.004 0.015
1475.3 1.0 1.0 1.0 1.551 0.56 0.361 0.614 1.452 0.01 0.012 0.004 0.015
1475.4 1.0 1.0 1.0 1.551 0.56 0.361 0.614 1.452 0.01 0.012 0.004 0.015
1475.5 1.0 1.0 1.0 1.551 0.56 0.361 0.614 1.452 0.01 0.012 0.004 0.015
1475.6 1.0 1.0 1.0 1.551 0.56 0.361 0.614 1.452 0.01 0.012 0.004 0.015
1475.7 1.0 1.0 1.0 1.551 0.56 0.361 0.614 1.452 0.01 0.012 0.004 0.015
1475.8 1.0 1.0 1.0 1.551 0.56 0.361 0.614 1.452 0.01 0.012 0.004 0.015
1475.9 1.0 1.0 1.0 1.551 0.56 0.361 0.614 1.452 0.01 0.012 0.004 0.015
1476.0 1.0 1.0 1.0 1.551 0.56 0.361 0.614 1.452 0.01 0.012 0.004 0.015
1476.1 1.0 1.0 1.0 1.551 0.56 0.361 0.614 1.452 0.01 0.012 0.004 0.015
1476.2 1.0 1.0 1.0 1.551 0.56 0.361 0.614 1.452 0.01 0.012 0.004 0.015
1476.3 1.0 1.0 1.0 1.551 0.56 0.361 0.614 1.452 0.01 0.012 0.004 0.015
1476.4 1.0 1.0 1.0 1.551 0.56 0.361 0.614 1.452 0.01 0.012 0.004 0.015
1476.5 1.0 1.0 1.0 1.551 0.56 0.361 0.614 1.452 0.01 0.012 0.004 0.015
1476.6 1.0 1.0 1.0 1.551 0.56 0.361 0.614 1.452 0.01 0.012 0.004 0.015
1476.7 1.0 1.0 1.0 1.551 0.56 0.361 0.614 1.452 0.01 0.012 0.004 0.015
1476.8 1.0 1.0 1.0 1.551 0.56 0.361 0.614 1.452 0.01 0.012 0.004 0.015
1476.9 1.0 1.0 1.0 1.551 0.56 0.361 0.614 1.452 0.01 0.012 0.004 0.015
1477.0 1.0 1.0 1.0 1.551 0.56 0.361 0.614 1.452 0.01 0.012 0.004 0.015
1477.1 1.0 1.0 1.0 1.551 0.56 0.361 0.614 1.452 0.01 0.012 0.004 0.015
1477.2 1.0 1.0 1.0 1.551 0.56 0.361 0.614 1.452 0.01 0.012 0.004 0.015
1477.3 1.0 1.0 1.0 1.551 0.56 0.361 0.614 1.452 0.01 0.012 0.004 0.015
1477.4 1.0 1.0 1.0 1.551 0.56 0.361 0.614 1.452 0.01 0.012 0.004 0.015
1477.5 1.0 1.0 1.0 1.551 0.56 0.361 0.614 1.452 0.01 0.012 0.004 0.015
1477.6 1.0 1.0 1.0 1.551 0.56 0.361 0.614 1.452 0.01 0.012 0.004 0.015
1477.7 1.0 1.0 1.0 1.551 0.56 0.361 0.614 1.452 0.01 0.012 0.004 0.015
1477.8 1.0 1.0 1.0 1.551 0.56 0.361 0.614 1.452 0.01 0.012 0.004 0.015
1477.9 1.0 1.0 1.0 1.551 0.56 0.361 0.614 1.452 0.01 0.012 0.004 0.015
1478.0 1.0 1.0 1.0 1.551 0.56 0.361 0.614 1.452 0.01 0.012 0.004 0.015
1478.1 1.0 1.0 1.0 1.551 0.56 0.361 0.614 1.452 0.01 0.012 0.004 0.015
1478.2 1.0 1.0 1.0 1.551 0.56 0.361 0.614 1.452 0.01 0.012 0.004 0.015
1478.3 1.0 1.0 1.0 1.551 0.56 0.361 0.614 1.452 0.01 0.012 0.004 0.015
1478.4 1.0 1.0 1.0 1.551 0.56 0.361 0.614 1.452 0.01 0.012 0.004 0.015
1478.5 1.0 1.0 1.0 1.551 0.56 0.361 0.614 1.452 0.01 0.012 0.004 0.015
1478.6 1.0 1.0 1.0 1.551 0.56 0.361 0.614 1.452 0.01 0.012 0.004 0.015
1478.7 1.0 1.0 1.0 1.551 0.56 0.361 0.614 1.452 0.01 0.012 0.004 0.015
1478.8 1.0 1.0 1.0 1.551 0.56 0.361 0.614 1.452 0.01 0.012 0.004 0.015
1478.9 1.0 1.0 1.0 1.551 0.56 0.361 0.614 1.452 0.01 0.012 0.004 0.015
1479.0 1.0 1.0 1.0 1.551 0.56 0.361 0.614 1.452 0.01 0.012 0.004 0.015
1479.1 1.0 1.0 1.0 1.551 0.56 0.361 0.614 1.452 0.01 0.012 0.004 0.015
1479.2 1.0 1.0 1.0 1.551 0.56 0.361 0.614 1.452 0.01 0.012 0.004 0.015
1479.3 1.0 1.0 1.0 1.551 0.56 0.361 0.614 1.452 0.01 0.012 0.004 0.015
1479.4 1.0 1.0 1.0 1.551 0.56 0.361 0.614 1.452 0.01 0.012 0.004 0.015
1479.5 1.0 1.0 1.0 1.551 0.56 0.361 0.614 1.452 0.01 0.012 0.004 0.015
1479.6 1.0 1.0 1.0 1.551 0.56 0.361 0.614 1.452 0.01 0.012 0.004 0.015
1479.7 1.0 1.0 1.0 1.551 0.56 0.361 0.614 1.452 0.01 0.012 0.004 0.015
1479.8 1.0 1.0 1.0 1.551 0.56 0.361 0.614 1.452 0.01 0.012 0.004 0.015
1479.9 1.0 1.0 1.0 1.551 0.56 0.361 0.614 1.452 0.01 0.012 0.004 0.015
1480.0 1.0 1.0 1.0 1.551 0.56 0.361 0.614 1.452 0.01 0.012 0.004 0.015
1480.1 1.0 1.0 1.0 1.551 0.56 0.361 0.614 1.452 0.01 0.012 0.004 0.015
1480.2 1.0 1.0 1.0 1.551 0.56 0.361 0.614 1.452 0.01 0.012 0.004 0.015
1480.3 1.0 1.0 1.0 1.551 0.56 0.361 0.614 1.452 0.01 0.012 0.004 0.015
1480.4 1.0 1.0 1.0 1.551 0.56 0.361 0.614 1.452 0.01 0.012 0.004 0.015
1480.5 1.0 1.0 1.0 1.551 0.56 0.361 0.614 1.452 0.01 0.012 0.004 0.015
1480.6 1.0 1.0 1.0 1.551 0.56 0.361 0.614 1.452 0.01 0.012 0.004 0.015
1480.7 1.0 1.0 1.0 1.551 0.56 0.361 0.614 1.452 0.01 0.012 0.004 0.015
1480.8 1.0 1.0 1.0 1.551 0.56 0.361 0.614 1.452 0.01 0.012 0.004 0.015
1480.9 1.0 1.0 1.0 1.551 0.56 0.361 0.614 1.452 0.01 0.012 0.004 0.015
1481.0 1.0 1.0 1.0 1.551 0.56 0.361 0.614 1.452 0.01 0.012 0.004 0.015
1481.1 1.0 1.0 1.0 1.551 0.56 0.361 0.614 1.452 0.01 0.012 0.004 0.015
1481.2 1.0 1.0 1.0 1.551 0.56 0.361 0.614 1.452 0.01 0.012 0.004 0.015
1481.3 1.0 1.0 1.0 1.551 0.56 0.361 0.614 1.452 0.01 0.012 0.004 0.015
1481.4 1.0 1.0 1.0 1.551 0.56 0.361 0.614 1.452 0.01 0.012 0.004 0.015
1481.5 1.0 1.0 1.0 1.551 0.56 0.361 0.614 1.452 0.01 0.012 0.004 0.015
1481.6 1.0 1.0 1.0 1.551 0.56 0.361 0.614 1.452 0.01 0.012 0.004 0.015
1481.7 1.0 1.0 1.0 1.551 0.56 0.361 0.614 1.452 0.01 0.012 0.004 0.015
1481.8 1.0 1.0 1.0 1.551 0.56 0.361 0.614 1.452 0.01 0.012 0.004 0.015
1481.9 1.0 1.0 1.0 1.551 0.56 0.361 0.614 1.452 0.01 0.012 0.004 0.015
1482.0 1.0 1.0 1.0 1.551 0.56 0.361 0.614 1.452 0.01 0.012 0.004 0.015
1482.1 1.0 1.0 1.0 1.551 0.56 0.361 0.614 1.452 0.01 0.012 0.004 0.015
1482.2 1.0 1.0 1.0 1.551 0.56 0.361 0.614 1.452 0.01 0.012 0.004 0.015
1482.3 1.0 1.0 1.0 1.551 0.56 0.361 0.614 1.452 0.01 0.012 0.004 0.015
1482.4 1.0 1.0 1.0 1.551 0.56 0.361 0.614 1.452 0.01 0.012 0.004 0.015
1482.5 1.0 1.0 1.0 1.551 0.56 0.361 0.614 1.452 0.01 0.012 0.004 0.015
1482.6 1.0 1.0 1.0 1.551 0.56 0.361 0.614 1.452 0.01 0.012 0.004 0.015
1482.7 1.0 1.0 1.0 1.551 0.56 0.361 0.614 1.452 0.01 0.012 0.004 0.015
1482.8 1.0 1.0 1.0 1.551 0.56 0.361 0.614 1.452 0.01 0.012 0.004 0.015
1482.9 1.0 1.0 1.0 1.551 0.56 0.361 0.614 1.452 0.01 0.012 0.004 0.015
1483.0 1.0 1.0 1.0 1.551 0.56 0.361 0.614 1.452 0.01 0.012 0.004 0.015
1483.1 1.0 1.0 1.0 1.551 0.56 0.361 0.614 1.452 0.01 0.012 0.004 0.015
1483.2 1.0 1.0 1.0 1.551 0.56 0.361 0.614 1.452 0.01 0.012 0.004 0.015
1483.3 1.0 1.0 1.0 1.551 0.56 0.361 0.614 1.452 0.01 0.012 0.004 0.015
1483.4 1.0 1.0 1.0 1.551 0.56 0.361 0.614 1.452 0.01 0.012 0.004 0.015
1483.5 1.0 1.0 1.0 1.551 0.56 0.361 0.614 1.452 0.01 0.012 0.004 0.015
1483.6 1.0 1.0 1.0 1.551 0.56 0.361 0.614 1.452 0.01 0.012 0.004 0.015
1483.7 1.0 1.0 1.0 1.551 0.56 0.361 0.614 1.452 0.01 0.012 0.004 0.015
1483.8 1.0 1.0 1.0 1.551 0.56 0.361 0.614 1.452 0.01 0.012 0.004 0.015
1483.9 1.0 1.0 1.0 1.551 0.56 0.361 0.614 1.452 0.01 0.012 0.004 0.015
1484.0 1.0 1.0 1.0 1.551 0.56 0.361 0.614 1.452 0.01 0.012 0.004 0.015
1484.1 1.0 1.0 1.0 1.551 0.56 0.361 0.614 1.452 0.01 0.012 0.004 0.015
1484.2 1.0 1.0 1.0 1.551 0.56 0.361 0.614 1.452 0.01 0.012 0.004 0.015
1484.3 1.0 1.0 1.0 1.551 0.56 0.361 0.614 1.452 0.01 0.012 0.004 0.015
1484.4 1.0 1.0 1.0 1.551 0.56 0.361 0.614 1.452 0.01 0.012 0.004 0.015
1484.5 1.0 1.0 1.0 1.551 0.56 0.361 0.614 1.452 0.01 0.012 0.004 0.015
1484.6 1.0 1.0 1.0 1.551 0.56 0.361 0.614 1.452 0.01 0.012 0.004 0.015
1484.7 1.0 1.0 1.0 1.551 0.56 0.361 0.614 1.452 0.01 0.012 0.004 0.015
1484.8 1.0 1.0 1.0 1.551 0.56 0.361 0.614 1.452 0.01 0.012 0.004 0.015
1484.9 1.0 1.0 1.0 1.551 0.56 0.361 0.614 1.452 0.01 0.012 0.004 0.015
1485.0 1.0 1.0 1.0 1.551 0.56 0.361 0.614 1.452 0.01 0.012 0.004 0.015
1485.1 1.0 1.0 1.0 1.551 0.56 0.361 0.614 1.452 0.01 0.012 0.004 0.015
1485.2 1.0 1.0 1.0 1.551 0.56 0.361 0.614 1.452 0.01 0.012 0.004 0.015
1485.3 1.0 1.0 1.0 1.551 0.56 0.361 0.614 1.452 0.01 0.012 0.004 0.015
1485.4 1.0 1.0 1.0 1.551 0.56 0.361 0.614 1.452 0.01 0.012 0.004 0.015
1485.5 1.0 1.0 1.0 1.551 0.56 0.361 0.614 1.452 0.01 0.012 0.004 0.015
1485.6 1.0 1.0 1.0 1.551 0.56 0.361 0.614 1.452 0.01 0.012 0.004 0.015
1485.7 1.0 1.0 1.0 1.551 0.56 0.361 0.614 1.452 0.01 0.012 0.004 0.015
1485.8 1.0 1.0 1.0 1.551 0.56 0.361 0.614 1.452 0.01 0.012 0.004 0.015
1485.9 1.0 1.0 1.0 1.551 0.56 0.361 0.614 1.452 0.01 0.012 0.004 0.015
1486.0 1.0 1.0 1.0 1.551 0.56 0.361 0.614 1.452 0.01 0.012 0.004 0.015
1486.1 1.0 1.0 1.0 1.551 0.56 0.361 0.614 1.452 0.01 0.012 0.004 0.015
1486.2 1.0 1.0 1.0 1.551 0.56 0.361 0.614 1.452 0.01 0.012 0.004 0.015
1486.3 1.0 1.0 1.0 1.551 0.56 0.361 0.614 1.452 0.01 0.012 0.004 0.015
1486.4 1.0 1.0 1.0 1.551 0.56 0.361 0.614 1.452 0.01 0.012 0.004 0.015
1486.5 1.0 1.0 1.0 1.551 0.56 0.361 0.614 1.452 0.01 0.012 0.004 0.015
1486.6 1.0 1.0 1.0 1.551 0.56 0.361 0.614 1.452 0.01 0.012 0.004 0.015
1486.7 1.0 1.0 1.0 1.551 0.56 0.361 0.614 1.452 0.01 0.012 0.004 0.015
1486.8 1.0 1.0 1.0 1.551 0.56 0.361 0.614 1.452 0.01 0.012 0.004 0.015
1486.9 1.0 1.0 1.0 1.551 0.56 0.361 0.614 1.452 0.01 0.012 0.004 0.015
1487.0 1.0 1.0 1.0 1.551 0.56 0.361 0.614 1.452 0.01 0.012 0.004 0.015
1487.1 1.0 1.0 1.0 1.551 0.56 0.361 0.614 1.452 0.01 0.012 0.004 0.015
1487.2 1.0 1.0 1.0 1.551 0.56 0.361 0.614 1.452 0.01 0.012 0.004 0.015
1487.3 1.0 1.0 1.0 1.551 0.56 0.361 0.614 1.452 0.01 0.012 0.004 0.015
1487.4 1.0 1.0 1.0 1.551 0.56 0.361 0.614 1.452 0.01 0.012 0.004 0.015
1487.5 1.0 1.0 1.0 1.551 0.56 0.361 0.614 1.452 0.01 0.012 0.004 0.015
1487.6 1.0 1.0 1.0 1.551 0.56 0.361 0.614 1.452 0.01 0.012 0.004 0.015
1487.7 1.0 1.0 1.0 1.551 0.56 0.361 0.614 1.452 0.01 0.012 0.004 0.015
1487.8 1.0 1.0 1.0 1.551 0.56 0.361 0.614 1.452 0.01 0.012 0.004 0.015
1487.9 1.0 1.0 1.0 1.551 0.56 0.361 0.614 1.452 0.01 0.012 0.004 0.015
1488.0 1.0 1.0 1.0 1.551 0.56 0.361 0.614 1.452 0.01 0.012 0.004 0.015
1488.1 1.0 1.0 1.0 1.551 0.56 0.361 0.614 1.452 0.01 0.012 0.004 0.015
1488.2 1.0 1.0 1.0 1.551 0.56 0.361 0.614 1.452 0.01 0.012 0.004 0.015
1488.3 1.0 1.0 1.0 1.551 0.56 0.361 0.614 1.452 0.01 0.012 0.004 0.015
1488.4 1.0 1.0 1.0 1.551 0.56 0.361 0.614 1.452 0.01 0.012 0.004 0.015
1488.5 1.0 1.0 1.0 1.551 0.56 0.361 0.614 1.452 0.01 0.012 0.004 0.015
1488.6 1.0 1.0 1.0 1.551 0.56 0.361 0.614 1.452 0.01 0.012 0.004 0.015
1488.7 1.0 1.0 1.0 1.551 0.56 0.361 0.614 1.452 0.01 0.012 0.004 0.015
1488.8 1.0 1.0 1.0 1.551 0.56 0.361 0.614 1.452 0.01 0.012 0.004 0.015
1488.9 1.0 1.0 1.0 1.551 0.56 0.361 0.614 1.452 0.01 0.012 0.004 0.015
1489.0 1.0 1.0 1.0 1.551 0.56 0.361 0.614 1.452 0.01 0.012 0.004 0.015
1489.1 1.0 1.0 1.0 1.551 0.56 0.361 0.614 1.452 0.01 0.012 0.004 0.015
1489.2 1.0 1.0 1.0 1.551 0.56 0.361 0.614 1.452 0.01 0.012 0.004 0.015
1489.3 1.0 1.0 1.0 1.551 0.56 0.361 0.614 1.452 0.01 0.012 0.004 0.015
1489.4 1.0 1.0 1.0 1.551 0.56 0.361 0.614 1.452 0.01 0.012 0.004 0.015
1489.5 1.0 1.0 1.0 1.551 0.56 0.361 0.614 1.452 0.01 0.012 0.004 0.015
1489.6 1.0 1.0 1.0 1.551 0.56 0.361 0.614 1.452 0.01 0.012 0.004 0.015
1489.7 1.0 1.0 1.0 1.551 0.56 0.361 0.614 1.452 0.01 0.012 0.004 0.015
1489.8 1.0 1.0 1.0 1.551 0.56 0.361 0.614 1.452 0.01 0.012 0.004 0.015
1489.9 1.0 1.0 1.0 1.551 0.56 0.361 0.614 1.452 0.01 0.012 0.004 0.015
1490.0 1.0 1.0 1.0 1.551 0.56 0.361 0.614 1.452 0.01 0.012 0.004 0.015
1490.1 1.0 1.0 1.0 1.551 0.56 0.361 0.614 1.452 0.01 0.012 0.004 0.015
1490.2 1.0 1.0 1.0 1.551 0.56 0.361 0.614 1.452 0.01 0.012 0.004 0.015
1490.3 1.0 1.0 1.0 1.551 0.56 0.361 0.614 1.452 0.01 0.012 0.004 0.015
1490.4 1.0 1.0 1.0 1.551 0.56 0.361 0.614 1.452 0.01 0.012 0.004 0.015
1490.5 1.0 1.0 1.0 1.551 0.56 0.361 0.614 1.452 0.01 0.012 0.004 0.015
1490.6 1.0 1.0 1.0 1.551 0.56 0.361 0.614 1.452 0.01 0.012 0.004 0.015
1490.7 1.0 1.0 1.0 1.551 0.56 0.361 0.614 1.452 0.01 0.012 0.004 0.015
1490.8 1.0 1.0 1.0 1.551 0.56 0.361 0.614 1.452 0.01 0.012 0.004 0.015
1490.9 1.0 1.0 1.0 1.551 0.56 0.361 0.614 1.452 0.01 0.012 0.004 0.015
1491.0 1.0 1.0 1.0 1.551 0.56 0.361 0.614 1.452 0.01 0.012 0.004 0.015
1491.1 1.0 1.0 1.0 1.551 0.56 0.361 0.614 1.452 0.01 0.012 0.004 0.015
1491.2 1.0 1.0 1.0 1.551 0.56 0.361 0.614 1.452 0.01 0.012 0.004 0.015
1491.3 1.0 1.0 1.0 1.551 0.56 0.361 0.614 1.452 0.01 0.012 0.004 0.015
1491.4 1.0 1.0 1.0 1.551 0.56 0.361 0.614 1.452 0.01 0.012 0.004 0.015
1491.5 1.0 1.0 1.0 1.551 0.56 0.361 0.614 1.452 0.01 0.012 0.004 0.015
1491.6 1.0 1.0 1.0 1.551 0.56 0.361 0.614 1.452 0.01 0.012 0.004 0.015
1491.7 1.0 1.0 1.0 1.551 0.56 0.361 0.614 1.452 0.01 0.012 0.004 0.015
1491.8 1.0 1.0 1.0 1.551 0.56 0.361 0.614 1.452 0.01 0.012 0.004 0.015
1491.9 1.0 1.0 1.0 1.551 0.56 0.361 0.614 1.452 0.01 0.012 0.004 0.015
1492.0 1.0 1.0 1.0 1.551 0.56 0.361 0.614 1.452 0.01 0.012 0.004 0.015
1492.1 1.0 1.0 1.0 1.551 0.56 0.361 0.614 1.452 0.01 0.012 0.004 0.015
1492.2 1.0 1.0 1.0 1.551 0.56 0.361 0.614 1.452 0.01 0.012 0.004 0.015
1492.3 1.0 1.0 1.0 1.551 0.56 0.361 0.614 1.452 0.01 0.012 0.004 0.015
1492.4 1.0 1.0 1.0 1.551 0.56 0.361 0.614 1.452 0.01 0.012 0.004 0.015
1492.5 1.0 1.0 1.0 1.551 0.56 0.361 0.614 1.452 0.01 0.012 0.004 0.015
1492.6 1.0 1.0 1.0 1.551 0.56 0.361 0.614 1.452 0.01 0.012 0.004 0.015
1492.7 1.0 1.0 1.0 1.551 0.56 0.361 0.614 1.452 0.01 0.012 0.004 0.015
1492.8 1.0 1.0 1.0 1.551 0.56 0.361 0.614 1.452 0.01 0.012 0.004 0.015
1492.9 1.0 1.0 1.0 1.551 0.56 0.361 0.614 1.452 0.01 0.012 0.004 0.015
1493.0 1.0 1.0 1.0 1.551 0.56 0.361 0.614 1.452 0.01 0.012 0.004 0.015
1493.1 1.0 1.0 1.0 1.551 0.56 0.361 0.614 1.452 0.01 0.012 0.004 0.015
1493.2 1.0 1.0 1.0 1.551 0.56 0.361 0.614 1.452 0.01 0.012 0.004 0.015
1493.3 1.0 1.0 1.0 1.551 0.56 0.361 0.614 1.452 0.01 0.012 0.004 0.015
1493.4 1.0 1.0 1.0 1.551 0.56 0.361 0.614 1.452 0.01 0.012 0.004 0.015
1493.5 1.0 1.0 1.0 1.551 0.56 0.361 0.614 1.452 0.01 0.012 0.004 0.015
1493.6 1.0 1.0 1.0 1.551 0.56 0.361 0.614 1.452 0.01 0.012 0.004 0.015
1493.7 1.0 1.0 1.0 1.551 0.56 0.361 0.614 1.452 0.01 0.012 0.004 0.015
1493.8 1.0 1.0 1.0 1.551 0.56 0.361 0.614 1.452 0.01 0.012 0.004 0.015
1493.9 1.0 1.0 1.0 1.551 0.56 0.361 0.614 1.452 0.01 0.012 0.004 0.015
1494.0 1.0 1.0 1.0 1.551 0.56 0.361 0.614 1.452 0.01 0.012 0.004 0.015
1494.1 1.0 1.0 1.0 1.551 0.56 0.361 0.614 1.452 0.01 0.012 0.004 0.015
1494.2 1.0 1.0 1.0 1.551 0.56 0.361 0.614 1.452 0.01 0.012 0.004 0.015
1494.3 1.0 1.0 1.0 1.551 0.56 0.361 0.614 1.452 0.01 0.012 0.004 0.015
1494.4 1.0 1.0 1.0 1.551 0.56 0.361 0.614 1.452 0.01 0.012 0.004 0.015
1494.5 1.0 1.0 1.0 1.551 0.56 0.361 0.614 1.452 0.01 0.012 0.004 0.015
1494.6 1.0 1.0 1.0 1.551 0.56 0.361 0.614 1.452 0.01 0.012 0.004 0.015
1494.7 1.0 1.0 1.0 1.551 0.56 0.361 0.614 1.452 0.01 0.012 0.004 0.015
1494.8 1.0 1.0 1.0 1.551 0.56 0.361 0.614 1.452 0.01 0.012 0.004 0.015
1494.9 1.0 1.0 1.0 1.551 0.56 0.361 0.614 1.452 0.01 0.012 0.004 0.015
1495.0 1.0 1.0 1.0 1.551 0.56 0.361 0.614 1.452 0.01 0.012 0.004 0.015
1495.1 1.0 1.0 1.0 1.551 0.56 0.361 0.614 1.452 0.01 0.012 0.004 0.015
1495.2 1.0 1.0 1.0 1.551 0.56 0.361 0.614 1.452 0.01 0.012 0.004 0.015
1495.3 1.0 1.0 1.0 1.551 0.56 0.361 0.614 1.452 0.01 0.012 0.004 0.015
1495.4 1.0 1.0 1.0 1.551 0.56 0.361 0.614 1.452 0.01 0.012 0.004 0.015
1495.5 1.0 1.0 1.0 1.551 0.56 0.361 0.614 1.452 0.01 0.012 0.004 0.015
1495.6 1.0 1.0 1.0 1.551 0.56 0.361 0.614 1.452 0.01 0.012 0.004 0.015
1495.7 1.0 1.0 1.0 1.551 0.56 0.361 0.614 1.452 0.01 0.012 0.004 0.015
1495.8 1.0 1.0 1.0 1.551 0.56 0.361 0.614 1.452 0.01 0.012 0.004 0.015
1495.9 1.0 1.0 1.0 1.551 0.56 0.361 0.614 1.452 0.01 0.012 0.004 0.015
1496.0 1.0 1.0 1.0 1.551 0.56 0.361 0.614 1.452 0.01 0.012 0.004 0.015
1496.1 1.0 1.0 1.0 1.551 0.56 0.361 0.614 1.452 0.01 0.012 0.004 0.015
1496.2 1.0 1.0 1.0 1.551 0.56 0.361 0.614 1.452 0.01 0.012 0.004 0.015
1496.3 1.0 1.0 1.0 1.551 0.56 0.361 0.614 1.452 0.01 0.012 0.004 0.015
1496.4 1.0 1.0 1.0 1.551 0.56 0.361 0.614 1.452 0.01 0.012 0.004 0.015
1496.5 1.0 1.0 1.0 1.551 0.56 0.361 0.614 1.452 0.01 0.012 0.004 0.015
1496.6 1.0 1.0 1.0 1.551 0.56 0.361 0.614 1.452 0.01 0.012 0.004 0.015
1496.7 1.0 1.0 1.0 1.551 0.56 0.361 0.614 1.452 0.01 0.012 0.004 0.015
1496.8 1.0 1.0 1.0 1.551 0.56 0.361 0.614 1.452 0.01 0.012 0.004 0.015
1496.9 1.0 1.0 1.0 1.551 0.56 0.361 0.614 1.452 0.01 0.012 0.004 0.015
1497.0 1.0 1.0 1.0 1.551 0.56 0.361 0.614 1.452 0.01 0.012 0.004 0.015
1497.1 1.0 1.0 1.0 1.551 0.56 0.361 0.614 1.452 0.01 0.012 0.004 0.015
1497.2 1.0 1.0 1.0 1.551 0.56 0.361 0.614 1.452 0.01 0.012 0.004 0.015
1497.3 1.0 1.0 1.0 1.551 0.56 0.361 0.614 1.452 0.01 0.012 0.004 0.015
1497.4 1.0 1.0 1.0 1.551 0.56 0.361 0.614 1.452 0.01 0.012 0.004 0.015
1497.5 1.0 1.0 1.0 1.551 0.56 0.361 0.614 1.452 0.01 0.012 0.004 0.015
1497.6 1.0 1.0 1.0 1.551 0.56 0.361 0.614 1.452 0.01 0.012 0.004 0.015
1497.7 1.0 1.0 1.0 1.551 0.56 0.361 0.614 1.452 0.01 0.012 0.004 0.015
1497.8 1.0 1.0 1.0 1.551 0.56 0.361 0.614 1.452 0.01 0.012 0.004 0.015
1497.9 1.0 1.0 1.0 1.551 0.56 0.361 0.614 1.452 0.01 0.012 0.004 0.015
1498.0 1.0 1.0 1.0 1.551 0.56 0.361 0.614 1.452 0.01 0.012 0.004 0.015
1498.1 1.0 1.0 1.0 1.551 0.56 0.361 0.614 1.452 0.01 0.012 0.004 0.015
1498.2 1.0 1.0 1.0 1.551 0.56 0.361 0.614 1.452 0.01 0.012 0.004 0.015
1498.3 1.0 1.0 1.0 1.551 0.56 0.361 0.614 1.452 0.01 0.012 0.004 0.015
1498.4 1.0 1.0 1.0 1.551 0.56 0.361 0.614 1.452 0.01 0.012 0.004 0.015
1498.5 1.0 1.0 1.0 1.551 0.56 0.361 0.614 1.452 0.01 0.012 0.004 0.015
1498.6 1.0 1.0 1.0 1.551 0.56 0.361 0.614 1.452 0.01 0.012 0.004 0.015
1498.7 1.0 1.0 1.0 1.551 0.56 0.361 0.614 1.452 0.01 0.012 0.004 0.015
1498.8 1.0 1.0 1.0 1.551 0.56 0.361 0.614 1.452 0.01 0.012 0.004 0.015
1498.9 1.0 1.0 1.0 1.551 0.56 0.361 0.614 1.452 0.01 0.012 0.004 0.015
1499.0 1.0 1.0 1.0 1.551 0.56 0.361 0.614 1.452 0.01 0.012 0.004 0.015
1499.1 1.0 1.0 1.0 1.551 0.56 0.361 0.614 1.452 0.01 0.012 0.004 0.015
1499.2 1.0 1.0 1.0 1.551 0.56 0.361 0.614 1.452 0.01 0.012 0.004 0.015
1499.3 1.0 1.0 1.0 1.551 0.56 0.361 0.614 1.452 0.01 0.012 0.004 0.015
1499.4 1.0 1.0 1.0 1.551 0.56 0.361 0.614 1.452 0.01 0.012 0.004 0.015
1499.5 1.0 1.0 1.0 1.551 0.56 0.361 0.614 1.452 0.01 0.012 0.004 0.015
1499.6 1.0 1.0 1.0 1.551 0.56 0.361 0.614 1.452 0.01 0.012 0.004 0.015
1499.7 1.0 1.0 1.0 1.551 0.56 0.361 0.614 1.452 0.01 0.012 0.004 0.015
1499.8 1.0 1.0 1.0 1.551 0.56 0.361 0.614 1.452 0.01 0.012 0.004 0.015
