600.0 1.0 1.0 1.0 1.487 0.546 0.347 0.011 0.012 0.007
600.1 1.0 1.0 1.0 1.487 0.546 0.347 0.011 0.013 0.006
600.2 1.0 1.0 1.0 1.487 0.546 0.347 0.012 0.013 0.005
600.3 1.0 1.0 1.0 1.487 0.546 0.347 0.012 0.013 0.005
600.4 1.0 1.0 1.0 1.487 0.546 0.347 0.013 0.012 0.005
600.5 1.0 1.0 1.0 1.487 0.546 0.347 0.013 0.012 0.005
600.6 1.0 1.0 1.0 1.487 0.546 0.347 0.014 0.012 0.005
600.7 1.0 1.0 1.0 1.487 0.546 0.347 0.014 0.012 0.004
600.8 1.0 1.0 1.0 1.487 0.546 0.347 0.014 0.011 0.004
600.9 1.0 1.0 1.0 1.487 0.546 0.347 0.015 0.011 0.004
601.0 1.0 1.0 1.0 1.487 0.546 0.347 0.015 0.011 0.004
601.1 1.0 1.0 1.0 1.487 0.546 0.347 0.015 0.011 0.004
601.2 1.0 1.0 1.0 1.487 0.546 0.347 0.015 0.011 0.004
601.3 1.0 1.0 1.0 1.487 0.546 0.347 0.015 0.011 0.004
601.4 1.0 1.0 1.0 1.487 0.546 0.347 0.015 0.011 0.004
601.5 1.0 1.0 1.0 1.487 0.546 0.347 0.016 0.011 0.004
601.6 1.0 1.0 1.0 1.487 0.546 0.347 0.016 0.011 0.004
601.7 1.0 1.0 1.0 1.487 0.546 0.347 0.016 0.011 0.004
601.8 1.0 1.0 1.0 1.487 0.546 0.347 0.016 0.011 0.004
601.9 1.0 1.0 1.0 1.487 0.546 0.347 0.016 0.01 0.004
602.0 1.0 1.0 1.0 1.487 0.546 0.347 0.016 0.01 0.004
602.1 1.0 1.0 1.0 1.487 0.546 0.347 0.016 0.01 0.004
602.2 1.0 1.0 1.0 1.487 0.546 0.347 0.016 0.01 0.004
602.3 1.0 1.0 1.0 1.487 0.546 0.347 0.016 0.01 0.004
602.4 1.0 1.0 1.0 1.487 0.546 0.347 0.016 0.01 0.004
602.5 1.0 1.0 1.0 1.487 0.546 0.347 0.016 0.01 0.004
602.6 1.0 1.0 1.0 1.487 0.546 0.347 0.016 0.01 0.004
602.7 1.0 1.0 1.0 1.487 0.546 0.347 0.016 0.01 0.004
602.8 1.0 1.0 1.0 1.487 0.546 0.347 0.016 0.01 0.004
602.9 1.0 1.0 1.0 1.487 0.546 0.347 0.016 0.01 0.004
603.0 1.0 1.0 1.0 1.487 0.546 0.347 0.016 0.01 0.004
603.1 1.0 1.0 1.0 1.487 0.546 0.347 0.016 0.01 0.004
603.2 1.0 1.0 1.0 1.487 0.546 0.347 0.016 0.01 0.004
603.3 1.0 1.0 1.0 1.487 0.546 0.347 0.016 0.01 0.004
603.4 1.0 1.0 1.0 1.487 0.546 0.347 0.016 0.01 0.004
603.5 1.0 1.0 1.0 1.487 0.546 0.347 0.016 0.01 0.004
603.6 1.0 1.0 1.0 1.487 0.546 0.347 0.016 0.01 0.004
603.7 1.0 1.0 1.0 1.488 0.546 0.347 0.016 0.01 0.004
603.8 1.0 1.0 1.0 1.488 0.546 0.347 0.016 0.01 0.004
603.9 1.0 1.0 1.0 1.488 0.546 0.347 0.016 0.01 0.004
604.0 1.0 1.0 1.0 1.488 0.546 0.347 0.016 0.01 0.004
604.1 1.0 1.0 1.0 1.488 0.546 0.347 0.016 0.01 0.004
604.2 1.0 1.0 1.0 1.488 0.546 0.347 0.016 0.01 0.004
604.3 1.0 1.0 1.0 1.488 0.546 0.347 0.016 0.01 0.004
604.4 1.0 1.0 1.0 1.488 0.546 0.347 0.016 0.01 0.004
604.5 1.0 1.0 1.0 1.488 0.546 0.347 0.016 0.01 0.004
604.6 1.0 1.0 1.0 1.488 0.546 0.347 0.016 0.01 0.004
604.7 1.0 1.0 1.0 1.488 0.547 0.347 0.016 0.01 0.004
604.8 1.0 1.0 1.0 1.488 0.547 0.347 0.016 0.01 0.004
604.9 1.0 1.0 1.0 1.488 0.547 0.347 0.016 0.01 0.004
605.0 1.0 1.0 1.0 1.488 0.547 0.347 0.016 0.01 0.004
605.1 1.0 1.0 1.0 1.488 0.547 0.347 0.016 0.01 0.004
605.2 1.0 1.0 1.0 1.488 0.547 0.347 0.016 0.01 0.004
605.3 1.0 1.0 1.0 1.488 0.547 0.347 0.016 0.01 0.004
605.4 1.0 1.0 1.0 1.488 0.547 0.347 0.016 0.01 0.004
605.5 1.0 1.0 1.0 1.488 0.547 0.347 0.016 0.01 0.004
605.6 1.0 1.0 1.0 1.488 0.547 0.347 0.016 0.01 0.004
605.7 1.0 1.0 1.0 1.488 0.547 0.347 0.016 0.01 0.004
605.8 1.0 1.0 1.0 1.488 0.547 0.347 0.016 0.01 0.004
605.9 1.0 1.0 1.0 1.488 0.547 0.347 0.016 0.01 0.004
606.0 1.0 1.0 1.0 1.488 0.547 0.347 0.016 0.01 0.004
606.1 1.0 1.0 1.0 1.488 0.547 0.347 0.016 0.01 0.004
606.2 1.0 1.0 1.0 1.488 0.547 0.347 0.016 0.01 0.004
606.3 1.0 1.0 1.0 1.488 0.547 0.347 0.016 0.01 0.004
606.4 1.0 1.0 1.0 1.488 0.547 0.347 0.016 0.01 0.004
606.5 1.0 1.0 1.0 1.488 0.547 0.347 0.016 0.01 0.004
606.6 1.0 1.0 1.0 1.488 0.547 0.347 0.016 0.01 0.004
606.7 1.0 1.0 1.0 1.488 0.547 0.348 0.016 0.01 0.004
606.8 1.0 1.0 1.0 1.488 0.547 0.348 0.016 0.01 0.004
606.9 1.0 1.0 1.0 1.488 0.547 0.348 0.016 0.01 0.004
607.0 1.0 1.0 1.0 1.488 0.547 0.348 0.016 0.01 0.004
607.1 1.0 1.0 1.0 1.488 0.547 0.348 0.016 0.01 0.004
607.2 1.0 1.0 1.0 1.488 0.547 0.348 0.016 0.01 0.004
607.3 1.0 1.0 1.0 1.488 0.547 0.348 0.016 0.01 0.004
607.4 1.0 1.0 1.0 1.488 0.547 0.348 0.016 0.01 0.004
607.5 1.0 1.0 1.0 1.488 0.547 0.348 0.016 0.01 0.004
607.6 1.0 1.0 1.0 1.488 0.547 0.348 0.016 0.01 0.004
607.7 1.0 1.0 1.0 1.488 0.547 0.348 0.016 0.01 0.004
607.8 1.0 1.0 1.0 1.488 0.547 0.348 0.016 0.01 0.004
607.9 1.0 1.0 1.0 1.488 0.547 0.348 0.016 0.01 0.004
608.0 1.0 1.0 1.0 1.488 0.547 0.348 0.016 0.01 0.004
608.1 1.0 1.0 1.0 1.488 0.547 0.348 0.016 0.01 0.004
608.2 1.0 1.0 1.0 1.488 0.547 0.348 0.016 0.01 0.004
608.3 1.0 1.0 1.0 1.488 0.547 0.348 0.016 0.01 0.004
608.4 1.0 1.0 1.0 1.488 0.547 0.348 0.016 0.01 0.004
608.5 1.0 1.0 1.0 1.488 0.547 0.348 0.016 0.01 0.004
608.6 1.0 1.0 1.0 1.488 0.547 0.348 0.016 0.01 0.004
608.7 1.0 1.0 1.0 1.488 0.547 0.348 0.016 0.01 0.004
608.8 1.0 1.0 1.0 1.488 0.547 0.348 0.016 0.01 0.004
608.9 1.0 1.0 1.0 1.488 0.547 0.348 0.016 0.01 0.004
609.0 1.0 1.0 1.0 1.488 0.547 0.348 0.016 0.01 0.004
609.1 1.0 1.0 1.0 1.488 0.547 0.348 0.016 0.01 0.004
609.2 1.0 1.0 1.0 1.488 0.547 0.348 0.016 0.01 0.004
609.3 1.0 1.0 1.0 1.488 0.547 0.348 0.016 0.01 0.004
609.4 1.0 1.0 1.0 1.488 0.547 0.348 0.016 0.01 0.004
609.5 1.0 1.0 1.0 1.488 0.547 0.348 0.016 0.01 0.004
609.6 1.0 1.0 1.0 1.488 0.547 0.348 0.016 0.01 0.004
609.7 1.0 1.0 1.0 1.488 0.547 0.348 0.016 0.01 0.004
609.8 1.0 1.0 1.0 1.489 0.547 0.348 0.016 0.01 0.004
609.9 1.0 1.0 1.0 1.489 0.547 0.348 0.016 0.01 0.004
610.0 1.0 1.0 1.0 1.489 0.547 0.348 0.016 0.01 0.004
610.1 1.0 1.0 1.0 1.489 0.547 0.348 0.016 0.01 0.004
610.2 1.0 1.0 1.0 1.489 0.547 0.348 0.016 0.01 0.004
610.3 1.0 1.0 1.0 1.489 0.547 0.348 0.016 0.01 0.004
610.4 1.0 1.0 1.0 1.489 0.547 0.348 0.016 0.01 0.004
610.5 1.0 1.0 1.0 1.489 0.547 0.348 0.016 0.01 0.004
610.6 1.0 1.0 1.0 1.489 0.547 0.348 0.016 0.01 0.004
610.7 1.0 1.0 1.0 1.489 0.547 0.348 0.016 0.01 0.004
610.8 1.0 1.0 1.0 1.489 0.547 0.348 0.016 0.01 0.004
610.9 1.0 1.0 1.0 1.489 0.547 0.348 0.016 0.01 0.004
611.0 1.0 1.0 1.0 1.489 0.547 0.348 0.016 0.01 0.004
611.1 1.0 1.0 1.0 1.489 0.547 0.348 0.016 0.01 0.004
611.2 1.0 1.0 1.0 1.489 0.547 0.348 0.016 0.01 0.004
611.3 1.0 1.0 1.0 1.489 0.547 0.348 0.016 0.01 0.004
611.4 1.0 1.0 1.0 1.489 0.547 0.348 0.016 0.01 0.004
611.5 1.0 1.0 1.0 1.489 0.547 0.348 0.016 0.01 0.004
611.6 1.0 1.0 1.0 1.489 0.547 0.348 0.016 0.01 0.004
611.7 1.0 1.0 1.0 1.489 0.547 0.348 0.016 0.01 0.004
611.8 1.0 1.0 1.0 1.489 0.547 0.348 0.016 0.01 0.004
611.9 1.0 1.0 1.0 1.489 0.547 0.348 0.016 0.01 0.004
612.0 1.0 1.0 1.0 1.489 0.547 0.348 0.016 0.01 0.004
612.1 1.0 1.0 1.0 1.489 0.547 0.348 0.016 0.01 0.004
612.2 1.0 1.0 1.0 1.489 0.547 0.348 0.016 0.01 0.004
612.3 1.0 1.0 1.0 1.489 0.547 0.348 0.016 0.01 0.004
612.4 1.0 1.0 1.0 1.489 0.547 0.348 0.016 0.01 0.004
612.5 1.0 1.0 1.0 1.489 0.547 0.348 0.016 0.01 0.004
612.6 1.0 1.0 1.0 1.489 0.547 0.348 0.016 0.01 0.004
612.7 1.0 1.0 1.0 1.489 0.547 0.348 0.016 0.01 0.004
612.8 1.0 1.0 1.0 1.489 0.547 0.348 0.016 0.01 0.004
612.9 1.0 1.0 1.0 1.489 0.547 0.348 0.016 0.01 0.004
613.0 1.0 1.0 1.0 1.489 0.547 0.348 0.016 0.01 0.004
613.1 1.0 1.0 1.0 1.489 0.547 0.348 0.016 0.01 0.004
613.2 1.0 1.0 1.0 1.489 0.547 0.348 0.016 0.01 0.004
613.3 1.0 1.0 1.0 1.489 0.547 0.348 0.016 0.01 0.004
613.4 1.0 1.0 1.0 1.489 0.547 0.348 0.016 0.01 0.004
613.5 1.0 1.0 1.0 1.489 0.547 0.348 0.016 0.01 0.004
613.6 1.0 1.0 1.0 1.489 0.547 0.348 0.016 0.01 0.004
613.7 1.0 1.0 1.0 1.489 0.547 0.348 0.016 0.01 0.004
613.8 1.0 1.0 1.0 1.489 0.547 0.348 0.016 0.01 0.004
613.9 1.0 1.0 1.0 1.489 0.547 0.348 0.016 0.01 0.004
614.0 1.0 1.0 1.0 1.489 0.547 0.348 0.016 0.01 0.004
614.1 1.0 1.0 1.0 1.489 0.547 0.348 0.016 0.01 0.004
614.2 1.0 1.0 1.0 1.489 0.547 0.348 0.016 0.01 0.004
614.3 1.0 1.0 1.0 1.489 0.547 0.348 0.016 0.01 0.004
614.4 1.0 1.0 1.0 1.489 0.547 0.348 0.016 0.01 0.004
614.5 1.0 1.0 1.0 1.489 0.547 0.348 0.016 0.01 0.004
614.6 1.0 1.0 1.0 1.489 0.547 0.348 0.016 0.01 0.004
614.7 1.0 1.0 1.0 1.489 0.547 0.348 0.016 0.01 0.004
614.8 1.0 1.0 1.0 1.489 0.547 0.348 0.016 0.01 0.004
614.9 1.0 1.0 1.0 1.489 0.547 0.348 0.016 0.01 0.004
615.0 1.0 1.0 1.0 1.489 0.547 0.348 0.016 0.01 0.004
615.1 1.0 1.0 1.0 1.489 0.547 0.348 0.016 0.01 0.004
615.2 1.0 1.0 1.0 1.489 0.547 0.348 0.016 0.01 0.004
615.3 1.0 1.0 1.0 1.489 0.547 0.348 0.016 0.01 0.004
615.4 1.0 1.0 1.0 1.489 0.547 0.348 0.016 0.01 0.004
615.5 1.0 1.0 1.0 1.489 0.547 0.348 0.016 0.01 0.004
615.6 1.0 1.0 1.0 1.489 0.547 0.348 0.016 0.01 0.004
615.7 1.0 1.0 1.0 1.489 0.547 0.348 0.016 0.01 0.004
615.8 1.0 1.0 1.0 1.489 0.547 0.348 0.016 0.01 0.004
615.9 1.0 1.0 1.0 1.489 0.547 0.348 0.016 0.01 0.004
616.0 1.0 1.0 1.0 1.489 0.547 0.348 0.016 0.01 0.004
616.1 1.0 1.0 1.0 1.489 0.547 0.348 0.016 0.01 0.004
616.2 1.0 1.0 1.0 1.489 0.547 0.348 0.016 0.01 0.004
616.3 1.0 1.0 1.0 1.489 0.547 0.348 0.016 0.01 0.004
616.4 1.0 1.0 1.0 1.489 0.547 0.348 0.016 0.01 0.004
616.5 1.0 1.0 1.0 1.489 0.547 0.348 0.016 0.01 0.004
616.6 1.0 1.0 1.0 1.489 0.547 0.348 0.016 0.01 0.004
616.7 1.0 1.0 1.0 1.489 0.547 0.348 0.016 0.01 0.004
616.8 1.0 1.0 1.0 1.489 0.547 0.348 0.016 0.01 0.004
616.9 1.0 1.0 1.0 1.489 0.547 0.348 0.016 0.01 0.004
617.0 1.0 1.0 1.0 1.489 0.547 0.348 0.016 0.01 0.004
617.1 1.0 1.0 1.0 1.489 0.547 0.348 0.016 0.01 0.004
617.2 1.0 1.0 1.0 1.489 0.547 0.348 0.016 0.01 0.004
617.3 1.0 1.0 1.0 1.489 0.547 0.348 0.016 0.01 0.004
617.4 1.0 1.0 1.0 1.489 0.547 0.348 0.016 0.01 0.004
617.5 1.0 1.0 1.0 1.489 0.547 0.348 0.016 0.01 0.004
617.6 1.0 1.0 1.0 1.489 0.547 0.348 0.016 0.01 0.004
617.7 1.0 1.0 1.0 1.489 0.547 0.348 0.016 0.01 0.004
617.8 1.0 1.0 1.0 1.489 0.547 0.348 0.016 0.01 0.004
617.9 1.0 1.0 1.0 1.489 0.547 0.348 0.016 0.01 0.004
618.0 1.0 1.0 1.0 1.489 0.547 0.348 0.016 0.01 0.004
618.1 1.0 1.0 1.0 1.489 0.547 0.348 0.016 0.01 0.004
618.2 1.0 1.0 1.0 1.489 0.547 0.348 0.016 0.01 0.004
618.3 1.0 1.0 1.0 1.489 0.547 0.348 0.016 0.01 0.004
618.4 1.0 1.0 1.0 1.489 0.547 0.348 0.016 0.01 0.004
618.5 1.0 1.0 1.0 1.489 0.547 0.348 0.016 0.01 0.004
618.6 1.0 1.0 1.0 1.489 0.547 0.348 0.016 0.01 0.004
618.7 1.0 1.0 1.0 1.489 0.547 0.348 0.016 0.01 0.004
618.8 1.0 1.0 1.0 1.489 0.547 0.348 0.016 0.01 0.004
618.9 1.0 1.0 1.0 1.489 0.547 0.348 0.016 0.01 0.004
619.0 1.0 1.0 1.0 1.489 0.547 0.348 0.016 0.01 0.004
619.1 1.0 1.0 1.0 1.489 0.547 0.348 0.016 0.01 0.004
619.2 1.0 1.0 1.0 1.489 0.547 0.348 0.016 0.01 0.004
619.3 1.0 1.0 1.0 1.489 0.547 0.348 0.016 0.01 0.004
619.4 1.0 1.0 1.0 1.489 0.547 0.348 0.016 0.01 0.004
619.5 1.0 1.0 1.0 1.489 0.547 0.348 0.016 0.01 0.004
619.6 1.0 1.0 1.0 1.489 0.547 0.348 0.016 0.01 0.004
619.7 1.0 1.0 1.0 1.489 0.547 0.348 0.016 0.01 0.004
619.8 1.0 1.0 1.0 1.489 0.547 0.348 0.016 0.01 0.004
619.9 1.0 1.0 1.0 1.489 0.547 0.348 0.016 0.01 0.004
620.0 1.0 1.0 1.0 1.489 0.547 0.348 0.016 0.01 0.004
620.1 1.0 1.0 1.0 1.489 0.547 0.348 0.016 0.01 0.004
620.2 1.0 1.0 1.0 1.489 0.547 0.348 0.016 0.01 0.004
620.3 1.0 1.0 1.0 1.489 0.547 0.348 0.016 0.01 0.004
620.4 1.0 1.0 1.0 1.489 0.547 0.348 0.016 0.01 0.004
620.5 1.0 1.0 1.0 1.489 0.547 0.348 0.016 0.01 0.004
620.6 1.0 1.0 1.0 1.49 0.547 0.348 0.016 0.01 0.004
620.7 1.0 1.0 1.0 1.49 0.547 0.348 0.016 0.01 0.004
620.8 1.0 1.0 1.0 1.49 0.547 0.348 0.016 0.01 0.004
620.9 1.0 1.0 1.0 1.49 0.547 0.348 0.016 0.01 0.004
621.0 1.0 1.0 1.0 1.49 0.547 0.348 0.016 0.01 0.004
621.1 1.0 1.0 1.0 1.49 0.547 0.348 0.016 0.01 0.004
621.2 1.0 1.0 1.0 1.49 0.547 0.348 0.016 0.01 0.004
621.3 1.0 1.0 1.0 1.49 0.547 0.348 0.016 0.01 0.004
621.4 1.0 1.0 1.0 1.49 0.547 0.348 0.016 0.01 0.004
621.5 1.0 1.0 1.0 1.49 0.547 0.348 0.016 0.01 0.004
621.6 1.0 1.0 1.0 1.49 0.547 0.348 0.016 0.01 0.004
621.7 1.0 1.0 1.0 1.49 0.547 0.348 0.016 0.01 0.004
621.8 1.0 1.0 1.0 1.49 0.547 0.348 0.016 0.01 0.004
621.9 1.0 1.0 1.0 1.49 0.547 0.348 0.016 0.01 0.004
622.0 1.0 1.0 1.0 1.49 0.547 0.348 0.016 0.01 0.004
622.1 1.0 1.0 1.0 1.49 0.547 0.348 0.016 0.01 0.004
622.2 1.0 1.0 1.0 1.49 0.547 0.348 0.016 0.01 0.004
622.3 1.0 1.0 1.0 1.49 0.547 0.348 0.016 0.01 0.004
622.4 1.0 1.0 1.0 1.49 0.547 0.348 0.016 0.01 0.004
622.5 1.0 1.0 1.0 1.49 0.547 0.348 0.016 0.01 0.004
622.6 1.0 1.0 1.0 1.49 0.547 0.348 0.016 0.01 0.004
622.7 1.0 1.0 1.0 1.49 0.547 0.348 0.016 0.01 0.004
622.8 1.0 1.0 1.0 1.49 0.547 0.348 0.016 0.01 0.004
622.9 1.0 1.0 1.0 1.49 0.547 0.348 0.016 0.01 0.004
623.0 1.0 1.0 1.0 1.49 0.547 0.348 0.016 0.01 0.004
623.1 1.0 1.0 1.0 1.49 0.547 0.348 0.016 0.01 0.004
623.2 1.0 1.0 1.0 1.49 0.547 0.348 0.016 0.01 0.004
623.3 1.0 1.0 1.0 1.49 0.547 0.348 0.016 0.01 0.004
623.4 1.0 1.0 1.0 1.49 0.547 0.348 0.016 0.01 0.004
623.5 1.0 1.0 1.0 1.49 0.547 0.348 0.016 0.01 0.004
623.6 1.0 1.0 1.0 1.49 0.547 0.348 0.016 0.01 0.004
623.7 1.0 1.0 1.0 1.49 0.547 0.348 0.016 0.01 0.004
623.8 1.0 1.0 1.0 1.49 0.547 0.348 0.016 0.01 0.004
623.9 1.0 1.0 1.0 1.49 0.547 0.348 0.016 0.01 0.004
624.0 1.0 1.0 1.0 1.49 0.547 0.348 0.016 0.01 0.004
624.1 1.0 1.0 1.0 1.49 0.547 0.348 0.016 0.01 0.004
624.2 1.0 1.0 1.0 1.49 0.547 0.348 0.016 0.01 0.004
624.3 1.0 1.0 1.0 1.49 0.547 0.348 0.016 0.01 0.004
624.4 1.0 1.0 1.0 1.49 0.547 0.348 0.016 0.01 0.004
624.5 1.0 1.0 1.0 1.49 0.547 0.348 0.016 0.01 0.004
624.6 1.0 1.0 1.0 1.49 0.547 0.348 0.016 0.01 0.004
624.7 1.0 1.0 1.0 1.49 0.547 0.348 0.016 0.01 0.004
624.8 1.0 1.0 1.0 1.49 0.547 0.348 0.016 0.01 0.004
624.9 1.0 1.0 1.0 1.49 0.547 0.348 0.016 0.01 0.004
625.0 1.0 1.0 1.0 1.49 0.547 0.348 0.016 0.01 0.004
625.1 1.0 1.0 1.0 1.49 0.547 0.348 0.016 0.01 0.004
625.2 1.0 1.0 1.0 1.49 0.547 0.348 0.016 0.01 0.004
625.3 1.0 1.0 1.0 1.49 0.547 0.348 0.016 0.01 0.004
625.4 1.0 1.0 1.0 1.49 0.547 0.348 0.016 0.01 0.004
625.5 1.0 1.0 1.0 1.49 0.547 0.348 0.016 0.01 0.004
625.6 1.0 1.0 1.0 1.49 0.547 0.348 0.016 0.01 0.004
625.7 1.0 1.0 1.0 1.49 0.547 0.348 0.016 0.01 0.004
625.8 1.0 1.0 1.0 1.49 0.547 0.348 0.016 0.01 0.004
625.9 1.0 1.0 1.0 1.49 0.547 0.348 0.016 0.01 0.004
626.0 1.0 1.0 1.0 1.49 0.547 0.348 0.016 0.01 0.004
626.1 1.0 1.0 1.0 1.49 0.547 0.348 0.016 0.01 0.004
626.2 1.0 1.0 1.0 1.49 0.547 0.348 0.016 0.01 0.004
626.3 1.0 1.0 1.0 1.49 0.547 0.348 0.016 0.01 0.004
626.4 1.0 1.0 1.0 1.49 0.547 0.348 0.016 0.01 0.004
626.5 1.0 1.0 1.0 1.49 0.547 0.348 0.016 0.01 0.004
626.6 1.0 1.0 1.0 1.49 0.547 0.348 0.016 0.01 0.004
626.7 1.0 1.0 1.0 1.49 0.547 0.348 0.016 0.01 0.004
626.8 1.0 1.0 1.0 1.49 0.547 0.348 0.016 0.01 0.004
626.9 1.0 1.0 1.0 1.49 0.547 0.348 0.016 0.01 0.004
627.0 1.0 1.0 1.0 1.49 0.547 0.348 0.016 0.01 0.004
627.1 1.0 1.0 1.0 1.49 0.547 0.348 0.016 0.01 0.004
627.2 1.0 1.0 1.0 1.49 0.547 0.348 0.016 0.01 0.004
627.3 1.0 1.0 1.0 1.49 0.547 0.348 0.016 0.01 0.004
627.4 1.0 1.0 1.0 1.49 0.547 0.348 0.016 0.01 0.004
627.5 1.0 1.0 1.0 1.49 0.547 0.348 0.016 0.01 0.004
627.6 1.0 1.0 1.0 1.49 0.547 0.348 0.016 0.01 0.004
627.7 1.0 1.0 1.0 1.49 0.547 0.348 0.016 0.01 0.004
627.8 1.0 1.0 1.0 1.49 0.547 0.348 0.016 0.01 0.004
627.9 1.0 1.0 1.0 1.49 0.547 0.348 0.016 0.01 0.004
628.0 1.0 1.0 1.0 1.49 0.547 0.348 0.016 0.01 0.004
628.1 1.0 1.0 1.0 1.49 0.547 0.348 0.016 0.01 0.004
628.2 1.0 1.0 1.0 1.49 0.547 0.348 0.016 0.01 0.004
628.3 1.0 1.0 1.0 1.49 0.547 0.348 0.016 0.01 0.004
628.4 1.0 1.0 1.0 1.49 0.547 0.348 0.016 0.01 0.004
628.5 1.0 1.0 1.0 1.49 0.547 0.348 0.016 0.01 0.004
628.6 1.0 1.0 1.0 1.49 0.547 0.348 0.016 0.01 0.004
628.7 1.0 1.0 1.0 1.49 0.547 0.348 0.016 0.01 0.004
628.8 1.0 1.0 1.0 1.49 0.547 0.348 0.016 0.01 0.004
628.9 1.0 1.0 1.0 1.49 0.547 0.348 0.016 0.01 0.004
629.0 1.0 1.0 1.0 1.49 0.547 0.348 0.016 0.01 0.004
629.1 1.0 1.0 1.0 1.49 0.547 0.348 0.016 0.01 0.004
629.2 1.0 1.0 1.0 1.49 0.547 0.348 0.016 0.01 0.004
629.3 1.0 1.0 1.0 1.49 0.547 0.348 0.016 0.01 0.004
629.4 1.0 1.0 1.0 1.49 0.547 0.348 0.016 0.01 0.004
629.5 1.0 1.0 1.0 1.49 0.547 0.348 0.016 0.01 0.004
629.6 1.0 1.0 1.0 1.49 0.547 0.348 0.016 0.01 0.004
629.7 1.0 1.0 1.0 1.49 0.547 0.348 0.016 0.01 0.004
629.8 1.0 1.0 1.0 1.49 0.547 0.348 0.016 0.01 0.004
629.9 1.0 1.0 1.0 1.49 0.547 0.348 0.016 0.01 0.004
630.0 1.0 1.0 1.0 1.49 0.547 0.348 0.016 0.01 0.004
630.1 1.0 1.0 1.0 1.49 0.547 0.348 0.016 0.01 0.004
630.2 1.0 1.0 1.0 1.49 0.547 0.348 0.016 0.01 0.004
630.3 1.0 1.0 1.0 1.49 0.547 0.348 0.016 0.01 0.004
630.4 1.0 1.0 1.0 1.49 0.547 0.348 0.016 0.01 0.004
630.5 1.0 1.0 1.0 1.49 0.547 0.348 0.016 0.01 0.004
630.6 1.0 1.0 1.0 1.49 0.547 0.348 0.016 0.01 0.004
630.7 1.0 1.0 1.0 1.49 0.547 0.348 0.016 0.01 0.004
630.8 1.0 1.0 1.0 1.49 0.547 0.348 0.016 0.01 0.004
630.9 1.0 1.0 1.0 1.49 0.547 0.348 0.016 0.01 0.004
631.0 1.0 1.0 1.0 1.49 0.547 0.348 0.016 0.01 0.004
631.1 1.0 1.0 1.0 1.49 0.547 0.348 0.016 0.01 0.004
631.2 1.0 1.0 1.0 1.49 0.547 0.348 0.016 0.01 0.004
631.3 1.0 1.0 1.0 1.49 0.547 0.348 0.016 0.01 0.004
631.4 1.0 1.0 1.0 1.49 0.547 0.348 0.016 0.01 0.004
631.5 1.0 1.0 1.0 1.49 0.547 0.348 0.016 0.01 0.004
631.6 1.0 1.0 1.0 1.49 0.547 0.348 0.016 0.01 0.004
631.7 1.0 1.0 1.0 1.49 0.547 0.348 0.016 0.01 0.004
631.8 1.0 1.0 1.0 1.49 0.547 0.348 0.016 0.01 0.004
631.9 1.0 1.0 1.0 1.49 0.547 0.348 0.016 0.01 0.004
632.0 1.0 1.0 1.0 1.49 0.547 0.348 0.016 0.01 0.004
632.1 1.0 1.0 1.0 1.49 0.547 0.348 0.016 0.01 0.004
632.2 1.0 1.0 1.0 1.49 0.547 0.348 0.016 0.01 0.004
632.3 1.0 1.0 1.0 1.49 0.547 0.348 0.016 0.01 0.004
632.4 1.0 1.0 1.0 1.49 0.547 0.348 0.016 0.01 0.004
632.5 1.0 1.0 1.0 1.49 0.547 0.348 0.016 0.01 0.004
632.6 1.0 1.0 1.0 1.49 0.547 0.348 0.016 0.01 0.004
632.7 1.0 1.0 1.0 1.49 0.547 0.348 0.016 0.01 0.004
632.8 1.0 1.0 1.0 1.49 0.547 0.348 0.016 0.01 0.004
632.9 1.0 1.0 1.0 1.49 0.547 0.348 0.016 0.01 0.004
633.0 1.0 1.0 1.0 1.49 0.547 0.348 0.016 0.01 0.004
633.1 1.0 1.0 1.0 1.49 0.547 0.348 0.016 0.01 0.004
633.2 1.0 1.0 1.0 1.49 0.547 0.348 0.016 0.01 0.004
633.3 1.0 1.0 1.0 1.49 0.547 0.348 0.016 0.01 0.004
633.4 1.0 1.0 1.0 1.49 0.547 0.348 0.016 0.01 0.004
633.5 1.0 1.0 1.0 1.49 0.547 0.348 0.016 0.01 0.004
633.6 1.0 1.0 1.0 1.49 0.547 0.348 0.016 0.01 0.004
633.7 1.0 1.0 1.0 1.49 0.547 0.348 0.016 0.01 0.004
633.8 1.0 1.0 1.0 1.49 0.547 0.348 0.016 0.01 0.004
633.9 1.0 1.0 1.0 1.49 0.547 0.348 0.016 0.01 0.004
634.0 1.0 1.0 1.0 1.49 0.547 0.348 0.016 0.01 0.004
634.1 1.0 1.0 1.0 1.49 0.547 0.348 0.016 0.01 0.004
634.2 1.0 1.0 1.0 1.49 0.547 0.348 0.016 0.01 0.004
634.3 1.0 1.0 1.0 1.49 0.547 0.348 0.016 0.01 0.004
634.4 1.0 1.0 1.0 1.49 0.547 0.348 0.016 0.01 0.004
634.5 1.0 1.0 1.0 1.49 0.547 0.348 0.016 0.01 0.004
634.6 1.0 1.0 1.0 1.49 0.547 0.348 0.016 0.01 0.004
634.7 1.0 1.0 1.0 1.49 0.547 0.348 0.016 0.01 0.004
634.8 1.0 1.0 1.0 1.49 0.547 0.348 0.016 0.01 0.004
634.9 1.0 1.0 1.0 1.49 0.547 0.348 0.016 0.01 0.004
635.0 1.0 1.0 1.0 1.49 0.547 0.348 0.016 0.01 0.004
635.1 1.0 1.0 1.0 1.49 0.547 0.348 0.016 0.01 0.004
635.2 1.0 1.0 1.0 1.49 0.547 0.348 0.016 0.01 0.004
635.3 1.0 1.0 1.0 1.49 0.547 0.348 0.016 0.01 0.004
635.4 1.0 1.0 1.0 1.49 0.547 0.348 0.016 0.01 0.004
635.5 1.0 1.0 1.0 1.49 0.547 0.348 0.016 0.01 0.004
635.6 1.0 1.0 1.0 1.49 0.547 0.348 0.016 0.01 0.004
635.7 1.0 1.0 1.0 1.49 0.547 0.348 0.016 0.01 0.004
635.8 1.0 1.0 1.0 1.49 0.547 0.348 0.016 0.01 0.004
635.9 1.0 1.0 1.0 1.49 0.547 0.348 0.016 0.01 0.004
636.0 1.0 1.0 1.0 1.49 0.547 0.348 0.016 0.01 0.004
636.1 1.0 1.0 1.0 1.49 0.547 0.348 0.016 0.01 0.004
636.2 1.0 1.0 1.0 1.49 0.547 0.348 0.016 0.01 0.004
636.3 1.0 1.0 1.0 1.49 0.547 0.348 0.016 0.01 0.004
636.4 1.0 1.0 1.0 1.49 0.547 0.348 0.016 0.01 0.004
636.5 1.0 1.0 1.0 1.49 0.547 0.348 0.016 0.01 0.004
636.6 1.0 1.0 1.0 1.49 0.547 0.348 0.016 0.01 0.004
636.7 1.0 1.0 1.0 1.49 0.547 0.348 0.016 0.01 0.004
636.8 1.0 1.0 1.0 1.49 0.547 0.348 0.016 0.01 0.004
636.9 1.0 1.0 1.0 1.49 0.547 0.348 0.016 0.01 0.004
637.0 1.0 1.0 1.0 1.49 0.547 0.348 0.016 0.01 0.004
637.1 1.0 1.0 1.0 1.49 0.547 0.348 0.016 0.01 0.004
637.2 1.0 1.0 1.0 1.49 0.547 0.348 0.016 0.01 0.004
637.3 1.0 1.0 1.0 1.49 0.547 0.348 0.016 0.01 0.004
637.4 1.0 1.0 1.0 1.49 0.547 0.348 0.016 0.01 0.004
637.5 1.0 1.0 1.0 1.49 0.547 0.348 0.016 0.01 0.004
637.6 1.0 1.0 1.0 1.49 0.547 0.348 0.016 0.01 0.004
637.7 1.0 1.0 1.0 1.49 0.547 0.348 0.016 0.01 0.004
637.8 1.0 1.0 1.0 1.49 0.547 0.348 0.016 0.01 0.004
637.9 1.0 1.0 1.0 1.49 0.547 0.348 0.016 0.01 0.004
638.0 1.0 1.0 1.0 1.49 0.547 0.348 0.016 0.01 0.004
638.1 1.0 1.0 1.0 1.49 0.547 0.348 0.016 0.01 0.004
638.2 1.0 1.0 1.0 1.49 0.547 0.348 0.016 0.01 0.004
638.3 1.0 1.0 1.0 1.49 0.547 0.348 0.016 0.01 0.004
638.4 1.0 1.0 1.0 1.49 0.547 0.348 0.016 0.01 0.004
638.5 1.0 1.0 1.0 1.49 0.547 0.348 0.016 0.01 0.004
638.6 1.0 1.0 1.0 1.49 0.547 0.348 0.016 0.01 0.004
638.7 1.0 1.0 1.0 1.49 0.547 0.348 0.016 0.01 0.004
638.8 1.0 1.0 1.0 1.49 0.547 0.348 0.016 0.01 0.004
638.9 1.0 1.0 1.0 1.49 0.547 0.348 0.016 0.01 0.004
639.0 1.0 1.0 1.0 1.49 0.547 0.348 0.016 0.01 0.004
639.1 1.0 1.0 1.0 1.49 0.547 0.348 0.016 0.01 0.004
639.2 1.0 1.0 1.0 1.49 0.547 0.348 0.016 0.01 0.004
639.3 1.0 1.0 1.0 1.49 0.547 0.348 0.016 0.01 0.004
639.4 1.0 1.0 1.0 1.49 0.547 0.348 0.016 0.01 0.004
639.5 1.0 1.0 1.0 1.49 0.547 0.348 0.016 0.01 0.004
639.6 1.0 1.0 1.0 1.49 0.547 0.348 0.016 0.01 0.004
639.7 1.0 1.0 1.0 1.49 0.547 0.348 0.016 0.01 0.004
639.8 1.0 1.0 1.0 1.49 0.547 0.348 0.016 0.01 0.004
639.9 1.0 1.0 1.0 1.49 0.547 0.348 0.016 0.01 0.004
640.0 1.0 1.0 1.0 1.49 0.547 0.348 0.016 0.01 0.004
640.1 1.0 1.0 1.0 1.49 0.547 0.348 0.016 0.01 0.004
640.2 1.0 1.0 1.0 1.49 0.547 0.348 0.016 0.01 0.004
640.3 1.0 1.0 1.0 1.49 0.547 0.348 0.016 0.01 0.004
640.4 1.0 1.0 1.0 1.49 0.547 0.348 0.016 0.01 0.004
640.5 1.0 1.0 1.0 1.49 0.547 0.348 0.016 0.01 0.004
640.6 1.0 1.0 1.0 1.49 0.547 0.348 0.016 0.01 0.004
640.7 1.0 1.0 1.0 1.49 0.547 0.348 0.016 0.01 0.004
640.8 1.0 1.0 1.0 1.49 0.547 0.348 0.016 0.01 0.004
640.9 1.0 1.0 1.0 1.49 0.547 0.348 0.016 0.01 0.004
641.0 1.0 1.0 1.0 1.49 0.547 0.348 0.016 0.01 0.004
641.1 1.0 1.0 1.0 1.49 0.547 0.348 0.016 0.01 0.004
641.2 1.0 1.0 1.0 1.49 0.547 0.348 0.016 0.01 0.004
641.3 1.0 1.0 1.0 1.49 0.547 0.348 0.016 0.01 0.004
641.4 1.0 1.0 1.0 1.49 0.547 0.348 0.016 0.01 0.004
641.5 1.0 1.0 1.0 1.49 0.547 0.348 0.016 0.01 0.004
641.6 1.0 1.0 1.0 1.49 0.547 0.348 0.016 0.01 0.004
641.7 1.0 1.0 1.0 1.49 0.547 0.348 0.016 0.01 0.004
641.8 1.0 1.0 1.0 1.49 0.547 0.348 0.016 0.01 0.004
641.9 1.0 1.0 1.0 1.49 0.547 0.348 0.016 0.01 0.004
642.0 1.0 1.0 1.0 1.49 0.547 0.348 0.016 0.01 0.004
642.1 1.0 1.0 1.0 1.49 0.547 0.348 0.016 0.01 0.004
642.2 1.0 1.0 1.0 1.49 0.547 0.348 0.016 0.01 0.004
642.3 1.0 1.0 1.0 1.49 0.547 0.348 0.016 0.01 0.004
642.4 1.0 1.0 1.0 1.49 0.547 0.348 0.016 0.01 0.004
642.5 1.0 1.0 1.0 1.49 0.547 0.348 0.016 0.01 0.004
642.6 1.0 1.0 1.0 1.49 0.547 0.348 0.016 0.01 0.004
642.7 1.0 1.0 1.0 1.49 0.547 0.348 0.016 0.01 0.004
642.8 1.0 1.0 1.0 1.49 0.547 0.348 0.016 0.01 0.004
642.9 1.0 1.0 1.0 1.49 0.547 0.348 0.016 0.01 0.004
643.0 1.0 1.0 1.0 1.49 0.547 0.348 0.016 0.01 0.004
643.1 1.0 1.0 1.0 1.49 0.547 0.348 0.016 0.01 0.004
643.2 1.0 1.0 1.0 1.49 0.547 0.348 0.016 0.01 0.004
643.3 1.0 1.0 1.0 1.49 0.547 0.348 0.016 0.01 0.004
643.4 1.0 1.0 1.0 1.49 0.547 0.348 0.016 0.01 0.004
643.5 1.0 1.0 1.0 1.49 0.547 0.348 0.016 0.01 0.004
643.6 1.0 1.0 1.0 1.49 0.547 0.348 0.016 0.01 0.004
643.7 1.0 1.0 1.0 1.49 0.547 0.348 0.016 0.01 0.004
643.8 1.0 1.0 1.0 1.49 0.547 0.348 0.016 0.01 0.004
643.9 1.0 1.0 1.0 1.49 0.547 0.348 0.016 0.01 0.004
644.0 1.0 1.0 1.0 1.49 0.547 0.348 0.016 0.01 0.004
644.1 1.0 1.0 1.0 1.49 0.547 0.348 0.016 0.01 0.004
644.2 1.0 1.0 1.0 1.49 0.547 0.348 0.016 0.01 0.004
644.3 1.0 1.0 1.0 1.49 0.547 0.348 0.016 0.01 0.004
644.4 1.0 1.0 1.0 1.49 0.547 0.348 0.016 0.01 0.004
644.5 1.0 1.0 1.0 1.49 0.547 0.348 0.016 0.01 0.004
644.6 1.0 1.0 1.0 1.49 0.547 0.348 0.016 0.01 0.004
644.7 1.0 1.0 1.0 1.49 0.547 0.348 0.016 0.01 0.004
644.8 1.0 1.0 1.0 1.49 0.547 0.348 0.016 0.01 0.004
644.9 1.0 1.0 1.0 1.49 0.547 0.348 0.016 0.01 0.004
645.0 1.0 1.0 1.0 1.49 0.547 0.348 0.016 0.01 0.004
645.1 1.0 1.0 1.0 1.49 0.547 0.348 0.016 0.01 0.004
645.2 1.0 1.0 1.0 1.49 0.547 0.348 0.016 0.01 0.004
645.3 1.0 1.0 1.0 1.49 0.547 0.348 0.016 0.01 0.004
645.4 1.0 1.0 1.0 1.49 0.547 0.348 0.016 0.01 0.004
645.5 1.0 1.0 1.0 1.49 0.547 0.348 0.016 0.01 0.004
645.6 1.0 1.0 1.0 1.49 0.547 0.348 0.016 0.01 0.004
645.7 1.0 1.0 1.0 1.49 0.547 0.348 0.016 0.01 0.004
645.8 1.0 1.0 1.0 1.49 0.547 0.348 0.016 0.01 0.004
645.9 1.0 1.0 1.0 1.49 0.547 0.348 0.016 0.01 0.004
646.0 1.0 1.0 1.0 1.49 0.547 0.348 0.016 0.01 0.004
646.1 1.0 1.0 1.0 1.49 0.547 0.348 0.016 0.01 0.004
646.2 1.0 1.0 1.0 1.49 0.547 0.348 0.016 0.01 0.004
646.3 1.0 1.0 1.0 1.49 0.547 0.348 0.016 0.01 0.004
646.4 1.0 1.0 1.0 1.49 0.547 0.348 0.016 0.01 0.004
646.5 1.0 1.0 1.0 1.49 0.547 0.348 0.016 0.01 0.004
646.6 1.0 1.0 1.0 1.49 0.547 0.348 0.016 0.01 0.004
646.7 1.0 1.0 1.0 1.49 0.547 0.348 0.016 0.01 0.004
646.8 1.0 1.0 1.0 1.49 0.547 0.348 0.016 0.01 0.004
646.9 1.0 1.0 1.0 1.49 0.547 0.348 0.016 0.01 0.004
647.0 1.0 1.0 1.0 1.49 0.547 0.348 0.016 0.01 0.004
647.1 1.0 1.0 1.0 1.49 0.547 0.348 0.016 0.01 0.004
647.2 1.0 1.0 1.0 1.49 0.547 0.348 0.016 0.01 0.004
647.3 1.0 1.0 1.0 1.49 0.547 0.348 0.016 0.01 0.004
647.4 1.0 1.0 1.0 1.49 0.547 0.348 0.016 0.01 0.004
647.5 1.0 1.0 1.0 1.49 0.547 0.348 0.016 0.01 0.004
647.6 1.0 1.0 1.0 1.49 0.547 0.348 0.016 0.01 0.004
647.7 1.0 1.0 1.0 1.49 0.547 0.348 0.016 0.01 0.004
647.8 1.0 1.0 1.0 1.49 0.547 0.348 0.016 0.01 0.004
647.9 1.0 1.0 1.0 1.49 0.547 0.348 0.016 0.01 0.004
648.0 1.0 1.0 1.0 1.49 0.547 0.348 0.016 0.01 0.004
648.1 1.0 1.0 1.0 1.49 0.547 0.348 0.016 0.01 0.004
648.2 1.0 1.0 1.0 1.49 0.547 0.348 0.016 0.01 0.004
648.3 1.0 1.0 1.0 1.49 0.547 0.348 0.016 0.01 0.004
648.4 1.0 1.0 1.0 1.49 0.547 0.348 0.016 0.01 0.004
648.5 1.0 1.0 1.0 1.49 0.547 0.348 0.016 0.01 0.004
648.6 1.0 1.0 1.0 1.49 0.547 0.348 0.016 0.01 0.004
648.7 1.0 1.0 1.0 1.49 0.547 0.348 0.016 0.01 0.004
648.8 1.0 1.0 1.0 1.49 0.547 0.348 0.016 0.01 0.004
648.9 1.0 1.0 1.0 1.49 0.547 0.348 0.016 0.01 0.004
649.0 1.0 1.0 1.0 1.49 0.547 0.348 0.016 0.01 0.004
649.1 1.0 1.0 1.0 1.49 0.547 0.348 0.016 0.01 0.004
649.2 1.0 1.0 1.0 1.49 0.547 0.348 0.016 0.01 0.004
649.3 1.0 1.0 1.0 1.49 0.547 0.348 0.016 0.01 0.004
649.4 1.0 1.0 1.0 1.49 0.547 0.348 0.016 0.01 0.004
649.5 1.0 1.0 1.0 1.49 0.547 0.348 0.016 0.01 0.004
649.6 1.0 1.0 1.0 1.49 0.547 0.348 0.016 0.01 0.004
649.7 1.0 1.0 1.0 1.49 0.547 0.348 0.016 0.01 0.004
649.8 1.0 1.0 1.0 1.49 0.547 0.348 0.016 0.01 0.004
649.9 1.0 1.0 1.0 1.49 0.547 0.348 0.016 0.01 0.004
650.0 1.0 1.0 1.0 1.49 0.547 0.348 0.016 0.01 0.004
650.1 1.0 1.0 1.0 1.49 0.547 0.348 0.016 0.01 0.004
650.2 1.0 1.0 1.0 1.49 0.547 0.348 0.016 0.01 0.004
650.3 1.0 1.0 1.0 1.49 0.547 0.348 0.016 0.01 0.004
650.4 1.0 1.0 1.0 1.49 0.547 0.348 0.016 0.01 0.004
650.5 1.0 1.0 1.0 1.49 0.547 0.348 0.016 0.01 0.004
650.6 1.0 1.0 1.0 1.49 0.547 0.348 0.016 0.01 0.004
650.7 1.0 1.0 1.0 1.49 0.547 0.348 0.016 0.01 0.004
650.8 1.0 1.0 1.0 1.49 0.547 0.348 0.016 0.01 0.004
650.9 1.0 1.0 1.0 1.49 0.547 0.348 0.016 0.01 0.004
651.0 1.0 1.0 1.0 1.49 0.547 0.348 0.016 0.01 0.004
651.1 1.0 1.0 1.0 1.49 0.547 0.348 0.016 0.01 0.004
651.2 1.0 1.0 1.0 1.49 0.547 0.348 0.016 0.01 0.004
651.3 1.0 1.0 1.0 1.49 0.547 0.348 0.016 0.01 0.004
651.4 1.0 1.0 1.0 1.49 0.547 0.348 0.016 0.01 0.004
651.5 1.0 1.0 1.0 1.49 0.547 0.348 0.016 0.01 0.004
651.6 1.0 1.0 1.0 1.49 0.547 0.348 0.016 0.01 0.004
651.7 1.0 1.0 1.0 1.49 0.547 0.348 0.016 0.01 0.004
651.8 1.0 1.0 1.0 1.49 0.547 0.348 0.016 0.01 0.004
651.9 1.0 1.0 1.0 1.49 0.547 0.348 0.016 0.01 0.004
652.0 1.0 1.0 1.0 1.49 0.547 0.348 0.016 0.01 0.004
652.1 1.0 1.0 1.0 1.49 0.547 0.348 0.016 0.01 0.004
652.2 1.0 1.0 1.0 1.49 0.547 0.348 0.016 0.01 0.004
652.3 1.0 1.0 1.0 1.49 0.547 0.348 0.016 0.01 0.004
652.4 1.0 1.0 1.0 1.49 0.547 0.348 0.016 0.01 0.004
652.5 1.0 1.0 1.0 1.49 0.547 0.348 0.016 0.01 0.004
652.6 1.0 1.0 1.0 1.49 0.547 0.348 0.016 0.01 0.004
652.7 1.0 1.0 1.0 1.49 0.547 0.348 0.016 0.01 0.004
652.8 1.0 1.0 1.0 1.49 0.547 0.348 0.016 0.01 0.004
652.9 1.0 1.0 1.0 1.49 0.547 0.348 0.016 0.01 0.004
653.0 1.0 1.0 1.0 1.49 0.547 0.348 0.016 0.01 0.004
653.1 1.0 1.0 1.0 1.49 0.547 0.348 0.016 0.01 0.004
653.2 1.0 1.0 1.0 1.49 0.547 0.348 0.016 0.01 0.004
653.3 1.0 1.0 1.0 1.49 0.547 0.348 0.016 0.01 0.004
653.4 1.0 1.0 1.0 1.49 0.547 0.348 0.016 0.01 0.004
653.5 1.0 1.0 1.0 1.49 0.547 0.348 0.016 0.01 0.004
653.6 1.0 1.0 1.0 1.49 0.547 0.348 0.016 0.01 0.004
653.7 1.0 1.0 1.0 1.49 0.547 0.348 0.016 0.01 0.004
653.8 1.0 1.0 1.0 1.49 0.547 0.348 0.016 0.01 0.004
653.9 1.0 1.0 1.0 1.49 0.547 0.348 0.016 0.01 0.004
654.0 1.0 1.0 1.0 1.49 0.547 0.348 0.016 0.01 0.004
654.1 1.0 1.0 1.0 1.49 0.547 0.348 0.016 0.01 0.004
654.2 1.0 1.0 1.0 1.49 0.547 0.348 0.016 0.01 0.004
654.3 1.0 1.0 1.0 1.49 0.547 0.348 0.016 0.01 0.004
654.4 1.0 1.0 1.0 1.49 0.547 0.348 0.016 0.01 0.004
654.5 1.0 1.0 1.0 1.49 0.547 0.348 0.016 0.01 0.004
654.6 1.0 1.0 1.0 1.49 0.547 0.348 0.016 0.01 0.004
654.7 1.0 1.0 1.0 1.49 0.547 0.348 0.016 0.01 0.004
654.8 1.0 1.0 1.0 1.49 0.547 0.348 0.016 0.01 0.004
654.9 1.0 1.0 1.0 1.49 0.547 0.348 0.016 0.01 0.004
655.0 1.0 1.0 1.0 1.49 0.547 0.348 0.016 0.01 0.004
655.1 1.0 1.0 1.0 1.49 0.547 0.348 0.016 0.01 0.004
655.2 1.0 1.0 1.0 1.49 0.547 0.348 0.016 0.01 0.004
655.3 1.0 1.0 1.0 1.49 0.547 0.348 0.016 0.01 0.004
655.4 1.0 1.0 1.0 1.49 0.547 0.348 0.016 0.01 0.004
655.5 1.0 1.0 1.0 1.49 0.547 0.348 0.016 0.01 0.004
655.6 1.0 1.0 1.0 1.49 0.547 0.348 0.016 0.01 0.004
655.7 1.0 1.0 1.0 1.49 0.547 0.348 0.016 0.01 0.004
655.8 1.0 1.0 1.0 1.49 0.547 0.348 0.016 0.01 0.004
655.9 1.0 1.0 1.0 1.49 0.547 0.348 0.016 0.01 0.004
656.0 1.0 1.0 1.0 1.49 0.547 0.348 0.016 0.01 0.004
656.1 1.0 1.0 1.0 1.49 0.547 0.348 0.016 0.01 0.004
656.2 1.0 1.0 1.0 1.49 0.547 0.348 0.016 0.01 0.004
656.3 1.0 1.0 1.0 1.49 0.547 0.348 0.016 0.01 0.004
656.4 1.0 1.0 1.0 1.49 0.547 0.348 0.016 0.01 0.004
656.5 1.0 1.0 1.0 1.49 0.547 0.348 0.016 0.01 0.004
656.6 1.0 1.0 1.0 1.49 0.547 0.348 0.016 0.01 0.004
656.7 1.0 1.0 1.0 1.49 0.547 0.348 0.016 0.01 0.004
656.8 1.0 1.0 1.0 1.49 0.547 0.348 0.016 0.01 0.004
656.9 1.0 1.0 1.0 1.49 0.547 0.348 0.016 0.01 0.004
657.0 1.0 1.0 1.0 1.49 0.547 0.348 0.016 0.01 0.004
657.1 1.0 1.0 1.0 1.49 0.547 0.348 0.016 0.01 0.004
657.2 1.0 1.0 1.0 1.49 0.547 0.348 0.016 0.01 0.004
657.3 1.0 1.0 1.0 1.49 0.547 0.348 0.016 0.01 0.004
657.4 1.0 1.0 1.0 1.49 0.547 0.348 0.016 0.01 0.004
657.5 1.0 1.0 1.0 1.49 0.547 0.348 0.016 0.01 0.004
657.6 1.0 1.0 1.0 1.49 0.547 0.348 0.016 0.01 0.004
657.7 1.0 1.0 1.0 1.49 0.547 0.348 0.016 0.01 0.004
657.8 1.0 1.0 1.0 1.49 0.547 0.348 0.016 0.01 0.004
657.9 1.0 1.0 1.0 1.49 0.547 0.348 0.016 0.01 0.004
658.0 1.0 1.0 1.0 1.49 0.547 0.348 0.016 0.01 0.004
658.1 1.0 1.0 1.0 1.49 0.547 0.348 0.016 0.01 0.004
658.2 1.0 1.0 1.0 1.49 0.547 0.348 0.016 0.01 0.004
658.3 1.0 1.0 1.0 1.49 0.547 0.348 0.016 0.01 0.004
658.4 1.0 1.0 1.0 1.49 0.547 0.348 0.016 0.01 0.004
658.5 1.0 1.0 1.0 1.49 0.547 0.348 0.016 0.01 0.004
658.6 1.0 1.0 1.0 1.49 0.547 0.348 0.016 0.01 0.004
658.7 1.0 1.0 1.0 1.49 0.547 0.348 0.016 0.01 0.004
658.8 1.0 1.0 1.0 1.49 0.547 0.348 0.016 0.01 0.004
658.9 1.0 1.0 1.0 1.49 0.547 0.348 0.016 0.01 0.004
659.0 1.0 1.0 1.0 1.49 0.547 0.348 0.016 0.01 0.004
659.1 1.0 1.0 1.0 1.49 0.547 0.348 0.016 0.01 0.004
659.2 1.0 1.0 1.0 1.49 0.547 0.348 0.016 0.01 0.004
659.3 1.0 1.0 1.0 1.49 0.547 0.348 0.016 0.01 0.004
659.4 1.0 1.0 1.0 1.49 0.547 0.348 0.016 0.01 0.004
659.5 1.0 1.0 1.0 1.49 0.547 0.348 0.016 0.01 0.004
659.6 1.0 1.0 1.0 1.49 0.547 0.348 0.016 0.01 0.004
659.7 1.0 1.0 1.0 1.49 0.547 0.348 0.016 0.01 0.004
659.8 1.0 1.0 1.0 1.49 0.547 0.348 0.016 0.01 0.004
659.9 1.0 1.0 1.0 1.49 0.547 0.348 0.016 0.01 0.004
660.0 1.0 1.0 1.0 1.49 0.547 0.348 0.016 0.01 0.004
660.1 1.0 1.0 1.0 1.49 0.547 0.348 0.016 0.01 0.004
660.2 1.0 1.0 1.0 1.49 0.547 0.348 0.016 0.01 0.004
660.3 1.0 1.0 1.0 1.49 0.547 0.348 0.016 0.01 0.004
660.4 1.0 1.0 1.0 1.49 0.547 0.348 0.016 0.01 0.004
660.5 1.0 1.0 1.0 1.49 0.547 0.348 0.016 0.01 0.004
660.6 1.0 1.0 1.0 1.49 0.547 0.348 0.016 0.01 0.004
660.7 1.0 1.0 1.0 1.49 0.547 0.348 0.016 0.01 0.004
660.8 1.0 1.0 1.0 1.49 0.547 0.348 0.016 0.01 0.004
660.9 1.0 1.0 1.0 1.49 0.547 0.348 0.016 0.01 0.004
661.0 1.0 1.0 1.0 1.49 0.547 0.348 0.016 0.01 0.004
661.1 1.0 1.0 1.0 1.49 0.547 0.348 0.016 0.01 0.004
661.2 1.0 1.0 1.0 1.49 0.547 0.348 0.016 0.01 0.004
661.3 1.0 1.0 1.0 1.49 0.547 0.348 0.016 0.01 0.004
661.4 1.0 1.0 1.0 1.49 0.547 0.348 0.016 0.01 0.004
661.5 1.0 1.0 1.0 1.49 0.547 0.348 0.016 0.01 0.004
661.6 1.0 1.0 1.0 1.49 0.547 0.348 0.016 0.01 0.004
661.7 1.0 1.0 1.0 1.49 0.547 0.348 0.016 0.01 0.004
661.8 1.0 1.0 1.0 1.49 0.547 0.348 0.016 0.01 0.004
661.9 1.0 1.0 1.0 1.49 0.547 0.348 0.016 0.01 0.004
662.0 1.0 1.0 1.0 1.49 0.547 0.348 0.016 0.01 0.004
662.1 1.0 1.0 1.0 1.49 0.547 0.348 0.016 0.01 0.004
662.2 1.0 1.0 1.0 1.49 0.547 0.348 0.016 0.01 0.004
662.3 1.0 1.0 1.0 1.49 0.547 0.348 0.016 0.01 0.004
662.4 1.0 1.0 1.0 1.49 0.547 0.348 0.016 0.01 0.004
662.5 1.0 1.0 1.0 1.49 0.547 0.348 0.016 0.01 0.004
662.6 1.0 1.0 1.0 1.49 0.547 0.348 0.016 0.01 0.004
662.7 1.0 1.0 1.0 1.49 0.547 0.348 0.016 0.01 0.004
662.8 1.0 1.0 1.0 1.49 0.547 0.348 0.016 0.01 0.004
662.9 1.0 1.0 1.0 1.49 0.547 0.348 0.016 0.01 0.004
663.0 1.0 1.0 1.0 1.49 0.547 0.348 0.016 0.01 0.004
663.1 1.0 1.0 1.0 1.49 0.547 0.348 0.016 0.01 0.004
663.2 1.0 1.0 1.0 1.49 0.547 0.348 0.016 0.01 0.004
663.3 1.0 1.0 1.0 1.49 0.547 0.348 0.016 0.01 0.004
663.4 1.0 1.0 1.0 1.49 0.547 0.348 0.016 0.01 0.004
663.5 1.0 1.0 1.0 1.49 0.547 0.348 0.016 0.01 0.004
663.6 1.0 1.0 1.0 1.49 0.547 0.348 0.016 0.01 0.004
663.7 1.0 1.0 1.0 1.49 0.547 0.348 0.016 0.01 0.004
663.8 1.0 1.0 1.0 1.49 0.547 0.348 0.016 0.01 0.004
663.9 1.0 1.0 1.0 1.49 0.547 0.348 0.016 0.01 0.004
664.0 1.0 1.0 1.0 1.49 0.547 0.348 0.016 0.01 0.004
664.1 1.0 1.0 1.0 1.49 0.547 0.348 0.016 0.01 0.004
664.2 1.0 1.0 1.0 1.49 0.547 0.348 0.016 0.01 0.004
664.3 1.0 1.0 1.0 1.49 0.547 0.348 0.016 0.01 0.004
664.4 1.0 1.0 1.0 1.49 0.547 0.348 0.016 0.01 0.004
664.5 1.0 1.0 1.0 1.49 0.547 0.348 0.016 0.01 0.004
664.6 1.0 1.0 1.0 1.49 0.547 0.348 0.016 0.01 0.004
664.7 1.0 1.0 1.0 1.49 0.547 0.348 0.016 0.01 0.004
664.8 1.0 1.0 1.0 1.49 0.547 0.348 0.016 0.01 0.004
664.9 1.0 1.0 1.0 1.49 0.547 0.348 0.016 0.01 0.004
665.0 1.0 1.0 1.0 1.49 0.547 0.348 0.016 0.01 0.004
665.1 1.0 1.0 1.0 1.49 0.547 0.348 0.016 0.01 0.004
665.2 1.0 1.0 1.0 1.49 0.547 0.348 0.016 0.01 0.004
665.3 1.0 1.0 1.0 1.49 0.547 0.348 0.016 0.01 0.004
665.4 1.0 1.0 1.0 1.49 0.547 0.348 0.016 0.01 0.004
665.5 1.0 1.0 1.0 1.49 0.547 0.348 0.016 0.01 0.004
665.6 1.0 1.0 1.0 1.49 0.547 0.348 0.016 0.01 0.004
665.7 1.0 1.0 1.0 1.49 0.547 0.348 0.016 0.01 0.004
665.8 1.0 1.0 1.0 1.49 0.547 0.348 0.016 0.01 0.004
665.9 1.0 1.0 1.0 1.49 0.547 0.348 0.016 0.01 0.004
666.0 1.0 1.0 1.0 1.49 0.547 0.348 0.016 0.01 0.004
666.1 1.0 1.0 1.0 1.49 0.547 0.348 0.016 0.01 0.004
666.2 1.0 1.0 1.0 1.49 0.547 0.348 0.016 0.01 0.004
666.3 1.0 1.0 1.0 1.49 0.547 0.348 0.016 0.01 0.004
666.4 1.0 1.0 1.0 1.49 0.547 0.348 0.016 0.01 0.004
666.5 1.0 1.0 1.0 1.49 0.547 0.348 0.016 0.01 0.004
666.6 1.0 1.0 1.0 1.49 0.547 0.348 0.016 0.01 0.004
666.7 1.0 1.0 1.0 1.49 0.547 0.348 0.016 0.01 0.004
666.8 1.0 1.0 1.0 1.49 0.547 0.348 0.016 0.01 0.004
666.9 1.0 1.0 1.0 1.49 0.547 0.348 0.016 0.01 0.004
667.0 1.0 1.0 1.0 1.49 0.547 0.348 0.016 0.01 0.004
667.1 1.0 1.0 1.0 1.49 0.547 0.348 0.016 0.01 0.004
667.2 1.0 1.0 1.0 1.49 0.547 0.348 0.016 0.01 0.004
667.3 1.0 1.0 1.0 1.49 0.547 0.348 0.016 0.01 0.004
667.4 1.0 1.0 1.0 1.49 0.547 0.348 0.016 0.01 0.004
667.5 1.0 1.0 1.0 1.49 0.547 0.348 0.016 0.01 0.004
667.6 1.0 1.0 1.0 1.49 0.547 0.348 0.016 0.01 0.004
667.7 1.0 1.0 1.0 1.49 0.547 0.348 0.016 0.01 0.004
667.8 1.0 1.0 1.0 1.49 0.547 0.348 0.016 0.01 0.004
667.9 1.0 1.0 1.0 1.49 0.547 0.348 0.016 0.01 0.004
668.0 1.0 1.0 1.0 1.49 0.547 0.348 0.016 0.01 0.004
668.1 1.0 1.0 1.0 1.49 0.547 0.348 0.016 0.01 0.004
668.2 1.0 1.0 1.0 1.49 0.547 0.348 0.016 0.01 0.004
668.3 1.0 1.0 1.0 1.49 0.547 0.348 0.016 0.01 0.004
668.4 1.0 1.0 1.0 1.49 0.547 0.348 0.016 0.01 0.004
668.5 1.0 1.0 1.0 1.49 0.547 0.348 0.016 0.01 0.004
668.6 1.0 1.0 1.0 1.49 0.547 0.348 0.016 0.01 0.004
668.7 1.0 1.0 1.0 1.49 0.547 0.348 0.016 0.01 0.004
668.8 1.0 1.0 1.0 1.49 0.547 0.348 0.016 0.01 0.004
668.9 1.0 1.0 1.0 1.49 0.547 0.348 0.016 0.01 0.004
669.0 1.0 1.0 1.0 1.49 0.547 0.348 0.016 0.01 0.004
669.1 1.0 1.0 1.0 1.49 0.547 0.348 0.016 0.01 0.004
669.2 1.0 1.0 1.0 1.49 0.547 0.348 0.016 0.01 0.004
669.3 1.0 1.0 1.0 1.49 0.547 0.348 0.016 0.01 0.004
669.4 1.0 1.0 1.0 1.49 0.547 0.348 0.016 0.01 0.004
669.5 1.0 1.0 1.0 1.49 0.547 0.348 0.016 0.01 0.004
669.6 1.0 1.0 1.0 1.49 0.547 0.348 0.016 0.01 0.004
669.7 1.0 1.0 1.0 1.49 0.547 0.348 0.016 0.01 0.004
669.8 1.0 1.0 1.0 1.49 0.547 0.348 0.016 0.01 0.004
669.9 1.0 1.0 1.0 1.49 0.547 0.348 0.016 0.01 0.004
670.0 1.0 1.0 1.0 1.49 0.547 0.348 0.016 0.01 0.004
670.1 1.0 1.0 1.0 1.49 0.547 0.348 0.016 0.01 0.004
670.2 1.0 1.0 1.0 1.49 0.547 0.348 0.016 0.01 0.004
670.3 1.0 1.0 1.0 1.49 0.547 0.348 0.016 0.01 0.004
670.4 1.0 1.0 1.0 1.49 0.547 0.348 0.016 0.01 0.004
670.5 1.0 1.0 1.0 1.49 0.547 0.348 0.016 0.01 0.004
670.6 1.0 1.0 1.0 1.49 0.547 0.348 0.016 0.01 0.004
670.7 1.0 1.0 1.0 1.49 0.547 0.348 0.016 0.01 0.004
670.8 1.0 1.0 1.0 1.49 0.547 0.348 0.016 0.01 0.004
670.9 1.0 1.0 1.0 1.49 0.547 0.348 0.016 0.01 0.004
671.0 1.0 1.0 1.0 1.49 0.547 0.348 0.016 0.01 0.004
671.1 1.0 1.0 1.0 1.49 0.547 0.348 0.016 0.01 0.004
671.2 1.0 1.0 1.0 1.49 0.547 0.348 0.016 0.01 0.004
671.3 1.0 1.0 1.0 1.49 0.547 0.348 0.016 0.01 0.004
671.4 1.0 1.0 1.0 1.49 0.547 0.348 0.016 0.01 0.004
671.5 1.0 1.0 1.0 1.49 0.547 0.348 0.016 0.01 0.004
671.6 1.0 1.0 1.0 1.49 0.547 0.348 0.016 0.01 0.004
671.7 1.0 1.0 1.0 1.49 0.547 0.348 0.016 0.01 0.004
671.8 1.0 1.0 1.0 1.49 0.547 0.348 0.016 0.01 0.004
671.9 1.0 1.0 1.0 1.49 0.547 0.348 0.016 0.01 0.004
672.0 1.0 1.0 1.0 1.49 0.547 0.348 0.016 0.01 0.004
672.1 1.0 1.0 1.0 1.49 0.547 0.348 0.016 0.01 0.004
672.2 1.0 1.0 1.0 1.49 0.547 0.348 0.016 0.01 0.004
672.3 1.0 1.0 1.0 1.49 0.547 0.348 0.016 0.01 0.004
672.4 1.0 1.0 1.0 1.49 0.547 0.348 0.016 0.01 0.004
672.5 1.0 1.0 1.0 1.49 0.547 0.348 0.016 0.01 0.004
672.6 1.0 1.0 1.0 1.49 0.547 0.348 0.016 0.01 0.004
672.7 1.0 1.0 1.0 1.49 0.547 0.348 0.016 0.01 0.004
672.8 1.0 1.0 1.0 1.49 0.547 0.348 0.016 0.01 0.004
672.9 1.0 1.0 1.0 1.49 0.547 0.348 0.016 0.01 0.004
673.0 1.0 1.0 1.0 1.49 0.547 0.348 0.016 0.01 0.004
673.1 1.0 1.0 1.0 1.49 0.547 0.348 0.016 0.01 0.004
673.2 1.0 1.0 1.0 1.49 0.547 0.348 0.016 0.01 0.004
673.3 1.0 1.0 1.0 1.49 0.547 0.348 0.016 0.01 0.004
673.4 1.0 1.0 1.0 1.49 0.547 0.348 0.016 0.01 0.004
673.5 1.0 1.0 1.0 1.49 0.547 0.348 0.016 0.01 0.004
673.6 1.0 1.0 1.0 1.49 0.547 0.348 0.016 0.01 0.004
673.7 1.0 1.0 1.0 1.49 0.547 0.348 0.016 0.01 0.004
673.8 1.0 1.0 1.0 1.49 0.547 0.348 0.016 0.01 0.004
673.9 1.0 1.0 1.0 1.49 0.547 0.348 0.016 0.01 0.004
674.0 1.0 1.0 1.0 1.49 0.547 0.348 0.016 0.01 0.004
674.1 1.0 1.0 1.0 1.49 0.547 0.348 0.016 0.01 0.004
674.2 1.0 1.0 1.0 1.49 0.547 0.348 0.016 0.01 0.004
674.3 1.0 1.0 1.0 1.49 0.547 0.348 0.016 0.01 0.004
674.4 1.0 1.0 1.0 1.49 0.547 0.348 0.016 0.01 0.004
674.5 1.0 1.0 1.0 1.49 0.547 0.348 0.016 0.01 0.004
674.6 1.0 1.0 1.0 1.49 0.547 0.348 0.016 0.01 0.004
674.7 1.0 1.0 1.0 1.49 0.547 0.348 0.016 0.01 0.004
674.8 1.0 1.0 1.0 1.49 0.547 0.348 0.016 0.01 0.004
674.9 1.0 1.0 1.0 1.49 0.547 0.348 0.016 0.01 0.004
675.0 1.0 1.0 1.0 1.49 0.547 0.348 0.016 0.01 0.004
675.1 1.0 1.0 1.0 1.49 0.547 0.348 0.016 0.01 0.004
675.2 1.0 1.0 1.0 1.49 0.547 0.348 0.016 0.01 0.004
675.3 1.0 1.0 1.0 1.49 0.547 0.348 0.016 0.01 0.004
675.4 1.0 1.0 1.0 1.49 0.547 0.348 0.016 0.01 0.004
675.5 1.0 1.0 1.0 1.49 0.547 0.348 0.016 0.01 0.004
675.6 1.0 1.0 1.0 1.49 0.547 0.348 0.016 0.01 0.004
675.7 1.0 1.0 1.0 1.49 0.547 0.348 0.016 0.01 0.004
675.8 1.0 1.0 1.0 1.49 0.547 0.348 0.016 0.01 0.004
675.9 1.0 1.0 1.0 1.49 0.547 0.348 0.016 0.01 0.004
676.0 1.0 1.0 1.0 1.49 0.547 0.348 0.016 0.01 0.004
676.1 1.0 1.0 1.0 1.49 0.547 0.348 0.016 0.01 0.004
676.2 1.0 1.0 1.0 1.49 0.547 0.348 0.016 0.01 0.004
676.3 1.0 1.0 1.0 1.49 0.547 0.348 0.016 0.01 0.004
676.4 1.0 1.0 1.0 1.49 0.547 0.348 0.016 0.01 0.004
676.5 1.0 1.0 1.0 1.49 0.547 0.348 0.016 0.01 0.004
676.6 1.0 1.0 1.0 1.49 0.547 0.348 0.016 0.01 0.004
676.7 1.0 1.0 1.0 1.49 0.547 0.348 0.016 0.01 0.004
676.8 1.0 1.0 1.0 1.49 0.547 0.348 0.016 0.01 0.004
676.9 1.0 1.0 1.0 1.49 0.547 0.348 0.016 0.01 0.004
677.0 1.0 1.0 1.0 1.49 0.547 0.348 0.016 0.01 0.004
677.1 1.0 1.0 1.0 1.49 0.547 0.348 0.016 0.01 0.004
677.2 1.0 1.0 1.0 1.49 0.547 0.348 0.016 0.01 0.004
677.3 1.0 1.0 1.0 1.49 0.547 0.348 0.016 0.01 0.004
677.4 1.0 1.0 1.0 1.49 0.547 0.348 0.016 0.01 0.004
677.5 1.0 1.0 1.0 1.49 0.547 0.348 0.016 0.01 0.004
677.6 1.0 1.0 1.0 1.49 0.547 0.348 0.016 0.01 0.004
677.7 1.0 1.0 1.0 1.49 0.547 0.348 0.016 0.01 0.004
677.8 1.0 1.0 1.0 1.49 0.547 0.348 0.016 0.01 0.004
677.9 1.0 1.0 1.0 1.49 0.547 0.348 0.016 0.01 0.004
678.0 1.0 1.0 1.0 1.49 0.547 0.348 0.016 0.01 0.004
678.1 1.0 1.0 1.0 1.49 0.547 0.348 0.016 0.01 0.004
678.2 1.0 1.0 1.0 1.49 0.547 0.348 0.016 0.01 0.004
678.3 1.0 1.0 1.0 1.49 0.547 0.348 0.016 0.01 0.004
678.4 1.0 1.0 1.0 1.49 0.547 0.348 0.016 0.01 0.004
678.5 1.0 1.0 1.0 1.49 0.547 0.348 0.016 0.01 0.004
678.6 1.0 1.0 1.0 1.49 0.547 0.348 0.016 0.01 0.004
678.7 1.0 1.0 1.0 1.49 0.547 0.348 0.016 0.01 0.004
678.8 1.0 1.0 1.0 1.49 0.547 0.348 0.016 0.01 0.004
678.9 1.0 1.0 1.0 1.49 0.547 0.348 0.016 0.01 0.004
679.0 1.0 1.0 1.0 1.49 0.547 0.348 0.016 0.01 0.004
679.1 1.0 1.0 1.0 1.49 0.547 0.348 0.016 0.01 0.004
679.2 1.0 1.0 1.0 1.49 0.547 0.348 0.016 0.01 0.004
679.3 1.0 1.0 1.0 1.49 0.547 0.348 0.016 0.01 0.004
679.4 1.0 1.0 1.0 1.49 0.547 0.348 0.016 0.01 0.004
679.5 1.0 1.0 1.0 1.49 0.547 0.348 0.016 0.01 0.004
679.6 1.0 1.0 1.0 1.49 0.547 0.348 0.016 0.01 0.004
679.7 1.0 1.0 1.0 1.49 0.547 0.348 0.016 0.01 0.004
679.8 1.0 1.0 1.0 1.49 0.547 0.348 0.016 0.01 0.004
679.9 1.0 1.0 1.0 1.49 0.547 0.348 0.016 0.01 0.004
680.0 1.0 1.0 1.0 1.49 0.547 0.348 0.016 0.01 0.004
680.1 1.0 1.0 1.0 1.49 0.547 0.348 0.016 0.01 0.004
680.2 1.0 1.0 1.0 1.49 0.547 0.348 0.016 0.01 0.004
680.3 1.0 1.0 1.0 1.49 0.547 0.348 0.016 0.01 0.004
680.4 1.0 1.0 1.0 1.49 0.547 0.348 0.016 0.01 0.004
680.5 1.0 1.0 1.0 1.49 0.547 0.348 0.016 0.01 0.004
680.6 1.0 1.0 1.0 1.49 0.547 0.348 0.016 0.01 0.004
680.7 1.0 1.0 1.0 1.49 0.547 0.348 0.016 0.01 0.004
680.8 1.0 1.0 1.0 1.49 0.547 0.348 0.016 0.01 0.004
680.9 1.0 1.0 1.0 1.49 0.547 0.348 0.016 0.01 0.004
681.0 1.0 1.0 1.0 1.49 0.547 0.348 0.016 0.01 0.004
681.1 1.0 1.0 1.0 1.49 0.547 0.348 0.016 0.01 0.004
681.2 1.0 1.0 1.0 1.49 0.547 0.348 0.016 0.01 0.004
681.3 1.0 1.0 1.0 1.49 0.547 0.348 0.016 0.01 0.004
681.4 1.0 1.0 1.0 1.49 0.547 0.348 0.016 0.01 0.004
681.5 1.0 1.0 1.0 1.49 0.547 0.348 0.016 0.01 0.004
681.6 1.0 1.0 1.0 1.49 0.547 0.348 0.016 0.01 0.004
681.7 1.0 1.0 1.0 1.49 0.547 0.348 0.016 0.01 0.004
681.8 1.0 1.0 1.0 1.49 0.547 0.348 0.016 0.01 0.004
681.9 1.0 1.0 1.0 1.49 0.547 0.348 0.016 0.01 0.004
682.0 1.0 1.0 1.0 1.49 0.547 0.348 0.016 0.01 0.004
682.1 1.0 1.0 1.0 1.49 0.547 0.348 0.016 0.01 0.004
682.2 1.0 1.0 1.0 1.49 0.547 0.348 0.016 0.01 0.004
682.3 1.0 1.0 1.0 1.49 0.547 0.348 0.016 0.01 0.004
682.4 1.0 1.0 1.0 1.49 0.547 0.348 0.016 0.01 0.004
682.5 1.0 1.0 1.0 1.49 0.547 0.348 0.016 0.01 0.004
682.6 1.0 1.0 1.0 1.49 0.547 0.348 0.016 0.01 0.004
682.7 1.0 1.0 1.0 1.49 0.547 0.348 0.016 0.01 0.004
682.8 1.0 1.0 1.0 1.49 0.547 0.348 0.016 0.01 0.004
682.9 1.0 1.0 1.0 1.49 0.547 0.348 0.016 0.01 0.004
683.0 1.0 1.0 1.0 1.49 0.547 0.348 0.016 0.01 0.004
683.1 1.0 1.0 1.0 1.49 0.547 0.348 0.016 0.01 0.004
683.2 1.0 1.0 1.0 1.49 0.547 0.348 0.016 0.01 0.004
683.3 1.0 1.0 1.0 1.49 0.547 0.348 0.016 0.01 0.004
683.4 1.0 1.0 1.0 1.49 0.547 0.348 0.016 0.01 0.004
683.5 1.0 1.0 1.0 1.49 0.547 0.348 0.016 0.01 0.004
683.6 1.0 1.0 1.0 1.49 0.547 0.348 0.016 0.01 0.004
683.7 1.0 1.0 1.0 1.49 0.547 0.348 0.016 0.01 0.004
683.8 1.0 1.0 1.0 1.49 0.547 0.348 0.016 0.01 0.004
683.9 1.0 1.0 1.0 1.49 0.547 0.348 0.016 0.01 0.004
684.0 1.0 1.0 1.0 1.49 0.547 0.348 0.016 0.01 0.004
684.1 1.0 1.0 1.0 1.49 0.547 0.348 0.016 0.01 0.004
684.2 1.0 1.0 1.0 1.49 0.547 0.348 0.016 0.01 0.004
684.3 1.0 1.0 1.0 1.49 0.547 0.348 0.016 0.01 0.004
684.4 1.0 1.0 1.0 1.49 0.547 0.348 0.016 0.01 0.004
684.5 1.0 1.0 1.0 1.49 0.547 0.348 0.016 0.01 0.004
684.6 1.0 1.0 1.0 1.49 0.547 0.348 0.016 0.01 0.004
684.7 1.0 1.0 1.0 1.49 0.547 0.348 0.016 0.01 0.004
684.8 1.0 1.0 1.0 1.49 0.547 0.348 0.016 0.01 0.004
684.9 1.0 1.0 1.0 1.49 0.547 0.348 0.016 0.01 0.004
685.0 1.0 1.0 1.0 1.49 0.547 0.348 0.016 0.01 0.004
685.1 1.0 1.0 1.0 1.49 0.547 0.348 0.016 0.01 0.004
685.2 1.0 1.0 1.0 1.49 0.547 0.348 0.016 0.01 0.004
685.3 1.0 1.0 1.0 1.49 0.547 0.348 0.016 0.01 0.004
685.4 1.0 1.0 1.0 1.49 0.547 0.348 0.016 0.01 0.004
685.5 1.0 1.0 1.0 1.49 0.547 0.348 0.016 0.01 0.004
685.6 1.0 1.0 1.0 1.49 0.547 0.348 0.016 0.01 0.004
685.7 1.0 1.0 1.0 1.49 0.547 0.348 0.016 0.01 0.004
685.8 1.0 1.0 1.0 1.49 0.547 0.348 0.016 0.01 0.004
685.9 1.0 1.0 1.0 1.49 0.547 0.348 0.016 0.01 0.004
686.0 1.0 1.0 1.0 1.49 0.547 0.348 0.016 0.01 0.004
686.1 1.0 1.0 1.0 1.49 0.547 0.348 0.016 0.01 0.004
686.2 1.0 1.0 1.0 1.49 0.547 0.348 0.016 0.01 0.004
686.3 1.0 1.0 1.0 1.49 0.547 0.348 0.016 0.01 0.004
686.4 1.0 1.0 1.0 1.49 0.547 0.348 0.016 0.01 0.004
686.5 1.0 1.0 1.0 1.49 0.547 0.348 0.016 0.01 0.004
686.6 1.0 1.0 1.0 1.49 0.547 0.348 0.016 0.01 0.004
686.7 1.0 1.0 1.0 1.49 0.547 0.348 0.016 0.01 0.004
686.8 1.0 1.0 1.0 1.49 0.547 0.348 0.016 0.01 0.004
686.9 1.0 1.0 1.0 1.49 0.547 0.348 0.016 0.01 0.004
687.0 1.0 1.0 1.0 1.49 0.547 0.348 0.016 0.01 0.004
687.1 1.0 1.0 1.0 1.49 0.547 0.348 0.016 0.01 0.004
687.2 1.0 1.0 1.0 1.49 0.547 0.348 0.016 0.01 0.004
687.3 1.0 1.0 1.0 1.49 0.547 0.348 0.016 0.01 0.004
687.4 1.0 1.0 1.0 1.49 0.547 0.348 0.016 0.01 0.004
687.5 1.0 1.0 1.0 1.49 0.547 0.348 0.016 0.01 0.004
687.6 1.0 1.0 1.0 1.49 0.547 0.348 0.016 0.01 0.004
687.7 1.0 1.0 1.0 1.49 0.547 0.348 0.016 0.01 0.004
687.8 1.0 1.0 1.0 1.49 0.547 0.348 0.016 0.01 0.004
687.9 1.0 1.0 1.0 1.49 0.547 0.348 0.016 0.01 0.004
688.0 1.0 1.0 1.0 1.49 0.547 0.348 0.016 0.01 0.004
688.1 1.0 1.0 1.0 1.49 0.547 0.348 0.016 0.01 0.004
688.2 1.0 1.0 1.0 1.49 0.547 0.348 0.016 0.01 0.004
688.3 1.0 1.0 1.0 1.49 0.547 0.348 0.016 0.01 0.004
688.4 1.0 1.0 1.0 1.49 0.547 0.348 0.016 0.01 0.004
688.5 1.0 1.0 1.0 1.49 0.547 0.348 0.016 0.01 0.004
688.6 1.0 1.0 1.0 1.49 0.547 0.348 0.016 0.01 0.004
688.7 1.0 1.0 1.0 1.49 0.547 0.348 0.016 0.01 0.004
688.8 1.0 1.0 1.0 1.49 0.547 0.348 0.016 0.01 0.004
688.9 1.0 1.0 1.0 1.49 0.547 0.348 0.016 0.01 0.004
689.0 1.0 1.0 1.0 1.49 0.547 0.348 0.016 0.01 0.004
689.1 1.0 1.0 1.0 1.49 0.547 0.348 0.016 0.01 0.004
689.2 1.0 1.0 1.0 1.49 0.547 0.348 0.016 0.01 0.004
689.3 1.0 1.0 1.0 1.49 0.547 0.348 0.016 0.01 0.004
689.4 1.0 1.0 1.0 1.49 0.547 0.348 0.016 0.01 0.004
689.5 1.0 1.0 1.0 1.49 0.547 0.348 0.016 0.01 0.004
689.6 1.0 1.0 1.0 1.49 0.547 0.348 0.016 0.01 0.004
689.7 1.0 1.0 1.0 1.49 0.547 0.348 0.016 0.01 0.004
689.8 1.0 1.0 1.0 1.49 0.547 0.348 0.016 0.01 0.004
689.9 1.0 1.0 1.0 1.49 0.547 0.348 0.016 0.01 0.004
690.0 1.0 1.0 1.0 1.49 0.547 0.348 0.016 0.01 0.004
690.1 1.0 1.0 1.0 1.49 0.547 0.348 0.016 0.01 0.004
690.2 1.0 1.0 1.0 1.49 0.547 0.348 0.016 0.01 0.004
690.3 1.0 1.0 1.0 1.49 0.547 0.348 0.016 0.01 0.004
690.4 1.0 1.0 1.0 1.49 0.547 0.348 0.016 0.01 0.004
690.5 1.0 1.0 1.0 1.49 0.547 0.348 0.016 0.01 0.004
690.6 1.0 1.0 1.0 1.49 0.547 0.348 0.016 0.01 0.004
690.7 1.0 1.0 1.0 1.49 0.547 0.348 0.016 0.01 0.004
690.8 1.0 1.0 1.0 1.49 0.547 0.348 0.016 0.01 0.004
690.9 1.0 1.0 1.0 1.49 0.547 0.348 0.016 0.01 0.004
691.0 1.0 1.0 1.0 1.49 0.547 0.348 0.016 0.01 0.004
691.1 1.0 1.0 1.0 1.49 0.547 0.348 0.016 0.01 0.004
691.2 1.0 1.0 1.0 1.49 0.547 0.348 0.016 0.01 0.004
691.3 1.0 1.0 1.0 1.49 0.547 0.348 0.016 0.01 0.004
691.4 1.0 1.0 1.0 1.49 0.547 0.348 0.016 0.01 0.004
691.5 1.0 1.0 1.0 1.49 0.547 0.348 0.016 0.01 0.004
691.6 1.0 1.0 1.0 1.49 0.547 0.348 0.016 0.01 0.004
691.7 1.0 1.0 1.0 1.49 0.547 0.348 0.016 0.01 0.004
691.8 1.0 1.0 1.0 1.49 0.547 0.348 0.016 0.01 0.004
691.9 1.0 1.0 1.0 1.49 0.547 0.348 0.016 0.01 0.004
692.0 1.0 1.0 1.0 1.49 0.547 0.348 0.016 0.01 0.004
692.1 1.0 1.0 1.0 1.49 0.547 0.348 0.016 0.01 0.004
692.2 1.0 1.0 1.0 1.49 0.547 0.348 0.016 0.01 0.004
692.3 1.0 1.0 1.0 1.49 0.547 0.348 0.016 0.01 0.004
692.4 1.0 1.0 1.0 1.49 0.547 0.348 0.016 0.01 0.004
692.5 1.0 1.0 1.0 1.49 0.547 0.348 0.016 0.01 0.004
692.6 1.0 1.0 1.0 1.49 0.547 0.348 0.016 0.01 0.004
692.7 1.0 1.0 1.0 1.49 0.547 0.348 0.016 0.01 0.004
692.8 1.0 1.0 1.0 1.49 0.547 0.348 0.016 0.01 0.004
692.9 1.0 1.0 1.0 1.49 0.547 0.348 0.016 0.01 0.004
693.0 1.0 1.0 1.0 1.49 0.547 0.348 0.016 0.01 0.004
693.1 1.0 1.0 1.0 1.49 0.547 0.348 0.016 0.01 0.004
693.2 1.0 1.0 1.0 1.49 0.547 0.348 0.016 0.01 0.004
693.3 1.0 1.0 1.0 1.49 0.547 0.348 0.016 0.01 0.004
693.4 1.0 1.0 1.0 1.49 0.547 0.348 0.016 0.01 0.004
693.5 1.0 1.0 1.0 1.49 0.547 0.348 0.016 0.01 0.004
693.6 1.0 1.0 1.0 1.49 0.547 0.348 0.016 0.01 0.004
693.7 1.0 1.0 1.0 1.49 0.547 0.348 0.016 0.01 0.004
693.8 1.0 1.0 1.0 1.49 0.547 0.348 0.016 0.01 0.004
693.9 1.0 1.0 1.0 1.49 0.547 0.348 0.016 0.01 0.004
694.0 1.0 1.0 1.0 1.49 0.547 0.348 0.016 0.01 0.004
694.1 1.0 1.0 1.0 1.49 0.547 0.348 0.016 0.01 0.004
694.2 1.0 1.0 1.0 1.49 0.547 0.348 0.016 0.01 0.004
694.3 1.0 1.0 1.0 1.49 0.547 0.348 0.016 0.01 0.004
694.4 1.0 1.0 1.0 1.49 0.547 0.348 0.016 0.01 0.004
694.5 1.0 1.0 1.0 1.49 0.547 0.348 0.016 0.01 0.004
694.6 1.0 1.0 1.0 1.49 0.547 0.348 0.016 0.01 0.004
694.7 1.0 1.0 1.0 1.49 0.547 0.348 0.016 0.01 0.004
694.8 1.0 1.0 1.0 1.49 0.547 0.348 0.016 0.01 0.004
694.9 1.0 1.0 1.0 1.49 0.547 0.348 0.016 0.01 0.004
695.0 1.0 1.0 1.0 1.49 0.547 0.348 0.016 0.01 0.004
695.1 1.0 1.0 1.0 1.49 0.547 0.348 0.016 0.01 0.004
695.2 1.0 1.0 1.0 1.49 0.547 0.348 0.016 0.01 0.004
695.3 1.0 1.0 1.0 1.49 0.547 0.348 0.016 0.01 0.004
695.4 1.0 1.0 1.0 1.49 0.547 0.348 0.016 0.01 0.004
695.5 1.0 1.0 1.0 1.49 0.547 0.348 0.016 0.01 0.004
695.6 1.0 1.0 1.0 1.49 0.547 0.348 0.016 0.01 0.004
695.7 1.0 1.0 1.0 1.49 0.547 0.348 0.016 0.01 0.004
695.8 1.0 1.0 1.0 1.49 0.547 0.348 0.016 0.01 0.004
695.9 1.0 1.0 1.0 1.49 0.547 0.348 0.016 0.01 0.004
696.0 1.0 1.0 1.0 1.49 0.547 0.348 0.016 0.01 0.004
696.1 1.0 1.0 1.0 1.49 0.547 0.348 0.016 0.01 0.004
696.2 1.0 1.0 1.0 1.49 0.547 0.348 0.016 0.01 0.004
696.3 1.0 1.0 1.0 1.49 0.547 0.348 0.016 0.01 0.004
696.4 1.0 1.0 1.0 1.49 0.547 0.348 0.016 0.01 0.004
696.5 1.0 1.0 1.0 1.49 0.547 0.348 0.016 0.01 0.004
696.6 1.0 1.0 1.0 1.49 0.547 0.348 0.016 0.01 0.004
696.7 1.0 1.0 1.0 1.49 0.547 0.348 0.016 0.01 0.004
696.8 1.0 1.0 1.0 1.49 0.547 0.348 0.016 0.01 0.004
696.9 1.0 1.0 1.0 1.49 0.547 0.348 0.016 0.01 0.004
697.0 1.0 1.0 1.0 1.49 0.547 0.348 0.016 0.01 0.004
697.1 1.0 1.0 1.0 1.49 0.547 0.348 0.016 0.01 0.004
697.2 1.0 1.0 1.0 1.49 0.547 0.348 0.016 0.01 0.004
697.3 1.0 1.0 1.0 1.49 0.547 0.348 0.016 0.01 0.004
697.4 1.0 1.0 1.0 1.49 0.547 0.348 0.016 0.01 0.004
697.5 1.0 1.0 1.0 1.49 0.547 0.348 0.016 0.01 0.004
697.6 1.0 1.0 1.0 1.49 0.547 0.348 0.016 0.01 0.004
697.7 1.0 1.0 1.0 1.49 0.547 0.348 0.016 0.01 0.004
697.8 1.0 1.0 1.0 1.49 0.547 0.348 0.016 0.01 0.004
697.9 1.0 1.0 1.0 1.49 0.547 0.348 0.016 0.01 0.004
698.0 1.0 1.0 1.0 1.49 0.547 0.348 0.016 0.01 0.004
698.1 1.0 1.0 1.0 1.49 0.547 0.348 0.016 0.01 0.004
698.2 1.0 1.0 1.0 1.49 0.547 0.348 0.016 0.01 0.004
698.3 1.0 1.0 1.0 1.49 0.547 0.348 0.016 0.01 0.004
698.4 1.0 1.0 1.0 1.49 0.547 0.348 0.016 0.01 0.004
698.5 1.0 1.0 1.0 1.49 0.547 0.348 0.016 0.01 0.004
698.6 1.0 1.0 1.0 1.49 0.547 0.348 0.016 0.01 0.004
698.7 1.0 1.0 1.0 1.49 0.547 0.348 0.016 0.01 0.004
698.8 1.0 1.0 1.0 1.49 0.547 0.348 0.016 0.01 0.004
698.9 1.0 1.0 1.0 1.49 0.547 0.348 0.016 0.01 0.004
699.0 1.0 1.0 1.0 1.49 0.547 0.348 0.016 0.01 0.004
699.1 1.0 1.0 1.0 1.49 0.547 0.348 0.016 0.01 0.004
699.2 1.0 1.0 1.0 1.49 0.547 0.348 0.016 0.01 0.004
699.3 1.0 1.0 1.0 1.49 0.547 0.348 0.016 0.01 0.004
699.4 1.0 1.0 1.0 1.49 0.547 0.348 0.016 0.01 0.004
699.5 1.0 1.0 1.0 1.49 0.547 0.348 0.016 0.01 0.004
699.6 1.0 1.0 1.0 1.49 0.547 0.348 0.016 0.01 0.004
699.7 1.0 1.0 1.0 1.49 0.547 0.348 0.016 0.01 0.004
699.8 1.0 1.0 1.0 1.49 0.547 0.348 0.016 0.01 0.004
