1100.0 1.0 1.0 1.0 1.546 0.559 0.36 0.614 1.452 0.01 0.01 0.01 0.01
1100.1 1.0 1.0 1.0 1.546 0.559 0.36 0.614 1.452 0.01 0.011 0.009 0.011
1100.2 1.0 1.0 1.0 1.546 0.559 0.36 0.614 1.452 0.01 0.011 0.009 0.011
1100.3 1.0 1.0 1.0 1.546 0.559 0.36 0.614 1.452 0.01 0.011 0.008 0.011
1100.4 1.0 1.0 1.0 1.546 0.559 0.36 0.614 1.452 0.01 0.011 0.008 0.011
1100.5 1.0 1.0 1.0 1.546 0.559 0.36 0.614 1.452 0.01 0.012 0.008 0.011
1100.6 1.0 1.0 1.0 1.546 0.559 0.36 0.614 1.452 0.01 0.012 0.007 0.011
1100.7 1.0 1.0 1.0 1.546 0.559 0.36 0.614 1.452 0.01 0.012 0.007 0.011
1100.8 1.0 1.0 1.0 1.546 0.559 0.36 0.614 1.452 0.01 0.012 0.007 0.011
1100.9 1.0 1.0 1.0 1.546 0.559 0.36 0.614 1.452 0.01 0.012 0.007 0.011
1101.0 1.0 1.0 1.0 1.546 0.559 0.36 0.614 1.452 0.01 0.013 0.006 0.011
1101.1 1.0 1.0 1.0 1.546 0.559 0.36 0.614 1.452 0.01 0.013 0.006 0.011
1101.2 1.0 1.0 1.0 1.546 0.559 0.36 0.614 1.452 0.01 0.013 0.006 0.011
1101.3 1.0 1.0 1.0 1.546 0.559 0.36 0.614 1.452 0.01 0.013 0.006 0.011
1101.4 1.0 1.0 1.0 1.546 0.559 0.36 0.614 1.452 0.01 0.013 0.006 0.012
1101.5 1.0 1.0 1.0 1.546 0.559 0.36 0.614 1.452 0.01 0.013 0.006 0.012
1101.6 1.0 1.0 1.0 1.546 0.559 0.36 0.614 1.452 0.01 0.013 0.006 0.012
1101.7 1.0 1.0 1.0 1.546 0.559 0.36 0.614 1.452 0.01 0.013 0.005 0.012
1101.8 1.0 1.0 1.0 1.546 0.559 0.36 0.614 1.452 0.01 0.013 0.005 0.012
1101.9 1.0 1.0 1.0 1.546 0.559 0.36 0.614 1.452 0.01 0.013 0.005 0.012
1102.0 1.0 1.0 1.0 1.546 0.559 0.36 0.614 1.452 0.01 0.013 0.005 0.012
1102.1 1.0 1.0 1.0 1.546 0.559 0.36 0.614 1.452 0.01 0.013 0.005 0.012
1102.2 1.0 1.0 1.0 1.546 0.559 0.36 0.614 1.452 0.01 0.014 0.005 0.012
1102.3 1.0 1.0 1.0 1.546 0.559 0.36 0.614 1.452 0.01 0.014 0.005 0.012
1102.4 1.0 1.0 1.0 1.546 0.559 0.36 0.614 1.452 0.01 0.014 0.005 0.012
1102.5 1.0 1.0 1.0 1.546 0.559 0.36 0.614 1.451 0.01 0.014 0.005 0.012
1102.6 1.0 1.0 1.0 1.546 0.559 0.36 0.614 1.451 0.01 0.014 0.005 0.012
1102.7 1.0 1.0 1.0 1.546 0.559 0.36 0.614 1.451 0.01 0.014 0.005 0.012
1102.8 1.0 1.0 1.0 1.546 0.559 0.36 0.614 1.451 0.01 0.014 0.005 0.012
1102.9 1.0 1.0 1.0 1.546 0.559 0.36 0.614 1.451 0.01 0.014 0.005 0.012
1103.0 1.0 1.0 1.0 1.546 0.559 0.36 0.614 1.451 0.01 0.014 0.005 0.012
1103.1 1.0 1.0 1.0 1.546 0.559 0.36 0.614 1.451 0.01 0.014 0.005 0.012
1103.2 1.0 1.0 1.0 1.546 0.559 0.36 0.614 1.451 0.01 0.014 0.005 0.012
1103.3 1.0 1.0 1.0 1.546 0.559 0.36 0.614 1.451 0.01 0.014 0.005 0.012
1103.4 1.0 1.0 1.0 1.546 0.559 0.36 0.614 1.451 0.01 0.014 0.005 0.012
1103.5 1.0 1.0 1.0 1.546 0.559 0.36 0.614 1.451 0.01 0.014 0.005 0.012
1103.6 1.0 1.0 1.0 1.546 0.559 0.36 0.614 1.451 0.01 0.014 0.005 0.012
1103.7 1.0 1.0 1.0 1.546 0.559 0.36 0.614 1.451 0.01 0.014 0.005 0.012
1103.8 1.0 1.0 1.0 1.546 0.559 0.36 0.614 1.451 0.01 0.014 0.005 0.012
1103.9 1.0 1.0 1.0 1.546 0.559 0.36 0.614 1.451 0.01 0.014 0.005 0.012
1104.0 1.0 1.0 1.0 1.546 0.559 0.36 0.614 1.451 0.01 0.014 0.005 0.012
1104.1 1.0 1.0 1.0 1.546 0.559 0.36 0.614 1.451 0.01 0.014 0.005 0.012
1104.2 1.0 1.0 1.0 1.546 0.559 0.36 0.614 1.451 0.01 0.014 0.005 0.012
1104.3 1.0 1.0 1.0 1.546 0.559 0.36 0.614 1.451 0.01 0.014 0.005 0.012
1104.4 1.0 1.0 1.0 1.546 0.559 0.36 0.614 1.451 0.01 0.014 0.005 0.012
1104.5 1.0 1.0 1.0 1.546 0.559 0.36 0.614 1.451 0.01 0.014 0.005 0.012
1104.6 1.0 1.0 1.0 1.546 0.559 0.36 0.614 1.451 0.01 0.014 0.005 0.012
1104.7 1.0 1.0 1.0 1.546 0.559 0.36 0.614 1.451 0.01 0.014 0.005 0.012
1104.8 1.0 1.0 1.0 1.546 0.559 0.36 0.614 1.451 0.01 0.014 0.005 0.012
1104.9 1.0 1.0 1.0 1.546 0.559 0.36 0.614 1.451 0.01 0.014 0.005 0.012
1105.0 1.0 1.0 1.0 1.546 0.559 0.36 0.614 1.451 0.01 0.014 0.005 0.012
1105.1 1.0 1.0 1.0 1.546 0.559 0.36 0.614 1.451 0.01 0.014 0.005 0.012
1105.2 1.0 1.0 1.0 1.546 0.559 0.36 0.614 1.451 0.01 0.014 0.005 0.012
1105.3 1.0 1.0 1.0 1.546 0.559 0.36 0.614 1.451 0.01 0.014 0.005 0.012
1105.4 1.0 1.0 1.0 1.546 0.559 0.36 0.614 1.451 0.01 0.014 0.005 0.012
1105.5 1.0 1.0 1.0 1.546 0.559 0.36 0.614 1.451 0.01 0.014 0.005 0.012
1105.6 1.0 1.0 1.0 1.546 0.559 0.36 0.614 1.451 0.01 0.014 0.005 0.012
1105.7 1.0 1.0 1.0 1.546 0.559 0.36 0.614 1.451 0.01 0.014 0.005 0.012
1105.8 1.0 1.0 1.0 1.546 0.559 0.36 0.614 1.451 0.01 0.014 0.005 0.012
1105.9 1.0 1.0 1.0 1.546 0.559 0.36 0.614 1.451 0.01 0.014 0.005 0.012
1106.0 1.0 1.0 1.0 1.546 0.559 0.36 0.614 1.451 0.01 0.014 0.005 0.012
1106.1 1.0 1.0 1.0 1.546 0.559 0.36 0.614 1.451 0.01 0.014 0.005 0.012
1106.2 1.0 1.0 1.0 1.546 0.559 0.36 0.614 1.451 0.01 0.014 0.005 0.012
1106.3 1.0 1.0 1.0 1.546 0.559 0.36 0.614 1.451 0.01 0.014 0.005 0.012
1106.4 1.0 1.0 1.0 1.546 0.559 0.36 0.614 1.451 0.01 0.014 0.005 0.012
1106.5 1.0 1.0 1.0 1.546 0.559 0.36 0.614 1.451 0.01 0.014 0.005 0.012
1106.6 1.0 1.0 1.0 1.546 0.559 0.36 0.614 1.451 0.01 0.014 0.005 0.012
1106.7 1.0 1.0 1.0 1.546 0.559 0.36 0.614 1.451 0.01 0.014 0.005 0.012
1106.8 1.0 1.0 1.0 1.546 0.559 0.36 0.614 1.451 0.01 0.014 0.005 0.012
1106.9 1.0 1.0 1.0 1.546 0.559 0.36 0.614 1.451 0.01 0.014 0.005 0.012
1107.0 1.0 1.0 1.0 1.546 0.559 0.36 0.614 1.451 0.01 0.014 0.005 0.012
1107.1 1.0 1.0 1.0 1.546 0.559 0.36 0.614 1.451 0.01 0.014 0.005 0.012
1107.2 1.0 1.0 1.0 1.546 0.559 0.36 0.614 1.451 0.01 0.014 0.005 0.012
1107.3 1.0 1.0 1.0 1.546 0.559 0.36 0.614 1.451 0.01 0.014 0.005 0.012
1107.4 1.0 1.0 1.0 1.546 0.559 0.36 0.614 1.451 0.01 0.014 0.005 0.012
1107.5 1.0 1.0 1.0 1.546 0.559 0.36 0.614 1.451 0.01 0.014 0.005 0.012
1107.6 1.0 1.0 1.0 1.546 0.559 0.36 0.614 1.451 0.01 0.014 0.005 0.012
1107.7 1.0 1.0 1.0 1.546 0.559 0.36 0.614 1.451 0.01 0.014 0.005 0.012
1107.8 1.0 1.0 1.0 1.546 0.559 0.36 0.614 1.451 0.01 0.014 0.005 0.012
1107.9 1.0 1.0 1.0 1.546 0.559 0.36 0.614 1.451 0.01 0.014 0.005 0.012
1108.0 1.0 1.0 1.0 1.546 0.559 0.36 0.614 1.451 0.01 0.014 0.005 0.012
1108.1 1.0 1.0 1.0 1.546 0.559 0.36 0.614 1.451 0.01 0.014 0.005 0.012
1108.2 1.0 1.0 1.0 1.546 0.559 0.36 0.614 1.451 0.01 0.014 0.005 0.012
1108.3 1.0 1.0 1.0 1.546 0.559 0.36 0.614 1.451 0.01 0.014 0.005 0.012
1108.4 1.0 1.0 1.0 1.546 0.559 0.36 0.614 1.451 0.01 0.014 0.005 0.012
1108.5 1.0 1.0 1.0 1.546 0.559 0.36 0.614 1.451 0.01 0.014 0.005 0.012
1108.6 1.0 1.0 1.0 1.546 0.559 0.36 0.614 1.451 0.01 0.014 0.005 0.012
1108.7 1.0 1.0 1.0 1.546 0.559 0.36 0.614 1.451 0.01 0.014 0.005 0.012
1108.8 1.0 1.0 1.0 1.546 0.559 0.36 0.614 1.451 0.01 0.014 0.005 0.012
1108.9 1.0 1.0 1.0 1.546 0.559 0.36 0.614 1.451 0.01 0.014 0.005 0.012
1109.0 1.0 1.0 1.0 1.546 0.559 0.36 0.614 1.451 0.01 0.014 0.005 0.012
1109.1 1.0 1.0 1.0 1.546 0.559 0.36 0.614 1.451 0.01 0.014 0.005 0.012
1109.2 1.0 1.0 1.0 1.546 0.559 0.36 0.614 1.451 0.01 0.014 0.005 0.012
1109.3 1.0 1.0 1.0 1.546 0.559 0.36 0.614 1.451 0.01 0.014 0.005 0.012
1109.4 1.0 1.0 1.0 1.546 0.559 0.36 0.614 1.451 0.01 0.014 0.005 0.012
1109.5 1.0 1.0 1.0 1.546 0.559 0.36 0.614 1.451 0.01 0.014 0.005 0.012
1109.6 1.0 1.0 1.0 1.546 0.559 0.36 0.614 1.451 0.01 0.014 0.005 0.012
1109.7 1.0 1.0 1.0 1.546 0.559 0.36 0.614 1.451 0.01 0.014 0.005 0.012
1109.8 1.0 1.0 1.0 1.546 0.559 0.36 0.614 1.451 0.01 0.014 0.005 0.012
1109.9 1.0 1.0 1.0 1.546 0.559 0.36 0.614 1.451 0.01 0.014 0.005 0.012
1110.0 1.0 1.0 1.0 1.546 0.559 0.36 0.614 1.451 0.01 0.014 0.005 0.012
1110.1 1.0 1.0 1.0 1.546 0.559 0.36 0.614 1.451 0.01 0.014 0.005 0.012
1110.2 1.0 1.0 1.0 1.546 0.559 0.36 0.614 1.451 0.01 0.014 0.005 0.012
1110.3 1.0 1.0 1.0 1.546 0.559 0.36 0.614 1.451 0.01 0.014 0.005 0.012
1110.4 1.0 1.0 1.0 1.546 0.559 0.36 0.614 1.451 0.01 0.014 0.005 0.012
1110.5 1.0 1.0 1.0 1.546 0.559 0.36 0.614 1.451 0.01 0.014 0.005 0.012
1110.6 1.0 1.0 1.0 1.546 0.559 0.36 0.614 1.451 0.01 0.014 0.005 0.012
1110.7 1.0 1.0 1.0 1.546 0.559 0.36 0.614 1.451 0.01 0.014 0.005 0.012
1110.8 1.0 1.0 1.0 1.546 0.559 0.36 0.614 1.451 0.01 0.014 0.005 0.012
1110.9 1.0 1.0 1.0 1.546 0.559 0.36 0.614 1.451 0.01 0.014 0.005 0.012
1111.0 1.0 1.0 1.0 1.546 0.559 0.36 0.614 1.451 0.01 0.014 0.005 0.012
1111.1 1.0 1.0 1.0 1.546 0.559 0.36 0.614 1.451 0.01 0.014 0.005 0.012
1111.2 1.0 1.0 1.0 1.546 0.559 0.36 0.614 1.451 0.01 0.014 0.005 0.012
1111.3 1.0 1.0 1.0 1.546 0.559 0.36 0.614 1.451 0.01 0.014 0.005 0.012
1111.4 1.0 1.0 1.0 1.546 0.559 0.36 0.614 1.451 0.01 0.014 0.005 0.012
1111.5 1.0 1.0 1.0 1.546 0.559 0.36 0.614 1.451 0.01 0.014 0.005 0.012
1111.6 1.0 1.0 1.0 1.546 0.559 0.36 0.614 1.451 0.01 0.014 0.005 0.012
1111.7 1.0 1.0 1.0 1.546 0.559 0.36 0.614 1.451 0.01 0.014 0.005 0.012
1111.8 1.0 1.0 1.0 1.546 0.559 0.36 0.614 1.451 0.01 0.014 0.005 0.012
1111.9 1.0 1.0 1.0 1.546 0.559 0.36 0.614 1.451 0.01 0.014 0.005 0.012
1112.0 1.0 1.0 1.0 1.546 0.559 0.36 0.614 1.451 0.01 0.014 0.005 0.012
1112.1 1.0 1.0 1.0 1.546 0.559 0.36 0.614 1.451 0.01 0.014 0.005 0.012
1112.2 1.0 1.0 1.0 1.546 0.559 0.36 0.614 1.451 0.01 0.014 0.005 0.012
1112.3 1.0 1.0 1.0 1.546 0.559 0.36 0.614 1.451 0.01 0.014 0.005 0.012
1112.4 1.0 1.0 1.0 1.546 0.559 0.36 0.614 1.451 0.01 0.014 0.005 0.012
1112.5 1.0 1.0 1.0 1.546 0.559 0.36 0.614 1.451 0.01 0.014 0.005 0.012
1112.6 1.0 1.0 1.0 1.546 0.559 0.36 0.614 1.451 0.01 0.014 0.005 0.012
1112.7 1.0 1.0 1.0 1.546 0.559 0.36 0.614 1.451 0.01 0.014 0.005 0.012
1112.8 1.0 1.0 1.0 1.546 0.559 0.36 0.614 1.451 0.01 0.014 0.005 0.012
1112.9 1.0 1.0 1.0 1.546 0.559 0.36 0.614 1.451 0.01 0.014 0.005 0.012
1113.0 1.0 1.0 1.0 1.546 0.559 0.36 0.614 1.451 0.01 0.014 0.005 0.012
1113.1 1.0 1.0 1.0 1.546 0.559 0.36 0.614 1.451 0.01 0.014 0.005 0.012
1113.2 1.0 1.0 1.0 1.546 0.559 0.36 0.614 1.451 0.01 0.014 0.005 0.012
1113.3 1.0 1.0 1.0 1.546 0.559 0.36 0.614 1.451 0.01 0.014 0.005 0.012
1113.4 1.0 1.0 1.0 1.546 0.559 0.36 0.614 1.451 0.01 0.014 0.005 0.012
1113.5 1.0 1.0 1.0 1.546 0.559 0.36 0.614 1.451 0.01 0.014 0.005 0.012
1113.6 1.0 1.0 1.0 1.546 0.559 0.36 0.614 1.451 0.01 0.014 0.005 0.012
1113.7 1.0 1.0 1.0 1.546 0.559 0.36 0.614 1.451 0.01 0.014 0.005 0.012
1113.8 1.0 1.0 1.0 1.546 0.559 0.36 0.614 1.451 0.01 0.014 0.005 0.012
1113.9 1.0 1.0 1.0 1.546 0.559 0.36 0.614 1.451 0.01 0.014 0.005 0.012
1114.0 1.0 1.0 1.0 1.546 0.559 0.36 0.614 1.451 0.01 0.014 0.005 0.012
1114.1 1.0 1.0 1.0 1.546 0.559 0.36 0.614 1.451 0.01 0.014 0.005 0.012
1114.2 1.0 1.0 1.0 1.546 0.559 0.36 0.614 1.451 0.01 0.014 0.005 0.012
1114.3 1.0 1.0 1.0 1.546 0.559 0.36 0.614 1.451 0.01 0.014 0.005 0.012
1114.4 1.0 1.0 1.0 1.546 0.559 0.36 0.614 1.451 0.01 0.014 0.005 0.012
1114.5 1.0 1.0 1.0 1.546 0.559 0.36 0.614 1.451 0.01 0.014 0.005 0.012
1114.6 1.0 1.0 1.0 1.546 0.559 0.36 0.614 1.451 0.01 0.014 0.005 0.012
1114.7 1.0 1.0 1.0 1.546 0.559 0.36 0.614 1.451 0.01 0.014 0.005 0.012
1114.8 1.0 1.0 1.0 1.546 0.559 0.36 0.614 1.451 0.01 0.014 0.005 0.012
1114.9 1.0 1.0 1.0 1.546 0.559 0.36 0.614 1.451 0.01 0.014 0.005 0.012
1115.0 1.0 1.0 1.0 1.546 0.559 0.36 0.614 1.451 0.01 0.014 0.005 0.012
1115.1 1.0 1.0 1.0 1.546 0.559 0.36 0.614 1.451 0.01 0.014 0.005 0.012
1115.2 1.0 1.0 1.0 1.546 0.559 0.36 0.614 1.451 0.01 0.014 0.005 0.012
1115.3 1.0 1.0 1.0 1.546 0.559 0.36 0.614 1.451 0.01 0.014 0.005 0.012
1115.4 1.0 1.0 1.0 1.546 0.559 0.36 0.614 1.451 0.01 0.014 0.005 0.012
1115.5 1.0 1.0 1.0 1.546 0.559 0.36 0.614 1.451 0.01 0.014 0.005 0.012
1115.6 1.0 1.0 1.0 1.546 0.559 0.36 0.614 1.451 0.01 0.014 0.005 0.012
1115.7 1.0 1.0 1.0 1.546 0.559 0.36 0.614 1.451 0.01 0.014 0.005 0.012
1115.8 1.0 1.0 1.0 1.546 0.559 0.36 0.614 1.451 0.01 0.014 0.005 0.012
1115.9 1.0 1.0 1.0 1.546 0.559 0.36 0.614 1.451 0.01 0.014 0.005 0.012
1116.0 1.0 1.0 1.0 1.546 0.559 0.36 0.614 1.451 0.01 0.014 0.005 0.012
1116.1 1.0 1.0 1.0 1.546 0.559 0.36 0.614 1.451 0.01 0.014 0.005 0.012
1116.2 1.0 1.0 1.0 1.546 0.559 0.36 0.614 1.451 0.01 0.014 0.005 0.012
1116.3 1.0 1.0 1.0 1.546 0.559 0.36 0.614 1.451 0.01 0.014 0.005 0.012
1116.4 1.0 1.0 1.0 1.546 0.559 0.36 0.614 1.451 0.01 0.014 0.005 0.012
1116.5 1.0 1.0 1.0 1.546 0.559 0.36 0.614 1.451 0.01 0.014 0.005 0.012
1116.6 1.0 1.0 1.0 1.546 0.559 0.36 0.614 1.451 0.01 0.014 0.005 0.012
1116.7 1.0 1.0 1.0 1.546 0.559 0.36 0.614 1.451 0.01 0.014 0.005 0.012
1116.8 1.0 1.0 1.0 1.546 0.559 0.36 0.614 1.451 0.01 0.014 0.005 0.012
1116.9 1.0 1.0 1.0 1.546 0.559 0.36 0.614 1.451 0.01 0.014 0.005 0.012
1117.0 1.0 1.0 1.0 1.546 0.559 0.36 0.614 1.451 0.01 0.014 0.005 0.012
1117.1 1.0 1.0 1.0 1.546 0.559 0.36 0.614 1.451 0.01 0.014 0.005 0.012
1117.2 1.0 1.0 1.0 1.546 0.559 0.36 0.614 1.451 0.01 0.014 0.005 0.012
1117.3 1.0 1.0 1.0 1.546 0.559 0.36 0.614 1.451 0.01 0.014 0.005 0.012
1117.4 1.0 1.0 1.0 1.546 0.559 0.36 0.614 1.451 0.01 0.014 0.005 0.012
1117.5 1.0 1.0 1.0 1.546 0.559 0.36 0.614 1.451 0.01 0.014 0.005 0.012
1117.6 1.0 1.0 1.0 1.546 0.559 0.36 0.614 1.451 0.01 0.014 0.005 0.012
1117.7 1.0 1.0 1.0 1.546 0.559 0.36 0.614 1.451 0.01 0.014 0.005 0.012
1117.8 1.0 1.0 1.0 1.546 0.559 0.36 0.614 1.451 0.01 0.014 0.005 0.012
1117.9 1.0 1.0 1.0 1.546 0.559 0.36 0.614 1.451 0.01 0.014 0.005 0.012
1118.0 1.0 1.0 1.0 1.546 0.559 0.36 0.614 1.451 0.01 0.014 0.005 0.012
1118.1 1.0 1.0 1.0 1.546 0.559 0.36 0.614 1.451 0.01 0.014 0.005 0.012
1118.2 1.0 1.0 1.0 1.546 0.559 0.36 0.614 1.451 0.01 0.014 0.005 0.012
1118.3 1.0 1.0 1.0 1.546 0.559 0.36 0.614 1.451 0.01 0.014 0.005 0.012
1118.4 1.0 1.0 1.0 1.546 0.559 0.36 0.614 1.451 0.01 0.014 0.005 0.012
1118.5 1.0 1.0 1.0 1.546 0.559 0.36 0.614 1.451 0.01 0.014 0.005 0.012
1118.6 1.0 1.0 1.0 1.546 0.559 0.36 0.614 1.451 0.01 0.014 0.005 0.012
1118.7 1.0 1.0 1.0 1.546 0.559 0.36 0.614 1.451 0.01 0.014 0.005 0.012
1118.8 1.0 1.0 1.0 1.546 0.559 0.36 0.614 1.451 0.01 0.014 0.005 0.012
1118.9 1.0 1.0 1.0 1.546 0.559 0.36 0.614 1.451 0.01 0.014 0.005 0.012
1119.0 1.0 1.0 1.0 1.546 0.559 0.36 0.614 1.451 0.01 0.014 0.005 0.012
1119.1 1.0 1.0 1.0 1.546 0.559 0.36 0.614 1.451 0.01 0.014 0.005 0.012
1119.2 1.0 1.0 1.0 1.546 0.559 0.36 0.614 1.451 0.01 0.014 0.005 0.012
1119.3 1.0 1.0 1.0 1.546 0.559 0.36 0.614 1.451 0.01 0.014 0.005 0.012
1119.4 1.0 1.0 1.0 1.546 0.559 0.36 0.614 1.451 0.01 0.014 0.005 0.012
1119.5 1.0 1.0 1.0 1.546 0.559 0.36 0.614 1.451 0.01 0.014 0.005 0.012
1119.6 1.0 1.0 1.0 1.546 0.559 0.36 0.614 1.451 0.01 0.014 0.005 0.012
1119.7 1.0 1.0 1.0 1.546 0.559 0.36 0.614 1.451 0.01 0.014 0.005 0.012
1119.8 1.0 1.0 1.0 1.546 0.559 0.36 0.614 1.451 0.01 0.014 0.005 0.012
1119.9 1.0 1.0 1.0 1.546 0.559 0.36 0.614 1.451 0.01 0.014 0.005 0.012
1120.0 1.0 1.0 1.0 1.546 0.559 0.36 0.614 1.451 0.01 0.014 0.005 0.012
1120.1 1.0 1.0 1.0 1.546 0.559 0.36 0.614 1.451 0.01 0.014 0.005 0.012
1120.2 1.0 1.0 1.0 1.546 0.559 0.36 0.614 1.451 0.01 0.014 0.005 0.012
1120.3 1.0 1.0 1.0 1.546 0.559 0.36 0.614 1.451 0.01 0.014 0.005 0.012
1120.4 1.0 1.0 1.0 1.546 0.559 0.36 0.614 1.451 0.01 0.014 0.005 0.012
1120.5 1.0 1.0 1.0 1.546 0.559 0.36 0.614 1.451 0.01 0.014 0.005 0.012
1120.6 1.0 1.0 1.0 1.546 0.559 0.36 0.614 1.451 0.01 0.014 0.005 0.012
1120.7 1.0 1.0 1.0 1.546 0.559 0.36 0.614 1.451 0.01 0.014 0.005 0.012
1120.8 1.0 1.0 1.0 1.546 0.559 0.36 0.614 1.451 0.01 0.014 0.005 0.012
1120.9 1.0 1.0 1.0 1.546 0.559 0.36 0.614 1.451 0.01 0.014 0.005 0.012
1121.0 1.0 1.0 1.0 1.546 0.559 0.36 0.614 1.451 0.01 0.014 0.005 0.012
1121.1 1.0 1.0 1.0 1.546 0.559 0.36 0.614 1.451 0.01 0.014 0.005 0.012
1121.2 1.0 1.0 1.0 1.546 0.559 0.36 0.614 1.451 0.01 0.014 0.005 0.012
1121.3 1.0 1.0 1.0 1.546 0.559 0.36 0.614 1.451 0.01 0.014 0.005 0.012
1121.4 1.0 1.0 1.0 1.546 0.559 0.36 0.614 1.451 0.01 0.014 0.005 0.012
1121.5 1.0 1.0 1.0 1.546 0.559 0.36 0.614 1.451 0.01 0.014 0.005 0.012
1121.6 1.0 1.0 1.0 1.546 0.559 0.36 0.614 1.451 0.01 0.014 0.005 0.012
1121.7 1.0 1.0 1.0 1.546 0.559 0.36 0.614 1.451 0.01 0.014 0.005 0.012
1121.8 1.0 1.0 1.0 1.546 0.559 0.36 0.614 1.451 0.01 0.014 0.005 0.012
1121.9 1.0 1.0 1.0 1.546 0.559 0.36 0.614 1.451 0.01 0.014 0.005 0.012
1122.0 1.0 1.0 1.0 1.546 0.559 0.36 0.614 1.451 0.01 0.014 0.005 0.012
1122.1 1.0 1.0 1.0 1.546 0.559 0.36 0.614 1.451 0.01 0.014 0.005 0.012
1122.2 1.0 1.0 1.0 1.546 0.559 0.36 0.614 1.451 0.01 0.014 0.005 0.012
1122.3 1.0 1.0 1.0 1.546 0.559 0.36 0.614 1.451 0.01 0.014 0.005 0.012
1122.4 1.0 1.0 1.0 1.546 0.559 0.36 0.614 1.451 0.01 0.014 0.005 0.012
1122.5 1.0 1.0 1.0 1.546 0.559 0.36 0.614 1.451 0.01 0.014 0.005 0.012
1122.6 1.0 1.0 1.0 1.546 0.559 0.36 0.614 1.451 0.01 0.014 0.005 0.012
1122.7 1.0 1.0 1.0 1.546 0.559 0.36 0.614 1.451 0.01 0.014 0.005 0.012
1122.8 1.0 1.0 1.0 1.546 0.559 0.36 0.614 1.451 0.01 0.014 0.005 0.012
1122.9 1.0 1.0 1.0 1.546 0.559 0.36 0.614 1.451 0.01 0.014 0.005 0.012
1123.0 1.0 1.0 1.0 1.546 0.559 0.36 0.614 1.451 0.01 0.014 0.005 0.012
1123.1 1.0 1.0 1.0 1.546 0.559 0.36 0.614 1.451 0.01 0.014 0.005 0.012
1123.2 1.0 1.0 1.0 1.546 0.559 0.36 0.614 1.451 0.01 0.014 0.005 0.012
1123.3 1.0 1.0 1.0 1.546 0.559 0.36 0.614 1.451 0.01 0.014 0.005 0.012
1123.4 1.0 1.0 1.0 1.546 0.559 0.36 0.614 1.451 0.01 0.014 0.005 0.012
1123.5 1.0 1.0 1.0 1.546 0.559 0.36 0.614 1.451 0.01 0.014 0.005 0.012
1123.6 1.0 1.0 1.0 1.546 0.559 0.36 0.614 1.451 0.01 0.014 0.005 0.012
1123.7 1.0 1.0 1.0 1.546 0.559 0.36 0.614 1.451 0.01 0.014 0.005 0.012
1123.8 1.0 1.0 1.0 1.546 0.559 0.36 0.614 1.451 0.01 0.014 0.005 0.012
1123.9 1.0 1.0 1.0 1.546 0.559 0.36 0.614 1.451 0.01 0.014 0.005 0.012
1124.0 1.0 1.0 1.0 1.546 0.559 0.36 0.614 1.451 0.01 0.014 0.005 0.012
1124.1 1.0 1.0 1.0 1.546 0.559 0.36 0.614 1.451 0.01 0.014 0.005 0.012
1124.2 1.0 1.0 1.0 1.546 0.559 0.36 0.614 1.451 0.01 0.014 0.005 0.012
1124.3 1.0 1.0 1.0 1.546 0.559 0.36 0.614 1.451 0.01 0.014 0.005 0.012
1124.4 1.0 1.0 1.0 1.546 0.559 0.36 0.614 1.451 0.01 0.014 0.005 0.012
1124.5 1.0 1.0 1.0 1.546 0.559 0.36 0.614 1.451 0.01 0.014 0.005 0.012
1124.6 1.0 1.0 1.0 1.546 0.559 0.36 0.614 1.451 0.01 0.014 0.005 0.012
1124.7 1.0 1.0 1.0 1.546 0.559 0.36 0.614 1.451 0.01 0.014 0.005 0.012
1124.8 1.0 1.0 1.0 1.546 0.559 0.36 0.614 1.451 0.01 0.014 0.005 0.012
1124.9 1.0 1.0 1.0 1.546 0.559 0.36 0.614 1.451 0.01 0.014 0.005 0.012
1125.0 1.0 1.0 1.0 1.546 0.559 0.36 0.614 1.451 0.01 0.014 0.005 0.012
1125.1 1.0 1.0 1.0 1.546 0.559 0.36 0.614 1.451 0.01 0.014 0.005 0.012
1125.2 1.0 1.0 1.0 1.546 0.559 0.36 0.614 1.451 0.01 0.014 0.005 0.012
1125.3 1.0 1.0 1.0 1.546 0.559 0.36 0.614 1.451 0.01 0.014 0.005 0.012
1125.4 1.0 1.0 1.0 1.546 0.559 0.36 0.614 1.451 0.01 0.014 0.005 0.012
1125.5 1.0 1.0 1.0 1.546 0.559 0.36 0.614 1.451 0.01 0.014 0.005 0.012
1125.6 1.0 1.0 1.0 1.546 0.559 0.36 0.614 1.451 0.01 0.014 0.005 0.012
1125.7 1.0 1.0 1.0 1.546 0.559 0.36 0.614 1.451 0.01 0.014 0.005 0.012
1125.8 1.0 1.0 1.0 1.546 0.559 0.36 0.614 1.451 0.01 0.014 0.005 0.012
1125.9 1.0 1.0 1.0 1.546 0.559 0.36 0.614 1.451 0.01 0.014 0.005 0.012
1126.0 1.0 1.0 1.0 1.546 0.559 0.36 0.614 1.451 0.01 0.014 0.005 0.012
1126.1 1.0 1.0 1.0 1.546 0.559 0.36 0.614 1.451 0.01 0.014 0.005 0.012
1126.2 1.0 1.0 1.0 1.546 0.559 0.36 0.614 1.451 0.01 0.014 0.005 0.012
1126.3 1.0 1.0 1.0 1.546 0.559 0.36 0.614 1.451 0.01 0.014 0.005 0.012
1126.4 1.0 1.0 1.0 1.546 0.559 0.36 0.614 1.451 0.01 0.014 0.005 0.012
1126.5 1.0 1.0 1.0 1.546 0.559 0.36 0.614 1.451 0.01 0.014 0.005 0.012
1126.6 1.0 1.0 1.0 1.546 0.559 0.36 0.614 1.451 0.01 0.014 0.005 0.012
1126.7 1.0 1.0 1.0 1.546 0.559 0.36 0.614 1.451 0.01 0.014 0.005 0.012
1126.8 1.0 1.0 1.0 1.546 0.559 0.36 0.614 1.451 0.01 0.014 0.005 0.012
1126.9 1.0 1.0 1.0 1.546 0.559 0.36 0.614 1.451 0.01 0.014 0.005 0.012
1127.0 1.0 1.0 1.0 1.546 0.559 0.36 0.614 1.451 0.01 0.014 0.005 0.012
1127.1 1.0 1.0 1.0 1.546 0.559 0.36 0.614 1.451 0.01 0.014 0.005 0.012
1127.2 1.0 1.0 1.0 1.546 0.559 0.36 0.614 1.451 0.01 0.014 0.005 0.012
1127.3 1.0 1.0 1.0 1.546 0.559 0.36 0.614 1.451 0.01 0.014 0.005 0.012
1127.4 1.0 1.0 1.0 1.546 0.559 0.36 0.614 1.451 0.01 0.014 0.005 0.012
1127.5 1.0 1.0 1.0 1.546 0.559 0.36 0.614 1.451 0.01 0.014 0.005 0.012
1127.6 1.0 1.0 1.0 1.546 0.559 0.36 0.614 1.451 0.01 0.014 0.005 0.012
1127.7 1.0 1.0 1.0 1.546 0.559 0.36 0.614 1.451 0.01 0.014 0.005 0.012
1127.8 1.0 1.0 1.0 1.546 0.559 0.36 0.614 1.451 0.01 0.014 0.005 0.012
1127.9 1.0 1.0 1.0 1.546 0.559 0.36 0.614 1.451 0.01 0.014 0.005 0.012
1128.0 1.0 1.0 1.0 1.546 0.559 0.36 0.614 1.451 0.01 0.014 0.005 0.012
1128.1 1.0 1.0 1.0 1.546 0.559 0.36 0.614 1.451 0.01 0.014 0.005 0.012
1128.2 1.0 1.0 1.0 1.546 0.559 0.36 0.614 1.451 0.01 0.014 0.005 0.012
1128.3 1.0 1.0 1.0 1.546 0.559 0.36 0.614 1.451 0.01 0.014 0.005 0.012
1128.4 1.0 1.0 1.0 1.546 0.559 0.36 0.614 1.451 0.01 0.014 0.005 0.012
1128.5 1.0 1.0 1.0 1.546 0.559 0.36 0.614 1.451 0.01 0.014 0.005 0.012
1128.6 1.0 1.0 1.0 1.546 0.559 0.36 0.614 1.451 0.01 0.014 0.005 0.012
1128.7 1.0 1.0 1.0 1.546 0.559 0.36 0.614 1.451 0.01 0.014 0.005 0.012
1128.8 1.0 1.0 1.0 1.546 0.559 0.36 0.614 1.451 0.01 0.014 0.005 0.012
1128.9 1.0 1.0 1.0 1.546 0.559 0.36 0.614 1.451 0.01 0.014 0.005 0.012
1129.0 1.0 1.0 1.0 1.546 0.559 0.36 0.614 1.451 0.01 0.014 0.005 0.012
1129.1 1.0 1.0 1.0 1.546 0.559 0.36 0.614 1.451 0.01 0.014 0.005 0.012
1129.2 1.0 1.0 1.0 1.546 0.559 0.36 0.614 1.451 0.01 0.014 0.005 0.012
1129.3 1.0 1.0 1.0 1.546 0.559 0.36 0.614 1.451 0.01 0.014 0.005 0.012
1129.4 1.0 1.0 1.0 1.546 0.559 0.36 0.614 1.451 0.01 0.014 0.005 0.012
1129.5 1.0 1.0 1.0 1.546 0.559 0.36 0.614 1.451 0.01 0.014 0.005 0.012
1129.6 1.0 1.0 1.0 1.546 0.559 0.36 0.614 1.451 0.01 0.014 0.005 0.012
1129.7 1.0 1.0 1.0 1.546 0.559 0.36 0.614 1.451 0.01 0.014 0.005 0.012
1129.8 1.0 1.0 1.0 1.546 0.559 0.36 0.614 1.451 0.01 0.014 0.005 0.012
1129.9 1.0 1.0 1.0 1.546 0.559 0.36 0.614 1.451 0.01 0.014 0.005 0.012
1130.0 1.0 1.0 1.0 1.546 0.559 0.36 0.614 1.451 0.01 0.014 0.005 0.012
1130.1 1.0 1.0 1.0 1.546 0.559 0.36 0.614 1.451 0.01 0.014 0.005 0.012
1130.2 1.0 1.0 1.0 1.546 0.559 0.36 0.614 1.451 0.01 0.014 0.005 0.012
1130.3 1.0 1.0 1.0 1.546 0.559 0.36 0.614 1.451 0.01 0.014 0.005 0.012
1130.4 1.0 1.0 1.0 1.546 0.559 0.36 0.614 1.451 0.01 0.014 0.005 0.012
1130.5 1.0 1.0 1.0 1.546 0.559 0.36 0.614 1.451 0.01 0.014 0.005 0.012
1130.6 1.0 1.0 1.0 1.546 0.559 0.36 0.614 1.451 0.01 0.014 0.005 0.012
1130.7 1.0 1.0 1.0 1.546 0.559 0.36 0.614 1.451 0.01 0.014 0.005 0.012
1130.8 1.0 1.0 1.0 1.546 0.559 0.36 0.614 1.451 0.01 0.014 0.005 0.012
1130.9 1.0 1.0 1.0 1.546 0.559 0.36 0.614 1.451 0.01 0.014 0.005 0.012
1131.0 1.0 1.0 1.0 1.546 0.559 0.36 0.614 1.451 0.01 0.014 0.005 0.012
1131.1 1.0 1.0 1.0 1.546 0.559 0.36 0.614 1.451 0.01 0.014 0.005 0.012
1131.2 1.0 1.0 1.0 1.546 0.559 0.36 0.614 1.451 0.01 0.014 0.005 0.012
1131.3 1.0 1.0 1.0 1.546 0.559 0.36 0.614 1.451 0.01 0.014 0.005 0.012
1131.4 1.0 1.0 1.0 1.546 0.559 0.36 0.614 1.451 0.01 0.014 0.005 0.012
1131.5 1.0 1.0 1.0 1.546 0.559 0.36 0.614 1.451 0.01 0.014 0.005 0.012
1131.6 1.0 1.0 1.0 1.546 0.559 0.36 0.614 1.451 0.01 0.014 0.005 0.012
1131.7 1.0 1.0 1.0 1.546 0.559 0.36 0.614 1.451 0.01 0.014 0.005 0.012
1131.8 1.0 1.0 1.0 1.546 0.559 0.36 0.614 1.451 0.01 0.014 0.005 0.012
1131.9 1.0 1.0 1.0 1.546 0.559 0.36 0.614 1.451 0.01 0.014 0.005 0.012
1132.0 1.0 1.0 1.0 1.546 0.559 0.36 0.614 1.451 0.01 0.014 0.005 0.012
1132.1 1.0 1.0 1.0 1.546 0.559 0.36 0.614 1.451 0.01 0.014 0.005 0.012
1132.2 1.0 1.0 1.0 1.546 0.559 0.36 0.614 1.451 0.01 0.014 0.005 0.012
1132.3 1.0 1.0 1.0 1.546 0.559 0.36 0.614 1.451 0.01 0.014 0.005 0.012
1132.4 1.0 1.0 1.0 1.546 0.559 0.36 0.614 1.451 0.01 0.014 0.005 0.012
1132.5 1.0 1.0 1.0 1.546 0.559 0.36 0.614 1.451 0.01 0.014 0.005 0.012
1132.6 1.0 1.0 1.0 1.546 0.559 0.36 0.614 1.451 0.01 0.014 0.005 0.012
1132.7 1.0 1.0 1.0 1.546 0.559 0.36 0.614 1.451 0.01 0.014 0.005 0.012
1132.8 1.0 1.0 1.0 1.546 0.559 0.36 0.614 1.451 0.01 0.014 0.005 0.012
1132.9 1.0 1.0 1.0 1.546 0.559 0.36 0.614 1.451 0.01 0.014 0.005 0.012
1133.0 1.0 1.0 1.0 1.546 0.559 0.36 0.614 1.451 0.01 0.014 0.005 0.012
1133.1 1.0 1.0 1.0 1.546 0.559 0.36 0.614 1.451 0.01 0.014 0.005 0.012
1133.2 1.0 1.0 1.0 1.546 0.559 0.36 0.614 1.451 0.01 0.014 0.005 0.012
1133.3 1.0 1.0 1.0 1.546 0.559 0.36 0.614 1.451 0.01 0.014 0.005 0.012
1133.4 1.0 1.0 1.0 1.546 0.559 0.36 0.614 1.451 0.01 0.014 0.005 0.012
1133.5 1.0 1.0 1.0 1.546 0.559 0.36 0.614 1.451 0.01 0.014 0.005 0.012
1133.6 1.0 1.0 1.0 1.546 0.559 0.36 0.614 1.451 0.01 0.014 0.005 0.012
1133.7 1.0 1.0 1.0 1.546 0.559 0.36 0.614 1.451 0.01 0.014 0.005 0.012
1133.8 1.0 1.0 1.0 1.546 0.559 0.36 0.614 1.451 0.01 0.014 0.005 0.012
1133.9 1.0 1.0 1.0 1.546 0.559 0.36 0.614 1.451 0.01 0.014 0.005 0.012
1134.0 1.0 1.0 1.0 1.546 0.559 0.36 0.614 1.451 0.01 0.014 0.005 0.012
1134.1 1.0 1.0 1.0 1.546 0.559 0.36 0.614 1.451 0.01 0.014 0.005 0.012
1134.2 1.0 1.0 1.0 1.546 0.559 0.36 0.614 1.451 0.01 0.014 0.005 0.012
1134.3 1.0 1.0 1.0 1.546 0.559 0.36 0.614 1.451 0.01 0.014 0.005 0.012
1134.4 1.0 1.0 1.0 1.546 0.559 0.36 0.614 1.451 0.01 0.014 0.005 0.012
1134.5 1.0 1.0 1.0 1.546 0.559 0.36 0.614 1.451 0.01 0.014 0.005 0.012
1134.6 1.0 1.0 1.0 1.546 0.559 0.36 0.614 1.451 0.01 0.014 0.005 0.012
1134.7 1.0 1.0 1.0 1.546 0.559 0.36 0.614 1.451 0.01 0.014 0.005 0.012
1134.8 1.0 1.0 1.0 1.546 0.559 0.36 0.614 1.451 0.01 0.014 0.005 0.012
1134.9 1.0 1.0 1.0 1.546 0.559 0.36 0.614 1.451 0.01 0.014 0.005 0.012
1135.0 1.0 1.0 1.0 1.546 0.559 0.36 0.614 1.451 0.01 0.014 0.005 0.012
1135.1 1.0 1.0 1.0 1.546 0.559 0.36 0.614 1.451 0.01 0.014 0.005 0.012
1135.2 1.0 1.0 1.0 1.546 0.559 0.36 0.614 1.451 0.01 0.014 0.005 0.012
1135.3 1.0 1.0 1.0 1.546 0.559 0.36 0.614 1.451 0.01 0.014 0.005 0.012
1135.4 1.0 1.0 1.0 1.546 0.559 0.36 0.614 1.451 0.01 0.014 0.005 0.012
1135.5 1.0 1.0 1.0 1.546 0.559 0.36 0.614 1.451 0.01 0.014 0.005 0.012
1135.6 1.0 1.0 1.0 1.546 0.559 0.36 0.614 1.451 0.01 0.014 0.005 0.012
1135.7 1.0 1.0 1.0 1.546 0.559 0.36 0.614 1.451 0.01 0.014 0.005 0.012
1135.8 1.0 1.0 1.0 1.546 0.559 0.36 0.614 1.451 0.01 0.014 0.005 0.012
1135.9 1.0 1.0 1.0 1.546 0.559 0.36 0.614 1.451 0.01 0.014 0.005 0.012
1136.0 1.0 1.0 1.0 1.546 0.559 0.36 0.614 1.451 0.01 0.014 0.005 0.012
1136.1 1.0 1.0 1.0 1.546 0.559 0.36 0.614 1.451 0.01 0.014 0.005 0.012
1136.2 1.0 1.0 1.0 1.546 0.559 0.36 0.614 1.451 0.01 0.014 0.005 0.012
1136.3 1.0 1.0 1.0 1.546 0.559 0.36 0.614 1.451 0.01 0.014 0.005 0.012
1136.4 1.0 1.0 1.0 1.546 0.559 0.36 0.614 1.451 0.01 0.014 0.005 0.012
1136.5 1.0 1.0 1.0 1.546 0.559 0.36 0.614 1.451 0.01 0.014 0.005 0.012
1136.6 1.0 1.0 1.0 1.546 0.559 0.36 0.614 1.451 0.01 0.014 0.005 0.012
1136.7 1.0 1.0 1.0 1.546 0.559 0.36 0.614 1.451 0.01 0.014 0.005 0.012
1136.8 1.0 1.0 1.0 1.546 0.559 0.36 0.614 1.451 0.01 0.014 0.005 0.012
1136.9 1.0 1.0 1.0 1.546 0.559 0.36 0.614 1.451 0.01 0.014 0.005 0.012
1137.0 1.0 1.0 1.0 1.546 0.559 0.36 0.614 1.451 0.01 0.014 0.005 0.012
1137.1 1.0 1.0 1.0 1.546 0.559 0.36 0.614 1.451 0.01 0.014 0.005 0.012
1137.2 1.0 1.0 1.0 1.546 0.559 0.36 0.614 1.451 0.01 0.014 0.005 0.012
1137.3 1.0 1.0 1.0 1.546 0.559 0.36 0.614 1.451 0.01 0.014 0.005 0.012
1137.4 1.0 1.0 1.0 1.546 0.559 0.36 0.614 1.451 0.01 0.014 0.005 0.012
1137.5 1.0 1.0 1.0 1.546 0.559 0.36 0.614 1.451 0.01 0.014 0.005 0.012
1137.6 1.0 1.0 1.0 1.546 0.559 0.36 0.614 1.451 0.01 0.014 0.005 0.012
1137.7 1.0 1.0 1.0 1.546 0.559 0.36 0.614 1.451 0.01 0.014 0.005 0.012
1137.8 1.0 1.0 1.0 1.546 0.559 0.36 0.614 1.451 0.01 0.014 0.005 0.012
1137.9 1.0 1.0 1.0 1.546 0.559 0.36 0.614 1.451 0.01 0.014 0.005 0.012
1138.0 1.0 1.0 1.0 1.546 0.559 0.36 0.614 1.451 0.01 0.014 0.005 0.012
1138.1 1.0 1.0 1.0 1.546 0.559 0.36 0.614 1.451 0.01 0.014 0.005 0.012
1138.2 1.0 1.0 1.0 1.546 0.559 0.36 0.614 1.451 0.01 0.014 0.005 0.012
1138.3 1.0 1.0 1.0 1.546 0.559 0.36 0.614 1.451 0.01 0.014 0.005 0.012
1138.4 1.0 1.0 1.0 1.546 0.559 0.36 0.614 1.451 0.01 0.014 0.005 0.012
1138.5 1.0 1.0 1.0 1.546 0.559 0.36 0.614 1.451 0.01 0.014 0.005 0.012
1138.6 1.0 1.0 1.0 1.546 0.559 0.36 0.614 1.451 0.01 0.014 0.005 0.012
1138.7 1.0 1.0 1.0 1.546 0.559 0.36 0.614 1.451 0.01 0.014 0.005 0.012
1138.8 1.0 1.0 1.0 1.546 0.559 0.36 0.614 1.451 0.01 0.014 0.005 0.012
1138.9 1.0 1.0 1.0 1.546 0.559 0.36 0.614 1.451 0.01 0.014 0.005 0.012
1139.0 1.0 1.0 1.0 1.546 0.559 0.36 0.614 1.451 0.01 0.014 0.005 0.012
1139.1 1.0 1.0 1.0 1.546 0.559 0.36 0.614 1.451 0.01 0.014 0.005 0.012
1139.2 1.0 1.0 1.0 1.546 0.559 0.36 0.614 1.451 0.01 0.014 0.005 0.012
1139.3 1.0 1.0 1.0 1.546 0.559 0.36 0.614 1.451 0.01 0.014 0.005 0.012
1139.4 1.0 1.0 1.0 1.546 0.559 0.36 0.614 1.451 0.01 0.014 0.005 0.012
1139.5 1.0 1.0 1.0 1.546 0.559 0.36 0.614 1.451 0.01 0.014 0.005 0.012
1139.6 1.0 1.0 1.0 1.546 0.559 0.36 0.614 1.451 0.01 0.014 0.005 0.012
1139.7 1.0 1.0 1.0 1.546 0.559 0.36 0.614 1.451 0.01 0.014 0.005 0.012
1139.8 1.0 1.0 1.0 1.546 0.559 0.36 0.614 1.451 0.01 0.014 0.005 0.012
1139.9 1.0 1.0 1.0 1.546 0.559 0.36 0.614 1.451 0.01 0.014 0.005 0.012
1140.0 1.0 1.0 1.0 1.546 0.559 0.36 0.614 1.451 0.01 0.014 0.005 0.012
1140.1 1.0 1.0 1.0 1.546 0.559 0.36 0.614 1.451 0.01 0.014 0.005 0.012
1140.2 1.0 1.0 1.0 1.546 0.559 0.36 0.614 1.451 0.01 0.014 0.005 0.012
1140.3 1.0 1.0 1.0 1.546 0.559 0.36 0.614 1.451 0.01 0.014 0.005 0.012
1140.4 1.0 1.0 1.0 1.546 0.559 0.36 0.614 1.451 0.01 0.014 0.005 0.012
1140.5 1.0 1.0 1.0 1.546 0.559 0.36 0.614 1.451 0.01 0.014 0.005 0.012
1140.6 1.0 1.0 1.0 1.546 0.559 0.36 0.614 1.451 0.01 0.014 0.005 0.012
1140.7 1.0 1.0 1.0 1.546 0.559 0.36 0.614 1.451 0.01 0.014 0.005 0.012
1140.8 1.0 1.0 1.0 1.546 0.559 0.36 0.614 1.451 0.01 0.014 0.005 0.012
1140.9 1.0 1.0 1.0 1.546 0.559 0.36 0.614 1.451 0.01 0.014 0.005 0.012
1141.0 1.0 1.0 1.0 1.546 0.559 0.36 0.614 1.451 0.01 0.014 0.005 0.012
1141.1 1.0 1.0 1.0 1.546 0.559 0.36 0.614 1.451 0.01 0.014 0.005 0.012
1141.2 1.0 1.0 1.0 1.546 0.559 0.36 0.614 1.451 0.01 0.014 0.005 0.012
1141.3 1.0 1.0 1.0 1.546 0.559 0.36 0.614 1.451 0.01 0.014 0.005 0.012
1141.4 1.0 1.0 1.0 1.546 0.559 0.36 0.614 1.451 0.01 0.014 0.005 0.012
1141.5 1.0 1.0 1.0 1.546 0.559 0.36 0.614 1.451 0.01 0.014 0.005 0.012
1141.6 1.0 1.0 1.0 1.546 0.559 0.36 0.614 1.451 0.01 0.014 0.005 0.012
1141.7 1.0 1.0 1.0 1.546 0.559 0.36 0.614 1.451 0.01 0.014 0.005 0.012
1141.8 1.0 1.0 1.0 1.546 0.559 0.36 0.614 1.451 0.01 0.014 0.005 0.012
1141.9 1.0 1.0 1.0 1.546 0.559 0.36 0.614 1.451 0.01 0.014 0.005 0.012
1142.0 1.0 1.0 1.0 1.546 0.559 0.36 0.614 1.451 0.01 0.014 0.005 0.012
1142.1 1.0 1.0 1.0 1.546 0.559 0.36 0.614 1.451 0.01 0.014 0.005 0.012
1142.2 1.0 1.0 1.0 1.546 0.559 0.36 0.614 1.451 0.01 0.014 0.005 0.012
1142.3 1.0 1.0 1.0 1.546 0.559 0.36 0.614 1.451 0.01 0.014 0.005 0.012
1142.4 1.0 1.0 1.0 1.546 0.559 0.36 0.614 1.451 0.01 0.014 0.005 0.012
1142.5 1.0 1.0 1.0 1.546 0.559 0.36 0.614 1.451 0.01 0.014 0.005 0.012
1142.6 1.0 1.0 1.0 1.546 0.559 0.36 0.614 1.451 0.01 0.014 0.005 0.012
1142.7 1.0 1.0 1.0 1.546 0.559 0.36 0.614 1.451 0.01 0.014 0.005 0.012
1142.8 1.0 1.0 1.0 1.546 0.559 0.36 0.614 1.451 0.01 0.014 0.005 0.012
1142.9 1.0 1.0 1.0 1.546 0.559 0.36 0.614 1.451 0.01 0.014 0.005 0.012
1143.0 1.0 1.0 1.0 1.546 0.559 0.36 0.614 1.451 0.01 0.014 0.005 0.012
1143.1 1.0 1.0 1.0 1.546 0.559 0.36 0.614 1.451 0.01 0.014 0.005 0.012
1143.2 1.0 1.0 1.0 1.546 0.559 0.36 0.614 1.451 0.01 0.014 0.005 0.012
1143.3 1.0 1.0 1.0 1.546 0.559 0.36 0.614 1.451 0.01 0.014 0.005 0.012
1143.4 1.0 1.0 1.0 1.546 0.559 0.36 0.614 1.451 0.01 0.014 0.005 0.012
1143.5 1.0 1.0 1.0 1.546 0.559 0.36 0.614 1.451 0.01 0.014 0.005 0.012
1143.6 1.0 1.0 1.0 1.546 0.559 0.36 0.614 1.451 0.01 0.014 0.005 0.012
1143.7 1.0 1.0 1.0 1.546 0.559 0.36 0.614 1.451 0.01 0.014 0.005 0.012
1143.8 1.0 1.0 1.0 1.546 0.559 0.36 0.614 1.451 0.01 0.014 0.005 0.012
1143.9 1.0 1.0 1.0 1.546 0.559 0.36 0.614 1.451 0.01 0.014 0.005 0.012
1144.0 1.0 1.0 1.0 1.546 0.559 0.36 0.614 1.451 0.01 0.014 0.005 0.012
1144.1 1.0 1.0 1.0 1.546 0.559 0.36 0.614 1.451 0.01 0.014 0.005 0.012
1144.2 1.0 1.0 1.0 1.546 0.559 0.36 0.614 1.451 0.01 0.014 0.005 0.012
1144.3 1.0 1.0 1.0 1.546 0.559 0.36 0.614 1.451 0.01 0.014 0.005 0.012
1144.4 1.0 1.0 1.0 1.546 0.559 0.36 0.614 1.451 0.01 0.014 0.005 0.012
1144.5 1.0 1.0 1.0 1.546 0.559 0.36 0.614 1.451 0.01 0.014 0.005 0.012
1144.6 1.0 1.0 1.0 1.546 0.559 0.36 0.614 1.451 0.01 0.014 0.005 0.012
1144.7 1.0 1.0 1.0 1.546 0.559 0.36 0.614 1.451 0.01 0.014 0.005 0.012
1144.8 1.0 1.0 1.0 1.546 0.559 0.36 0.614 1.451 0.01 0.014 0.005 0.012
1144.9 1.0 1.0 1.0 1.546 0.559 0.36 0.614 1.451 0.01 0.014 0.005 0.012
1145.0 1.0 1.0 1.0 1.546 0.559 0.36 0.614 1.451 0.01 0.014 0.005 0.012
1145.1 1.0 1.0 1.0 1.546 0.559 0.36 0.614 1.451 0.01 0.014 0.005 0.012
1145.2 1.0 1.0 1.0 1.546 0.559 0.36 0.614 1.451 0.01 0.014 0.005 0.012
1145.3 1.0 1.0 1.0 1.546 0.559 0.36 0.614 1.451 0.01 0.014 0.005 0.012
1145.4 1.0 1.0 1.0 1.546 0.559 0.36 0.614 1.451 0.01 0.014 0.005 0.012
1145.5 1.0 1.0 1.0 1.546 0.559 0.36 0.614 1.451 0.01 0.014 0.005 0.012
1145.6 1.0 1.0 1.0 1.546 0.559 0.36 0.614 1.451 0.01 0.014 0.005 0.012
1145.7 1.0 1.0 1.0 1.546 0.559 0.36 0.614 1.451 0.01 0.014 0.005 0.012
1145.8 1.0 1.0 1.0 1.546 0.559 0.36 0.614 1.451 0.01 0.014 0.005 0.012
1145.9 1.0 1.0 1.0 1.546 0.559 0.36 0.614 1.451 0.01 0.014 0.005 0.012
1146.0 1.0 1.0 1.0 1.546 0.559 0.36 0.614 1.451 0.01 0.014 0.005 0.012
1146.1 1.0 1.0 1.0 1.546 0.559 0.36 0.614 1.451 0.01 0.014 0.005 0.012
1146.2 1.0 1.0 1.0 1.546 0.559 0.36 0.614 1.451 0.01 0.014 0.005 0.012
1146.3 1.0 1.0 1.0 1.546 0.559 0.36 0.614 1.451 0.01 0.014 0.005 0.012
1146.4 1.0 1.0 1.0 1.546 0.559 0.36 0.614 1.451 0.01 0.014 0.005 0.012
1146.5 1.0 1.0 1.0 1.546 0.559 0.36 0.614 1.451 0.01 0.014 0.005 0.012
1146.6 1.0 1.0 1.0 1.546 0.559 0.36 0.614 1.451 0.01 0.014 0.005 0.012
1146.7 1.0 1.0 1.0 1.546 0.559 0.36 0.614 1.451 0.01 0.014 0.005 0.012
1146.8 1.0 1.0 1.0 1.546 0.559 0.36 0.614 1.451 0.01 0.014 0.005 0.012
1146.9 1.0 1.0 1.0 1.546 0.559 0.36 0.614 1.451 0.01 0.014 0.005 0.012
1147.0 1.0 1.0 1.0 1.546 0.559 0.36 0.614 1.451 0.01 0.014 0.005 0.012
1147.1 1.0 1.0 1.0 1.546 0.559 0.36 0.614 1.451 0.01 0.014 0.005 0.012
1147.2 1.0 1.0 1.0 1.546 0.559 0.36 0.614 1.451 0.01 0.014 0.005 0.012
1147.3 1.0 1.0 1.0 1.546 0.559 0.36 0.614 1.451 0.01 0.014 0.005 0.012
1147.4 1.0 1.0 1.0 1.546 0.559 0.36 0.614 1.451 0.01 0.014 0.005 0.012
1147.5 1.0 1.0 1.0 1.546 0.559 0.36 0.614 1.451 0.01 0.014 0.005 0.012
1147.6 1.0 1.0 1.0 1.546 0.559 0.36 0.614 1.451 0.01 0.014 0.005 0.012
1147.7 1.0 1.0 1.0 1.546 0.559 0.36 0.614 1.451 0.01 0.014 0.005 0.012
1147.8 1.0 1.0 1.0 1.546 0.559 0.36 0.614 1.451 0.01 0.014 0.005 0.012
1147.9 1.0 1.0 1.0 1.546 0.559 0.36 0.614 1.451 0.01 0.014 0.005 0.012
1148.0 1.0 1.0 1.0 1.546 0.559 0.36 0.614 1.451 0.01 0.014 0.005 0.012
1148.1 1.0 1.0 1.0 1.546 0.559 0.36 0.614 1.451 0.01 0.014 0.005 0.012
1148.2 1.0 1.0 1.0 1.546 0.559 0.36 0.614 1.451 0.01 0.014 0.005 0.012
1148.3 1.0 1.0 1.0 1.546 0.559 0.36 0.614 1.451 0.01 0.014 0.005 0.012
1148.4 1.0 1.0 1.0 1.546 0.559 0.36 0.614 1.451 0.01 0.014 0.005 0.012
1148.5 1.0 1.0 1.0 1.546 0.559 0.36 0.614 1.451 0.01 0.014 0.005 0.012
1148.6 1.0 1.0 1.0 1.546 0.559 0.36 0.614 1.451 0.01 0.014 0.005 0.012
1148.7 1.0 1.0 1.0 1.546 0.559 0.36 0.614 1.451 0.01 0.014 0.005 0.012
1148.8 1.0 1.0 1.0 1.546 0.559 0.36 0.614 1.451 0.01 0.014 0.005 0.012
1148.9 1.0 1.0 1.0 1.546 0.559 0.36 0.614 1.451 0.01 0.014 0.005 0.012
1149.0 1.0 1.0 1.0 1.546 0.559 0.36 0.614 1.451 0.01 0.014 0.005 0.012
1149.1 1.0 1.0 1.0 1.546 0.559 0.36 0.614 1.451 0.01 0.014 0.005 0.012
1149.2 1.0 1.0 1.0 1.546 0.559 0.36 0.614 1.451 0.01 0.014 0.005 0.012
1149.3 1.0 1.0 1.0 1.546 0.559 0.36 0.614 1.451 0.01 0.014 0.005 0.012
1149.4 1.0 1.0 1.0 1.546 0.559 0.36 0.614 1.451 0.01 0.014 0.005 0.012
1149.5 1.0 1.0 1.0 1.546 0.559 0.36 0.614 1.451 0.01 0.014 0.005 0.012
1149.6 1.0 1.0 1.0 1.546 0.559 0.36 0.614 1.451 0.01 0.014 0.005 0.012
1149.7 1.0 1.0 1.0 1.546 0.559 0.36 0.614 1.451 0.01 0.014 0.005 0.012
1149.8 1.0 1.0 1.0 1.546 0.559 0.36 0.614 1.451 0.01 0.014 0.005 0.012
1149.9 1.0 1.0 1.0 1.546 0.559 0.36 0.614 1.451 0.01 0.014 0.005 0.012
1150.0 1.0 1.0 1.0 1.546 0.559 0.36 0.614 1.451 0.01 0.014 0.005 0.012
1150.1 1.0 1.0 1.0 1.546 0.559 0.36 0.614 1.451 0.01 0.014 0.005 0.012
1150.2 1.0 1.0 1.0 1.546 0.559 0.36 0.614 1.451 0.01 0.014 0.005 0.012
1150.3 1.0 1.0 1.0 1.546 0.559 0.36 0.614 1.451 0.01 0.014 0.005 0.012
1150.4 1.0 1.0 1.0 1.546 0.559 0.36 0.614 1.451 0.01 0.014 0.005 0.012
1150.5 1.0 1.0 1.0 1.546 0.559 0.36 0.614 1.451 0.01 0.014 0.005 0.012
1150.6 1.0 1.0 1.0 1.546 0.559 0.36 0.614 1.451 0.01 0.014 0.005 0.012
1150.7 1.0 1.0 1.0 1.546 0.559 0.36 0.614 1.451 0.01 0.014 0.005 0.012
1150.8 1.0 1.0 1.0 1.546 0.559 0.36 0.614 1.451 0.01 0.014 0.005 0.012
1150.9 1.0 1.0 1.0 1.546 0.559 0.36 0.614 1.451 0.01 0.014 0.005 0.012
1151.0 1.0 1.0 1.0 1.546 0.559 0.36 0.614 1.451 0.01 0.014 0.005 0.012
1151.1 1.0 1.0 1.0 1.546 0.559 0.36 0.614 1.451 0.01 0.014 0.005 0.012
1151.2 1.0 1.0 1.0 1.546 0.559 0.36 0.614 1.451 0.01 0.014 0.005 0.012
1151.3 1.0 1.0 1.0 1.546 0.559 0.36 0.614 1.451 0.01 0.014 0.005 0.012
1151.4 1.0 1.0 1.0 1.546 0.559 0.36 0.614 1.451 0.01 0.014 0.005 0.012
1151.5 1.0 1.0 1.0 1.546 0.559 0.36 0.614 1.451 0.01 0.014 0.005 0.012
1151.6 1.0 1.0 1.0 1.546 0.559 0.36 0.614 1.451 0.01 0.014 0.005 0.012
1151.7 1.0 1.0 1.0 1.546 0.559 0.36 0.614 1.451 0.01 0.014 0.005 0.012
1151.8 1.0 1.0 1.0 1.546 0.559 0.36 0.614 1.451 0.01 0.014 0.005 0.012
1151.9 1.0 1.0 1.0 1.546 0.559 0.36 0.614 1.451 0.01 0.014 0.005 0.012
1152.0 1.0 1.0 1.0 1.546 0.559 0.36 0.614 1.451 0.01 0.014 0.005 0.012
1152.1 1.0 1.0 1.0 1.546 0.559 0.36 0.614 1.451 0.01 0.014 0.005 0.012
1152.2 1.0 1.0 1.0 1.546 0.559 0.36 0.614 1.451 0.01 0.014 0.005 0.012
1152.3 1.0 1.0 1.0 1.546 0.559 0.36 0.614 1.451 0.01 0.014 0.005 0.012
1152.4 1.0 1.0 1.0 1.546 0.559 0.36 0.614 1.451 0.01 0.014 0.005 0.012
1152.5 1.0 1.0 1.0 1.546 0.559 0.36 0.614 1.451 0.01 0.014 0.005 0.012
1152.6 1.0 1.0 1.0 1.546 0.559 0.36 0.614 1.451 0.01 0.014 0.005 0.012
1152.7 1.0 1.0 1.0 1.546 0.559 0.36 0.614 1.451 0.01 0.014 0.005 0.012
1152.8 1.0 1.0 1.0 1.546 0.559 0.36 0.614 1.451 0.01 0.014 0.005 0.012
1152.9 1.0 1.0 1.0 1.546 0.559 0.36 0.614 1.451 0.01 0.014 0.005 0.012
1153.0 1.0 1.0 1.0 1.546 0.559 0.36 0.614 1.451 0.01 0.014 0.005 0.012
1153.1 1.0 1.0 1.0 1.546 0.559 0.36 0.614 1.451 0.01 0.014 0.005 0.012
1153.2 1.0 1.0 1.0 1.546 0.559 0.36 0.614 1.451 0.01 0.014 0.005 0.012
1153.3 1.0 1.0 1.0 1.546 0.559 0.36 0.614 1.451 0.01 0.014 0.005 0.012
1153.4 1.0 1.0 1.0 1.546 0.559 0.36 0.614 1.451 0.01 0.014 0.005 0.012
1153.5 1.0 1.0 1.0 1.546 0.559 0.36 0.614 1.451 0.01 0.014 0.005 0.012
1153.6 1.0 1.0 1.0 1.546 0.559 0.36 0.614 1.451 0.01 0.014 0.005 0.012
1153.7 1.0 1.0 1.0 1.546 0.559 0.36 0.614 1.451 0.01 0.014 0.005 0.012
1153.8 1.0 1.0 1.0 1.546 0.559 0.36 0.614 1.451 0.01 0.014 0.005 0.012
1153.9 1.0 1.0 1.0 1.546 0.559 0.36 0.614 1.451 0.01 0.014 0.005 0.012
1154.0 1.0 1.0 1.0 1.546 0.559 0.36 0.614 1.451 0.01 0.014 0.005 0.012
1154.1 1.0 1.0 1.0 1.546 0.559 0.36 0.614 1.451 0.01 0.014 0.005 0.012
1154.2 1.0 1.0 1.0 1.546 0.559 0.36 0.614 1.451 0.01 0.014 0.005 0.012
1154.3 1.0 1.0 1.0 1.546 0.559 0.36 0.614 1.451 0.01 0.014 0.005 0.012
1154.4 1.0 1.0 1.0 1.546 0.559 0.36 0.614 1.451 0.01 0.014 0.005 0.012
1154.5 1.0 1.0 1.0 1.546 0.559 0.36 0.614 1.451 0.01 0.014 0.005 0.012
1154.6 1.0 1.0 1.0 1.546 0.559 0.36 0.614 1.451 0.01 0.014 0.005 0.012
1154.7 1.0 1.0 1.0 1.546 0.559 0.36 0.614 1.451 0.01 0.014 0.005 0.012
1154.8 1.0 1.0 1.0 1.546 0.559 0.36 0.614 1.451 0.01 0.014 0.005 0.012
1154.9 1.0 1.0 1.0 1.546 0.559 0.36 0.614 1.451 0.01 0.014 0.005 0.012
1155.0 1.0 1.0 1.0 1.546 0.559 0.36 0.614 1.451 0.01 0.014 0.005 0.012
1155.1 1.0 1.0 1.0 1.546 0.559 0.36 0.614 1.451 0.01 0.014 0.005 0.012
1155.2 1.0 1.0 1.0 1.546 0.559 0.36 0.614 1.451 0.01 0.014 0.005 0.012
1155.3 1.0 1.0 1.0 1.546 0.559 0.36 0.614 1.451 0.01 0.014 0.005 0.012
1155.4 1.0 1.0 1.0 1.546 0.559 0.36 0.614 1.451 0.01 0.014 0.005 0.012
1155.5 1.0 1.0 1.0 1.546 0.559 0.36 0.614 1.451 0.01 0.014 0.005 0.012
1155.6 1.0 1.0 1.0 1.546 0.559 0.36 0.614 1.451 0.01 0.014 0.005 0.012
1155.7 1.0 1.0 1.0 1.546 0.559 0.36 0.614 1.451 0.01 0.014 0.005 0.012
1155.8 1.0 1.0 1.0 1.546 0.559 0.36 0.614 1.451 0.01 0.014 0.005 0.012
1155.9 1.0 1.0 1.0 1.546 0.559 0.36 0.614 1.451 0.01 0.014 0.005 0.012
1156.0 1.0 1.0 1.0 1.546 0.559 0.36 0.614 1.451 0.01 0.014 0.005 0.012
1156.1 1.0 1.0 1.0 1.546 0.559 0.36 0.614 1.451 0.01 0.014 0.005 0.012
1156.2 1.0 1.0 1.0 1.546 0.559 0.36 0.614 1.451 0.01 0.014 0.005 0.012
1156.3 1.0 1.0 1.0 1.546 0.559 0.36 0.614 1.451 0.01 0.014 0.005 0.012
1156.4 1.0 1.0 1.0 1.546 0.559 0.36 0.614 1.451 0.01 0.014 0.005 0.012
1156.5 1.0 1.0 1.0 1.546 0.559 0.36 0.614 1.451 0.01 0.014 0.005 0.012
1156.6 1.0 1.0 1.0 1.546 0.559 0.36 0.614 1.451 0.01 0.014 0.005 0.012
1156.7 1.0 1.0 1.0 1.546 0.559 0.36 0.614 1.451 0.01 0.014 0.005 0.012
1156.8 1.0 1.0 1.0 1.546 0.559 0.36 0.614 1.451 0.01 0.014 0.005 0.012
1156.9 1.0 1.0 1.0 1.546 0.559 0.36 0.614 1.451 0.01 0.014 0.005 0.012
1157.0 1.0 1.0 1.0 1.546 0.559 0.36 0.614 1.451 0.01 0.014 0.005 0.012
1157.1 1.0 1.0 1.0 1.546 0.559 0.36 0.614 1.451 0.01 0.014 0.005 0.012
1157.2 1.0 1.0 1.0 1.546 0.559 0.36 0.614 1.451 0.01 0.014 0.005 0.012
1157.3 1.0 1.0 1.0 1.546 0.559 0.36 0.614 1.451 0.01 0.014 0.005 0.012
1157.4 1.0 1.0 1.0 1.546 0.559 0.36 0.614 1.451 0.01 0.014 0.005 0.012
1157.5 1.0 1.0 1.0 1.546 0.559 0.36 0.614 1.451 0.01 0.014 0.005 0.012
1157.6 1.0 1.0 1.0 1.546 0.559 0.36 0.614 1.451 0.01 0.014 0.005 0.012
1157.7 1.0 1.0 1.0 1.546 0.559 0.36 0.614 1.451 0.01 0.014 0.005 0.012
1157.8 1.0 1.0 1.0 1.546 0.559 0.36 0.614 1.451 0.01 0.014 0.005 0.012
1157.9 1.0 1.0 1.0 1.546 0.559 0.36 0.614 1.451 0.01 0.014 0.005 0.012
1158.0 1.0 1.0 1.0 1.546 0.559 0.36 0.614 1.451 0.01 0.014 0.005 0.012
1158.1 1.0 1.0 1.0 1.546 0.559 0.36 0.614 1.451 0.01 0.014 0.005 0.012
1158.2 1.0 1.0 1.0 1.546 0.559 0.36 0.614 1.451 0.01 0.014 0.005 0.012
1158.3 1.0 1.0 1.0 1.546 0.559 0.36 0.614 1.451 0.01 0.014 0.005 0.012
1158.4 1.0 1.0 1.0 1.546 0.559 0.36 0.614 1.451 0.01 0.014 0.005 0.012
1158.5 1.0 1.0 1.0 1.546 0.559 0.36 0.614 1.451 0.01 0.014 0.005 0.012
1158.6 1.0 1.0 1.0 1.546 0.559 0.36 0.614 1.451 0.01 0.014 0.005 0.012
1158.7 1.0 1.0 1.0 1.546 0.559 0.36 0.614 1.451 0.01 0.014 0.005 0.012
1158.8 1.0 1.0 1.0 1.546 0.559 0.36 0.614 1.451 0.01 0.014 0.005 0.012
1158.9 1.0 1.0 1.0 1.546 0.559 0.36 0.614 1.451 0.01 0.014 0.005 0.012
1159.0 1.0 1.0 1.0 1.546 0.559 0.36 0.614 1.451 0.01 0.014 0.005 0.012
1159.1 1.0 1.0 1.0 1.546 0.559 0.36 0.614 1.451 0.01 0.014 0.005 0.012
1159.2 1.0 1.0 1.0 1.546 0.559 0.36 0.614 1.451 0.01 0.014 0.005 0.012
1159.3 1.0 1.0 1.0 1.546 0.559 0.36 0.614 1.451 0.01 0.014 0.005 0.012
1159.4 1.0 1.0 1.0 1.546 0.559 0.36 0.614 1.451 0.01 0.014 0.005 0.012
1159.5 1.0 1.0 1.0 1.546 0.559 0.36 0.614 1.451 0.01 0.014 0.005 0.012
1159.6 1.0 1.0 1.0 1.546 0.559 0.36 0.614 1.451 0.01 0.014 0.005 0.012
1159.7 1.0 1.0 1.0 1.546 0.559 0.36 0.614 1.451 0.01 0.014 0.005 0.012
1159.8 1.0 1.0 1.0 1.546 0.559 0.36 0.614 1.451 0.01 0.014 0.005 0.012
1159.9 1.0 1.0 1.0 1.546 0.559 0.36 0.614 1.451 0.01 0.014 0.005 0.012
1160.0 1.0 1.0 1.0 1.546 0.559 0.36 0.614 1.451 0.01 0.014 0.005 0.012
1160.1 1.0 1.0 1.0 1.546 0.559 0.36 0.614 1.451 0.01 0.014 0.005 0.012
1160.2 1.0 1.0 1.0 1.546 0.559 0.36 0.614 1.451 0.01 0.014 0.005 0.012
1160.3 1.0 1.0 1.0 1.546 0.559 0.36 0.614 1.451 0.01 0.014 0.005 0.012
1160.4 1.0 1.0 1.0 1.546 0.559 0.36 0.614 1.451 0.01 0.014 0.005 0.012
1160.5 1.0 1.0 1.0 1.546 0.559 0.36 0.614 1.451 0.01 0.014 0.005 0.012
1160.6 1.0 1.0 1.0 1.546 0.559 0.36 0.614 1.451 0.01 0.014 0.005 0.012
1160.7 1.0 1.0 1.0 1.546 0.559 0.36 0.614 1.451 0.01 0.014 0.005 0.012
1160.8 1.0 1.0 1.0 1.546 0.559 0.36 0.614 1.451 0.01 0.014 0.005 0.012
1160.9 1.0 1.0 1.0 1.546 0.559 0.36 0.614 1.451 0.01 0.014 0.005 0.012
1161.0 1.0 1.0 1.0 1.546 0.559 0.36 0.614 1.451 0.01 0.014 0.005 0.012
1161.1 1.0 1.0 1.0 1.546 0.559 0.36 0.614 1.451 0.01 0.014 0.005 0.012
1161.2 1.0 1.0 1.0 1.546 0.559 0.36 0.614 1.451 0.01 0.014 0.005 0.012
1161.3 1.0 1.0 1.0 1.546 0.559 0.36 0.614 1.451 0.01 0.014 0.005 0.012
1161.4 1.0 1.0 1.0 1.546 0.559 0.36 0.614 1.451 0.01 0.014 0.005 0.012
1161.5 1.0 1.0 1.0 1.546 0.559 0.36 0.614 1.451 0.01 0.014 0.005 0.012
1161.6 1.0 1.0 1.0 1.546 0.559 0.36 0.614 1.451 0.01 0.014 0.005 0.012
1161.7 1.0 1.0 1.0 1.546 0.559 0.36 0.614 1.451 0.01 0.014 0.005 0.012
1161.8 1.0 1.0 1.0 1.546 0.559 0.36 0.614 1.451 0.01 0.014 0.005 0.012
1161.9 1.0 1.0 1.0 1.546 0.559 0.36 0.614 1.451 0.01 0.014 0.005 0.012
1162.0 1.0 1.0 1.0 1.546 0.559 0.36 0.614 1.451 0.01 0.014 0.005 0.012
1162.1 1.0 1.0 1.0 1.546 0.559 0.36 0.614 1.451 0.01 0.014 0.005 0.012
1162.2 1.0 1.0 1.0 1.546 0.559 0.36 0.614 1.451 0.01 0.014 0.005 0.012
1162.3 1.0 1.0 1.0 1.546 0.559 0.36 0.614 1.451 0.01 0.014 0.005 0.012
1162.4 1.0 1.0 1.0 1.546 0.559 0.36 0.614 1.451 0.01 0.014 0.005 0.012
1162.5 1.0 1.0 1.0 1.546 0.559 0.36 0.614 1.451 0.01 0.014 0.005 0.012
1162.6 1.0 1.0 1.0 1.546 0.559 0.36 0.614 1.451 0.01 0.014 0.005 0.012
1162.7 1.0 1.0 1.0 1.546 0.559 0.36 0.614 1.451 0.01 0.014 0.005 0.012
1162.8 1.0 1.0 1.0 1.546 0.559 0.36 0.614 1.451 0.01 0.014 0.005 0.012
1162.9 1.0 1.0 1.0 1.546 0.559 0.36 0.614 1.451 0.01 0.014 0.005 0.012
1163.0 1.0 1.0 1.0 1.546 0.559 0.36 0.614 1.451 0.01 0.014 0.005 0.012
1163.1 1.0 1.0 1.0 1.546 0.559 0.36 0.614 1.451 0.01 0.014 0.005 0.012
1163.2 1.0 1.0 1.0 1.546 0.559 0.36 0.614 1.451 0.01 0.014 0.005 0.012
1163.3 1.0 1.0 1.0 1.546 0.559 0.36 0.614 1.451 0.01 0.014 0.005 0.012
1163.4 1.0 1.0 1.0 1.546 0.559 0.36 0.614 1.451 0.01 0.014 0.005 0.012
1163.5 1.0 1.0 1.0 1.546 0.559 0.36 0.614 1.451 0.01 0.014 0.005 0.012
1163.6 1.0 1.0 1.0 1.546 0.559 0.36 0.614 1.451 0.01 0.014 0.005 0.012
1163.7 1.0 1.0 1.0 1.546 0.559 0.36 0.614 1.451 0.01 0.014 0.005 0.012
1163.8 1.0 1.0 1.0 1.546 0.559 0.36 0.614 1.451 0.01 0.014 0.005 0.012
1163.9 1.0 1.0 1.0 1.546 0.559 0.36 0.614 1.451 0.01 0.014 0.005 0.012
1164.0 1.0 1.0 1.0 1.546 0.559 0.36 0.614 1.451 0.01 0.014 0.005 0.012
1164.1 1.0 1.0 1.0 1.546 0.559 0.36 0.614 1.451 0.01 0.014 0.005 0.012
1164.2 1.0 1.0 1.0 1.546 0.559 0.36 0.614 1.451 0.01 0.014 0.005 0.012
1164.3 1.0 1.0 1.0 1.546 0.559 0.36 0.614 1.451 0.01 0.014 0.005 0.012
1164.4 1.0 1.0 1.0 1.546 0.559 0.36 0.614 1.451 0.01 0.014 0.005 0.012
1164.5 1.0 1.0 1.0 1.546 0.559 0.36 0.614 1.451 0.01 0.014 0.005 0.012
1164.6 1.0 1.0 1.0 1.546 0.559 0.36 0.614 1.451 0.01 0.014 0.005 0.012
1164.7 1.0 1.0 1.0 1.546 0.559 0.36 0.614 1.451 0.01 0.014 0.005 0.012
1164.8 1.0 1.0 1.0 1.546 0.559 0.36 0.614 1.451 0.01 0.014 0.005 0.012
1164.9 1.0 1.0 1.0 1.546 0.559 0.36 0.614 1.451 0.01 0.014 0.005 0.012
1165.0 1.0 1.0 1.0 1.546 0.559 0.36 0.614 1.451 0.01 0.014 0.005 0.012
1165.1 1.0 1.0 1.0 1.546 0.559 0.36 0.614 1.451 0.01 0.014 0.005 0.012
1165.2 1.0 1.0 1.0 1.546 0.559 0.36 0.614 1.451 0.01 0.014 0.005 0.012
1165.3 1.0 1.0 1.0 1.546 0.559 0.36 0.614 1.451 0.01 0.014 0.005 0.012
1165.4 1.0 1.0 1.0 1.546 0.559 0.36 0.614 1.451 0.01 0.014 0.005 0.012
1165.5 1.0 1.0 1.0 1.546 0.559 0.36 0.614 1.451 0.01 0.014 0.005 0.012
1165.6 1.0 1.0 1.0 1.546 0.559 0.36 0.614 1.451 0.01 0.014 0.005 0.012
1165.7 1.0 1.0 1.0 1.546 0.559 0.36 0.614 1.451 0.01 0.014 0.005 0.012
1165.8 1.0 1.0 1.0 1.546 0.559 0.36 0.614 1.451 0.01 0.014 0.005 0.012
1165.9 1.0 1.0 1.0 1.546 0.559 0.36 0.614 1.451 0.01 0.014 0.005 0.012
1166.0 1.0 1.0 1.0 1.546 0.559 0.36 0.614 1.451 0.01 0.014 0.005 0.012
1166.1 1.0 1.0 1.0 1.546 0.559 0.36 0.614 1.451 0.01 0.014 0.005 0.012
1166.2 1.0 1.0 1.0 1.546 0.559 0.36 0.614 1.451 0.01 0.014 0.005 0.012
1166.3 1.0 1.0 1.0 1.546 0.559 0.36 0.614 1.451 0.01 0.014 0.005 0.012
1166.4 1.0 1.0 1.0 1.546 0.559 0.36 0.614 1.451 0.01 0.014 0.005 0.012
1166.5 1.0 1.0 1.0 1.546 0.559 0.36 0.614 1.451 0.01 0.014 0.005 0.012
1166.6 1.0 1.0 1.0 1.546 0.559 0.36 0.614 1.451 0.01 0.014 0.005 0.012
1166.7 1.0 1.0 1.0 1.546 0.559 0.36 0.614 1.451 0.01 0.014 0.005 0.012
1166.8 1.0 1.0 1.0 1.546 0.559 0.36 0.614 1.451 0.01 0.014 0.005 0.012
1166.9 1.0 1.0 1.0 1.546 0.559 0.36 0.614 1.451 0.01 0.014 0.005 0.012
1167.0 1.0 1.0 1.0 1.546 0.559 0.36 0.614 1.451 0.01 0.014 0.005 0.012
1167.1 1.0 1.0 1.0 1.546 0.559 0.36 0.614 1.451 0.01 0.014 0.005 0.012
1167.2 1.0 1.0 1.0 1.546 0.559 0.36 0.614 1.451 0.01 0.014 0.005 0.012
1167.3 1.0 1.0 1.0 1.546 0.559 0.36 0.614 1.451 0.01 0.014 0.005 0.012
1167.4 1.0 1.0 1.0 1.546 0.559 0.36 0.614 1.451 0.01 0.014 0.005 0.012
1167.5 1.0 1.0 1.0 1.546 0.559 0.36 0.614 1.451 0.01 0.014 0.005 0.012
1167.6 1.0 1.0 1.0 1.546 0.559 0.36 0.614 1.451 0.01 0.014 0.005 0.012
1167.7 1.0 1.0 1.0 1.546 0.559 0.36 0.614 1.451 0.01 0.014 0.005 0.012
1167.8 1.0 1.0 1.0 1.546 0.559 0.36 0.614 1.451 0.01 0.014 0.005 0.012
1167.9 1.0 1.0 1.0 1.546 0.559 0.36 0.614 1.451 0.01 0.014 0.005 0.012
1168.0 1.0 1.0 1.0 1.546 0.559 0.36 0.614 1.451 0.01 0.014 0.005 0.012
1168.1 1.0 1.0 1.0 1.546 0.559 0.36 0.614 1.451 0.01 0.014 0.005 0.012
1168.2 1.0 1.0 1.0 1.546 0.559 0.36 0.614 1.451 0.01 0.014 0.005 0.012
1168.3 1.0 1.0 1.0 1.546 0.559 0.36 0.614 1.451 0.01 0.014 0.005 0.012
1168.4 1.0 1.0 1.0 1.546 0.559 0.36 0.614 1.451 0.01 0.014 0.005 0.012
1168.5 1.0 1.0 1.0 1.546 0.559 0.36 0.614 1.451 0.01 0.014 0.005 0.012
1168.6 1.0 1.0 1.0 1.546 0.559 0.36 0.614 1.451 0.01 0.014 0.005 0.012
1168.7 1.0 1.0 1.0 1.546 0.559 0.36 0.614 1.451 0.01 0.014 0.005 0.012
1168.8 1.0 1.0 1.0 1.546 0.559 0.36 0.614 1.451 0.01 0.014 0.005 0.012
1168.9 1.0 1.0 1.0 1.546 0.559 0.36 0.614 1.451 0.01 0.014 0.005 0.012
1169.0 1.0 1.0 1.0 1.546 0.559 0.36 0.614 1.451 0.01 0.014 0.005 0.012
1169.1 1.0 1.0 1.0 1.546 0.559 0.36 0.614 1.451 0.01 0.014 0.005 0.012
1169.2 1.0 1.0 1.0 1.546 0.559 0.36 0.614 1.451 0.01 0.014 0.005 0.012
1169.3 1.0 1.0 1.0 1.546 0.559 0.36 0.614 1.451 0.01 0.014 0.005 0.012
1169.4 1.0 1.0 1.0 1.546 0.559 0.36 0.614 1.451 0.01 0.014 0.005 0.012
1169.5 1.0 1.0 1.0 1.546 0.559 0.36 0.614 1.451 0.01 0.014 0.005 0.012
1169.6 1.0 1.0 1.0 1.546 0.559 0.36 0.614 1.451 0.01 0.014 0.005 0.012
1169.7 1.0 1.0 1.0 1.546 0.559 0.36 0.614 1.451 0.01 0.014 0.005 0.012
1169.8 1.0 1.0 1.0 1.546 0.559 0.36 0.614 1.451 0.01 0.014 0.005 0.012
1169.9 1.0 1.0 1.0 1.546 0.559 0.36 0.614 1.451 0.01 0.014 0.005 0.012
1170.0 1.0 1.0 1.0 1.546 0.559 0.36 0.614 1.451 0.01 0.014 0.005 0.012
1170.1 1.0 1.0 1.0 1.546 0.559 0.36 0.614 1.451 0.01 0.014 0.005 0.012
1170.2 1.0 1.0 1.0 1.546 0.559 0.36 0.614 1.451 0.01 0.014 0.005 0.012
1170.3 1.0 1.0 1.0 1.546 0.559 0.36 0.614 1.451 0.01 0.014 0.005 0.012
1170.4 1.0 1.0 1.0 1.546 0.559 0.36 0.614 1.451 0.01 0.014 0.005 0.012
1170.5 1.0 1.0 1.0 1.546 0.559 0.36 0.614 1.451 0.01 0.014 0.005 0.012
1170.6 1.0 1.0 1.0 1.546 0.559 0.36 0.614 1.451 0.01 0.014 0.005 0.012
1170.7 1.0 1.0 1.0 1.546 0.559 0.36 0.614 1.451 0.01 0.014 0.005 0.012
1170.8 1.0 1.0 1.0 1.546 0.559 0.36 0.614 1.451 0.01 0.014 0.005 0.012
1170.9 1.0 1.0 1.0 1.546 0.559 0.36 0.614 1.451 0.01 0.014 0.005 0.012
1171.0 1.0 1.0 1.0 1.546 0.559 0.36 0.614 1.451 0.01 0.014 0.005 0.012
1171.1 1.0 1.0 1.0 1.546 0.559 0.36 0.614 1.451 0.01 0.014 0.005 0.012
1171.2 1.0 1.0 1.0 1.546 0.559 0.36 0.614 1.451 0.01 0.014 0.005 0.012
1171.3 1.0 1.0 1.0 1.546 0.559 0.36 0.614 1.451 0.01 0.014 0.005 0.012
1171.4 1.0 1.0 1.0 1.546 0.559 0.36 0.614 1.451 0.01 0.014 0.005 0.012
1171.5 1.0 1.0 1.0 1.546 0.559 0.36 0.614 1.451 0.01 0.014 0.005 0.012
1171.6 1.0 1.0 1.0 1.546 0.559 0.36 0.614 1.451 0.01 0.014 0.005 0.012
1171.7 1.0 1.0 1.0 1.546 0.559 0.36 0.614 1.451 0.01 0.014 0.005 0.012
1171.8 1.0 1.0 1.0 1.546 0.559 0.36 0.614 1.451 0.01 0.014 0.005 0.012
1171.9 1.0 1.0 1.0 1.546 0.559 0.36 0.614 1.451 0.01 0.014 0.005 0.012
1172.0 1.0 1.0 1.0 1.546 0.559 0.36 0.614 1.451 0.01 0.014 0.005 0.012
1172.1 1.0 1.0 1.0 1.546 0.559 0.36 0.614 1.451 0.01 0.014 0.005 0.012
1172.2 1.0 1.0 1.0 1.546 0.559 0.36 0.614 1.451 0.01 0.014 0.005 0.012
1172.3 1.0 1.0 1.0 1.546 0.559 0.36 0.614 1.451 0.01 0.014 0.005 0.012
1172.4 1.0 1.0 1.0 1.546 0.559 0.36 0.614 1.451 0.01 0.014 0.005 0.012
1172.5 1.0 1.0 1.0 1.546 0.559 0.36 0.614 1.451 0.01 0.014 0.005 0.012
1172.6 1.0 1.0 1.0 1.546 0.559 0.36 0.614 1.451 0.01 0.014 0.005 0.012
1172.7 1.0 1.0 1.0 1.546 0.559 0.36 0.614 1.451 0.01 0.014 0.005 0.012
1172.8 1.0 1.0 1.0 1.546 0.559 0.36 0.614 1.451 0.01 0.014 0.005 0.012
1172.9 1.0 1.0 1.0 1.546 0.559 0.36 0.614 1.451 0.01 0.014 0.005 0.012
1173.0 1.0 1.0 1.0 1.546 0.559 0.36 0.614 1.451 0.01 0.014 0.005 0.012
1173.1 1.0 1.0 1.0 1.546 0.559 0.36 0.614 1.451 0.01 0.014 0.005 0.012
1173.2 1.0 1.0 1.0 1.546 0.559 0.36 0.614 1.451 0.01 0.014 0.005 0.012
1173.3 1.0 1.0 1.0 1.546 0.559 0.36 0.614 1.451 0.01 0.014 0.005 0.012
1173.4 1.0 1.0 1.0 1.546 0.559 0.36 0.614 1.451 0.01 0.014 0.005 0.012
1173.5 1.0 1.0 1.0 1.546 0.559 0.36 0.614 1.451 0.01 0.014 0.005 0.012
1173.6 1.0 1.0 1.0 1.546 0.559 0.36 0.614 1.451 0.01 0.014 0.005 0.012
1173.7 1.0 1.0 1.0 1.546 0.559 0.36 0.614 1.451 0.01 0.014 0.005 0.012
1173.8 1.0 1.0 1.0 1.546 0.559 0.36 0.614 1.451 0.01 0.014 0.005 0.012
1173.9 1.0 1.0 1.0 1.546 0.559 0.36 0.614 1.451 0.01 0.014 0.005 0.012
1174.0 1.0 1.0 1.0 1.546 0.559 0.36 0.614 1.451 0.01 0.014 0.005 0.012
1174.1 1.0 1.0 1.0 1.546 0.559 0.36 0.614 1.451 0.01 0.014 0.005 0.012
1174.2 1.0 1.0 1.0 1.546 0.559 0.36 0.614 1.451 0.01 0.014 0.005 0.012
1174.3 1.0 1.0 1.0 1.546 0.559 0.36 0.614 1.451 0.01 0.014 0.005 0.012
1174.4 1.0 1.0 1.0 1.546 0.559 0.36 0.614 1.451 0.01 0.014 0.005 0.012
1174.5 1.0 1.0 1.0 1.546 0.559 0.36 0.614 1.451 0.01 0.014 0.005 0.012
1174.6 1.0 1.0 1.0 1.546 0.559 0.36 0.614 1.451 0.01 0.014 0.005 0.012
1174.7 1.0 1.0 1.0 1.546 0.559 0.36 0.614 1.451 0.01 0.014 0.005 0.012
1174.8 1.0 1.0 1.0 1.546 0.559 0.36 0.614 1.451 0.01 0.014 0.005 0.012
1174.9 1.0 1.0 1.0 1.546 0.559 0.36 0.614 1.451 0.01 0.014 0.005 0.012
1175.0 1.0 1.0 1.0 1.546 0.559 0.36 0.614 1.451 0.01 0.014 0.005 0.012
1175.1 1.0 1.0 1.0 1.546 0.559 0.36 0.614 1.451 0.01 0.014 0.005 0.012
1175.2 1.0 1.0 1.0 1.546 0.559 0.36 0.614 1.451 0.01 0.014 0.005 0.012
1175.3 1.0 1.0 1.0 1.546 0.559 0.36 0.614 1.451 0.01 0.014 0.005 0.012
1175.4 1.0 1.0 1.0 1.546 0.559 0.36 0.614 1.451 0.01 0.014 0.005 0.012
1175.5 1.0 1.0 1.0 1.546 0.559 0.36 0.614 1.451 0.01 0.014 0.005 0.012
1175.6 1.0 1.0 1.0 1.546 0.559 0.36 0.614 1.451 0.01 0.014 0.005 0.012
1175.7 1.0 1.0 1.0 1.546 0.559 0.36 0.614 1.451 0.01 0.014 0.005 0.012
1175.8 1.0 1.0 1.0 1.546 0.559 0.36 0.614 1.451 0.01 0.014 0.005 0.012
1175.9 1.0 1.0 1.0 1.546 0.559 0.36 0.614 1.451 0.01 0.014 0.005 0.012
1176.0 1.0 1.0 1.0 1.546 0.559 0.36 0.614 1.451 0.01 0.014 0.005 0.012
1176.1 1.0 1.0 1.0 1.546 0.559 0.36 0.614 1.451 0.01 0.014 0.005 0.012
1176.2 1.0 1.0 1.0 1.546 0.559 0.36 0.614 1.451 0.01 0.014 0.005 0.012
1176.3 1.0 1.0 1.0 1.546 0.559 0.36 0.614 1.451 0.01 0.014 0.005 0.012
1176.4 1.0 1.0 1.0 1.546 0.559 0.36 0.614 1.451 0.01 0.014 0.005 0.012
1176.5 1.0 1.0 1.0 1.546 0.559 0.36 0.614 1.451 0.01 0.014 0.005 0.012
1176.6 1.0 1.0 1.0 1.546 0.559 0.36 0.614 1.451 0.01 0.014 0.005 0.012
1176.7 1.0 1.0 1.0 1.546 0.559 0.36 0.614 1.451 0.01 0.014 0.005 0.012
1176.8 1.0 1.0 1.0 1.546 0.559 0.36 0.614 1.451 0.01 0.014 0.005 0.012
1176.9 1.0 1.0 1.0 1.546 0.559 0.36 0.614 1.451 0.01 0.014 0.005 0.012
1177.0 1.0 1.0 1.0 1.546 0.559 0.36 0.614 1.451 0.01 0.014 0.005 0.012
1177.1 1.0 1.0 1.0 1.546 0.559 0.36 0.614 1.451 0.01 0.014 0.005 0.012
1177.2 1.0 1.0 1.0 1.546 0.559 0.36 0.614 1.451 0.01 0.014 0.005 0.012
1177.3 1.0 1.0 1.0 1.546 0.559 0.36 0.614 1.451 0.01 0.014 0.005 0.012
1177.4 1.0 1.0 1.0 1.546 0.559 0.36 0.614 1.451 0.01 0.014 0.005 0.012
1177.5 1.0 1.0 1.0 1.546 0.559 0.36 0.614 1.451 0.01 0.014 0.005 0.012
1177.6 1.0 1.0 1.0 1.546 0.559 0.36 0.614 1.451 0.01 0.014 0.005 0.012
1177.7 1.0 1.0 1.0 1.546 0.559 0.36 0.614 1.451 0.01 0.014 0.005 0.012
1177.8 1.0 1.0 1.0 1.546 0.559 0.36 0.614 1.451 0.01 0.014 0.005 0.012
1177.9 1.0 1.0 1.0 1.546 0.559 0.36 0.614 1.451 0.01 0.014 0.005 0.012
1178.0 1.0 1.0 1.0 1.546 0.559 0.36 0.614 1.451 0.01 0.014 0.005 0.012
1178.1 1.0 1.0 1.0 1.546 0.559 0.36 0.614 1.451 0.01 0.014 0.005 0.012
1178.2 1.0 1.0 1.0 1.546 0.559 0.36 0.614 1.451 0.01 0.014 0.005 0.012
1178.3 1.0 1.0 1.0 1.546 0.559 0.36 0.614 1.451 0.01 0.014 0.005 0.012
1178.4 1.0 1.0 1.0 1.546 0.559 0.36 0.614 1.451 0.01 0.014 0.005 0.012
1178.5 1.0 1.0 1.0 1.546 0.559 0.36 0.614 1.451 0.01 0.014 0.005 0.012
1178.6 1.0 1.0 1.0 1.546 0.559 0.36 0.614 1.451 0.01 0.014 0.005 0.012
1178.7 1.0 1.0 1.0 1.546 0.559 0.36 0.614 1.451 0.01 0.014 0.005 0.012
1178.8 1.0 1.0 1.0 1.546 0.559 0.36 0.614 1.451 0.01 0.014 0.005 0.012
1178.9 1.0 1.0 1.0 1.546 0.559 0.36 0.614 1.451 0.01 0.014 0.005 0.012
1179.0 1.0 1.0 1.0 1.546 0.559 0.36 0.614 1.451 0.01 0.014 0.005 0.012
1179.1 1.0 1.0 1.0 1.546 0.559 0.36 0.614 1.451 0.01 0.014 0.005 0.012
1179.2 1.0 1.0 1.0 1.546 0.559 0.36 0.614 1.451 0.01 0.014 0.005 0.012
1179.3 1.0 1.0 1.0 1.546 0.559 0.36 0.614 1.451 0.01 0.014 0.005 0.012
1179.4 1.0 1.0 1.0 1.546 0.559 0.36 0.614 1.451 0.01 0.014 0.005 0.012
1179.5 1.0 1.0 1.0 1.546 0.559 0.36 0.614 1.451 0.01 0.014 0.005 0.012
1179.6 1.0 1.0 1.0 1.546 0.559 0.36 0.614 1.451 0.01 0.014 0.005 0.012
1179.7 1.0 1.0 1.0 1.546 0.559 0.36 0.614 1.451 0.01 0.014 0.005 0.012
1179.8 1.0 1.0 1.0 1.546 0.559 0.36 0.614 1.451 0.01 0.014 0.005 0.012
1179.9 1.0 1.0 1.0 1.546 0.559 0.36 0.614 1.451 0.01 0.014 0.005 0.012
1180.0 1.0 1.0 1.0 1.546 0.559 0.36 0.614 1.451 0.01 0.014 0.005 0.012
1180.1 1.0 1.0 1.0 1.546 0.559 0.36 0.614 1.451 0.01 0.014 0.005 0.012
1180.2 1.0 1.0 1.0 1.546 0.559 0.36 0.614 1.451 0.01 0.014 0.005 0.012
1180.3 1.0 1.0 1.0 1.546 0.559 0.36 0.614 1.451 0.01 0.014 0.005 0.012
1180.4 1.0 1.0 1.0 1.546 0.559 0.36 0.614 1.451 0.01 0.014 0.005 0.012
1180.5 1.0 1.0 1.0 1.546 0.559 0.36 0.614 1.451 0.01 0.014 0.005 0.012
1180.6 1.0 1.0 1.0 1.546 0.559 0.36 0.614 1.451 0.01 0.014 0.005 0.012
1180.7 1.0 1.0 1.0 1.546 0.559 0.36 0.614 1.451 0.01 0.014 0.005 0.012
1180.8 1.0 1.0 1.0 1.546 0.559 0.36 0.614 1.451 0.01 0.014 0.005 0.012
1180.9 1.0 1.0 1.0 1.546 0.559 0.36 0.614 1.451 0.01 0.014 0.005 0.012
1181.0 1.0 1.0 1.0 1.546 0.559 0.36 0.614 1.451 0.01 0.014 0.005 0.012
1181.1 1.0 1.0 1.0 1.546 0.559 0.36 0.614 1.451 0.01 0.014 0.005 0.012
1181.2 1.0 1.0 1.0 1.546 0.559 0.36 0.614 1.451 0.01 0.014 0.005 0.012
1181.3 1.0 1.0 1.0 1.546 0.559 0.36 0.614 1.451 0.01 0.014 0.005 0.012
1181.4 1.0 1.0 1.0 1.546 0.559 0.36 0.614 1.451 0.01 0.014 0.005 0.012
1181.5 1.0 1.0 1.0 1.546 0.559 0.36 0.614 1.451 0.01 0.014 0.005 0.012
1181.6 1.0 1.0 1.0 1.546 0.559 0.36 0.614 1.451 0.01 0.014 0.005 0.012
1181.7 1.0 1.0 1.0 1.546 0.559 0.36 0.614 1.451 0.01 0.014 0.005 0.012
1181.8 1.0 1.0 1.0 1.546 0.559 0.36 0.614 1.451 0.01 0.014 0.005 0.012
1181.9 1.0 1.0 1.0 1.546 0.559 0.36 0.614 1.451 0.01 0.014 0.005 0.012
1182.0 1.0 1.0 1.0 1.546 0.559 0.36 0.614 1.451 0.01 0.014 0.005 0.012
1182.1 1.0 1.0 1.0 1.546 0.559 0.36 0.614 1.451 0.01 0.014 0.005 0.012
1182.2 1.0 1.0 1.0 1.546 0.559 0.36 0.614 1.451 0.01 0.014 0.005 0.012
1182.3 1.0 1.0 1.0 1.546 0.559 0.36 0.614 1.451 0.01 0.014 0.005 0.012
1182.4 1.0 1.0 1.0 1.546 0.559 0.36 0.614 1.451 0.01 0.014 0.005 0.012
1182.5 1.0 1.0 1.0 1.546 0.559 0.36 0.614 1.451 0.01 0.014 0.005 0.012
1182.6 1.0 1.0 1.0 1.546 0.559 0.36 0.614 1.451 0.01 0.014 0.005 0.012
1182.7 1.0 1.0 1.0 1.546 0.559 0.36 0.614 1.451 0.01 0.014 0.005 0.012
1182.8 1.0 1.0 1.0 1.546 0.559 0.36 0.614 1.451 0.01 0.014 0.005 0.012
1182.9 1.0 1.0 1.0 1.546 0.559 0.36 0.614 1.451 0.01 0.014 0.005 0.012
1183.0 1.0 1.0 1.0 1.546 0.559 0.36 0.614 1.451 0.01 0.014 0.005 0.012
1183.1 1.0 1.0 1.0 1.546 0.559 0.36 0.614 1.451 0.01 0.014 0.005 0.012
1183.2 1.0 1.0 1.0 1.546 0.559 0.36 0.614 1.451 0.01 0.014 0.005 0.012
1183.3 1.0 1.0 1.0 1.546 0.559 0.36 0.614 1.451 0.01 0.014 0.005 0.012
1183.4 1.0 1.0 1.0 1.546 0.559 0.36 0.614 1.451 0.01 0.014 0.005 0.012
1183.5 1.0 1.0 1.0 1.546 0.559 0.36 0.614 1.451 0.01 0.014 0.005 0.012
1183.6 1.0 1.0 1.0 1.546 0.559 0.36 0.614 1.451 0.01 0.014 0.005 0.012
1183.7 1.0 1.0 1.0 1.546 0.559 0.36 0.614 1.451 0.01 0.014 0.005 0.012
1183.8 1.0 1.0 1.0 1.546 0.559 0.36 0.614 1.451 0.01 0.014 0.005 0.012
1183.9 1.0 1.0 1.0 1.546 0.559 0.36 0.614 1.451 0.01 0.014 0.005 0.012
1184.0 1.0 1.0 1.0 1.546 0.559 0.36 0.614 1.451 0.01 0.014 0.005 0.012
1184.1 1.0 1.0 1.0 1.546 0.559 0.36 0.614 1.451 0.01 0.014 0.005 0.012
1184.2 1.0 1.0 1.0 1.546 0.559 0.36 0.614 1.451 0.01 0.014 0.005 0.012
1184.3 1.0 1.0 1.0 1.546 0.559 0.36 0.614 1.451 0.01 0.014 0.005 0.012
1184.4 1.0 1.0 1.0 1.546 0.559 0.36 0.614 1.451 0.01 0.014 0.005 0.012
1184.5 1.0 1.0 1.0 1.546 0.559 0.36 0.614 1.451 0.01 0.014 0.005 0.012
1184.6 1.0 1.0 1.0 1.546 0.559 0.36 0.614 1.451 0.01 0.014 0.005 0.012
1184.7 1.0 1.0 1.0 1.546 0.559 0.36 0.614 1.451 0.01 0.014 0.005 0.012
1184.8 1.0 1.0 1.0 1.546 0.559 0.36 0.614 1.451 0.01 0.014 0.005 0.012
1184.9 1.0 1.0 1.0 1.546 0.559 0.36 0.614 1.451 0.01 0.014 0.005 0.012
1185.0 1.0 1.0 1.0 1.546 0.559 0.36 0.614 1.451 0.01 0.014 0.005 0.012
1185.1 1.0 1.0 1.0 1.546 0.559 0.36 0.614 1.451 0.01 0.014 0.005 0.012
1185.2 1.0 1.0 1.0 1.546 0.559 0.36 0.614 1.451 0.01 0.014 0.005 0.012
1185.3 1.0 1.0 1.0 1.546 0.559 0.36 0.614 1.451 0.01 0.014 0.005 0.012
1185.4 1.0 1.0 1.0 1.546 0.559 0.36 0.614 1.451 0.01 0.014 0.005 0.012
1185.5 1.0 1.0 1.0 1.546 0.559 0.36 0.614 1.451 0.01 0.014 0.005 0.012
1185.6 1.0 1.0 1.0 1.546 0.559 0.36 0.614 1.451 0.01 0.014 0.005 0.012
1185.7 1.0 1.0 1.0 1.546 0.559 0.36 0.614 1.451 0.01 0.014 0.005 0.012
1185.8 1.0 1.0 1.0 1.546 0.559 0.36 0.614 1.451 0.01 0.014 0.005 0.012
1185.9 1.0 1.0 1.0 1.546 0.559 0.36 0.614 1.451 0.01 0.014 0.005 0.012
1186.0 1.0 1.0 1.0 1.546 0.559 0.36 0.614 1.451 0.01 0.014 0.005 0.012
1186.1 1.0 1.0 1.0 1.546 0.559 0.36 0.614 1.451 0.01 0.014 0.005 0.012
1186.2 1.0 1.0 1.0 1.546 0.559 0.36 0.614 1.451 0.01 0.014 0.005 0.012
1186.3 1.0 1.0 1.0 1.546 0.559 0.36 0.614 1.451 0.01 0.014 0.005 0.012
1186.4 1.0 1.0 1.0 1.546 0.559 0.36 0.614 1.451 0.01 0.014 0.005 0.012
1186.5 1.0 1.0 1.0 1.546 0.559 0.36 0.614 1.451 0.01 0.014 0.005 0.012
1186.6 1.0 1.0 1.0 1.546 0.559 0.36 0.614 1.451 0.01 0.014 0.005 0.012
1186.7 1.0 1.0 1.0 1.546 0.559 0.36 0.614 1.451 0.01 0.014 0.005 0.012
1186.8 1.0 1.0 1.0 1.546 0.559 0.36 0.614 1.451 0.01 0.014 0.005 0.012
1186.9 1.0 1.0 1.0 1.546 0.559 0.36 0.614 1.451 0.01 0.014 0.005 0.012
1187.0 1.0 1.0 1.0 1.546 0.559 0.36 0.614 1.451 0.01 0.014 0.005 0.012
1187.1 1.0 1.0 1.0 1.546 0.559 0.36 0.614 1.451 0.01 0.014 0.005 0.012
1187.2 1.0 1.0 1.0 1.546 0.559 0.36 0.614 1.451 0.01 0.014 0.005 0.012
1187.3 1.0 1.0 1.0 1.546 0.559 0.36 0.614 1.451 0.01 0.014 0.005 0.012
1187.4 1.0 1.0 1.0 1.546 0.559 0.36 0.614 1.451 0.01 0.014 0.005 0.012
1187.5 1.0 1.0 1.0 1.546 0.559 0.36 0.614 1.451 0.01 0.014 0.005 0.012
1187.6 1.0 1.0 1.0 1.546 0.559 0.36 0.614 1.451 0.01 0.014 0.005 0.012
1187.7 1.0 1.0 1.0 1.546 0.559 0.36 0.614 1.451 0.01 0.014 0.005 0.012
1187.8 1.0 1.0 1.0 1.546 0.559 0.36 0.614 1.451 0.01 0.014 0.005 0.012
1187.9 1.0 1.0 1.0 1.546 0.559 0.36 0.614 1.451 0.01 0.014 0.005 0.012
1188.0 1.0 1.0 1.0 1.546 0.559 0.36 0.614 1.451 0.01 0.014 0.005 0.012
1188.1 1.0 1.0 1.0 1.546 0.559 0.36 0.614 1.451 0.01 0.014 0.005 0.012
1188.2 1.0 1.0 1.0 1.546 0.559 0.36 0.614 1.451 0.01 0.014 0.005 0.012
1188.3 1.0 1.0 1.0 1.546 0.559 0.36 0.614 1.451 0.01 0.014 0.005 0.012
1188.4 1.0 1.0 1.0 1.546 0.559 0.36 0.614 1.451 0.01 0.014 0.005 0.012
1188.5 1.0 1.0 1.0 1.546 0.559 0.36 0.614 1.451 0.01 0.014 0.005 0.012
1188.6 1.0 1.0 1.0 1.546 0.559 0.36 0.614 1.451 0.01 0.014 0.005 0.012
1188.7 1.0 1.0 1.0 1.546 0.559 0.36 0.614 1.451 0.01 0.014 0.005 0.012
1188.8 1.0 1.0 1.0 1.546 0.559 0.36 0.614 1.451 0.01 0.014 0.005 0.012
1188.9 1.0 1.0 1.0 1.546 0.559 0.36 0.614 1.451 0.01 0.014 0.005 0.012
1189.0 1.0 1.0 1.0 1.546 0.559 0.36 0.614 1.451 0.01 0.014 0.005 0.012
1189.1 1.0 1.0 1.0 1.546 0.559 0.36 0.614 1.451 0.01 0.014 0.005 0.012
1189.2 1.0 1.0 1.0 1.546 0.559 0.36 0.614 1.451 0.01 0.014 0.005 0.012
1189.3 1.0 1.0 1.0 1.546 0.559 0.36 0.614 1.451 0.01 0.014 0.005 0.012
1189.4 1.0 1.0 1.0 1.546 0.559 0.36 0.614 1.451 0.01 0.014 0.005 0.012
1189.5 1.0 1.0 1.0 1.546 0.559 0.36 0.614 1.451 0.01 0.014 0.005 0.012
1189.6 1.0 1.0 1.0 1.546 0.559 0.36 0.614 1.451 0.01 0.014 0.005 0.012
1189.7 1.0 1.0 1.0 1.546 0.559 0.36 0.614 1.451 0.01 0.014 0.005 0.012
1189.8 1.0 1.0 1.0 1.546 0.559 0.36 0.614 1.451 0.01 0.014 0.005 0.012
1189.9 1.0 1.0 1.0 1.546 0.559 0.36 0.614 1.451 0.01 0.014 0.005 0.012
1190.0 1.0 1.0 1.0 1.546 0.559 0.36 0.614 1.451 0.01 0.014 0.005 0.012
1190.1 1.0 1.0 1.0 1.546 0.559 0.36 0.614 1.451 0.01 0.014 0.005 0.012
1190.2 1.0 1.0 1.0 1.546 0.559 0.36 0.614 1.451 0.01 0.014 0.005 0.012
1190.3 1.0 1.0 1.0 1.546 0.559 0.36 0.614 1.451 0.01 0.014 0.005 0.012
1190.4 1.0 1.0 1.0 1.546 0.559 0.36 0.614 1.451 0.01 0.014 0.005 0.012
1190.5 1.0 1.0 1.0 1.546 0.559 0.36 0.614 1.451 0.01 0.014 0.005 0.012
1190.6 1.0 1.0 1.0 1.546 0.559 0.36 0.614 1.451 0.01 0.014 0.005 0.012
1190.7 1.0 1.0 1.0 1.546 0.559 0.36 0.614 1.451 0.01 0.014 0.005 0.012
1190.8 1.0 1.0 1.0 1.546 0.559 0.36 0.614 1.451 0.01 0.014 0.005 0.012
1190.9 1.0 1.0 1.0 1.546 0.559 0.36 0.614 1.451 0.01 0.014 0.005 0.012
1191.0 1.0 1.0 1.0 1.546 0.559 0.36 0.614 1.451 0.01 0.014 0.005 0.012
1191.1 1.0 1.0 1.0 1.546 0.559 0.36 0.614 1.451 0.01 0.014 0.005 0.012
1191.2 1.0 1.0 1.0 1.546 0.559 0.36 0.614 1.451 0.01 0.014 0.005 0.012
1191.3 1.0 1.0 1.0 1.546 0.559 0.36 0.614 1.451 0.01 0.014 0.005 0.012
1191.4 1.0 1.0 1.0 1.546 0.559 0.36 0.614 1.451 0.01 0.014 0.005 0.012
1191.5 1.0 1.0 1.0 1.546 0.559 0.36 0.614 1.451 0.01 0.014 0.005 0.012
1191.6 1.0 1.0 1.0 1.546 0.559 0.36 0.614 1.451 0.01 0.014 0.005 0.012
1191.7 1.0 1.0 1.0 1.546 0.559 0.36 0.614 1.451 0.01 0.014 0.005 0.012
1191.8 1.0 1.0 1.0 1.546 0.559 0.36 0.614 1.451 0.01 0.014 0.005 0.012
1191.9 1.0 1.0 1.0 1.546 0.559 0.36 0.614 1.451 0.01 0.014 0.005 0.012
1192.0 1.0 1.0 1.0 1.546 0.559 0.36 0.614 1.451 0.01 0.014 0.005 0.012
1192.1 1.0 1.0 1.0 1.546 0.559 0.36 0.614 1.451 0.01 0.014 0.005 0.012
1192.2 1.0 1.0 1.0 1.546 0.559 0.36 0.614 1.451 0.01 0.014 0.005 0.012
1192.3 1.0 1.0 1.0 1.546 0.559 0.36 0.614 1.451 0.01 0.014 0.005 0.012
1192.4 1.0 1.0 1.0 1.546 0.559 0.36 0.614 1.451 0.01 0.014 0.005 0.012
1192.5 1.0 1.0 1.0 1.546 0.559 0.36 0.614 1.451 0.01 0.014 0.005 0.012
1192.6 1.0 1.0 1.0 1.546 0.559 0.36 0.614 1.451 0.01 0.014 0.005 0.012
1192.7 1.0 1.0 1.0 1.546 0.559 0.36 0.614 1.451 0.01 0.014 0.005 0.012
1192.8 1.0 1.0 1.0 1.546 0.559 0.36 0.614 1.451 0.01 0.014 0.005 0.012
1192.9 1.0 1.0 1.0 1.546 0.559 0.36 0.614 1.451 0.01 0.014 0.005 0.012
1193.0 1.0 1.0 1.0 1.546 0.559 0.36 0.614 1.451 0.01 0.014 0.005 0.012
1193.1 1.0 1.0 1.0 1.546 0.559 0.36 0.614 1.451 0.01 0.014 0.005 0.012
1193.2 1.0 1.0 1.0 1.546 0.559 0.36 0.614 1.451 0.01 0.014 0.005 0.012
1193.3 1.0 1.0 1.0 1.546 0.559 0.36 0.614 1.451 0.01 0.014 0.005 0.012
1193.4 1.0 1.0 1.0 1.546 0.559 0.36 0.614 1.451 0.01 0.014 0.005 0.012
1193.5 1.0 1.0 1.0 1.546 0.559 0.36 0.614 1.451 0.01 0.014 0.005 0.012
1193.6 1.0 1.0 1.0 1.546 0.559 0.36 0.614 1.451 0.01 0.014 0.005 0.012
1193.7 1.0 1.0 1.0 1.546 0.559 0.36 0.614 1.451 0.01 0.014 0.005 0.012
1193.8 1.0 1.0 1.0 1.546 0.559 0.36 0.614 1.451 0.01 0.014 0.005 0.012
1193.9 1.0 1.0 1.0 1.546 0.559 0.36 0.614 1.451 0.01 0.014 0.005 0.012
1194.0 1.0 1.0 1.0 1.546 0.559 0.36 0.614 1.451 0.01 0.014 0.005 0.012
1194.1 1.0 1.0 1.0 1.546 0.559 0.36 0.614 1.451 0.01 0.014 0.005 0.012
1194.2 1.0 1.0 1.0 1.546 0.559 0.36 0.614 1.451 0.01 0.014 0.005 0.012
1194.3 1.0 1.0 1.0 1.546 0.559 0.36 0.614 1.451 0.01 0.014 0.005 0.012
1194.4 1.0 1.0 1.0 1.546 0.559 0.36 0.614 1.451 0.01 0.014 0.005 0.012
1194.5 1.0 1.0 1.0 1.546 0.559 0.36 0.614 1.451 0.01 0.014 0.005 0.012
1194.6 1.0 1.0 1.0 1.546 0.559 0.36 0.614 1.451 0.01 0.014 0.005 0.012
1194.7 1.0 1.0 1.0 1.546 0.559 0.36 0.614 1.451 0.01 0.014 0.005 0.012
1194.8 1.0 1.0 1.0 1.546 0.559 0.36 0.614 1.451 0.01 0.014 0.005 0.012
1194.9 1.0 1.0 1.0 1.546 0.559 0.36 0.614 1.451 0.01 0.014 0.005 0.012
1195.0 1.0 1.0 1.0 1.546 0.559 0.36 0.614 1.451 0.01 0.014 0.005 0.012
1195.1 1.0 1.0 1.0 1.546 0.559 0.36 0.614 1.451 0.01 0.014 0.005 0.012
1195.2 1.0 1.0 1.0 1.546 0.559 0.36 0.614 1.451 0.01 0.014 0.005 0.012
1195.3 1.0 1.0 1.0 1.546 0.559 0.36 0.614 1.451 0.01 0.014 0.005 0.012
1195.4 1.0 1.0 1.0 1.546 0.559 0.36 0.614 1.451 0.01 0.014 0.005 0.012
1195.5 1.0 1.0 1.0 1.546 0.559 0.36 0.614 1.451 0.01 0.014 0.005 0.012
1195.6 1.0 1.0 1.0 1.546 0.559 0.36 0.614 1.451 0.01 0.014 0.005 0.012
1195.7 1.0 1.0 1.0 1.546 0.559 0.36 0.614 1.451 0.01 0.014 0.005 0.012
1195.8 1.0 1.0 1.0 1.546 0.559 0.36 0.614 1.451 0.01 0.014 0.005 0.012
1195.9 1.0 1.0 1.0 1.546 0.559 0.36 0.614 1.451 0.01 0.014 0.005 0.012
1196.0 1.0 1.0 1.0 1.546 0.559 0.36 0.614 1.451 0.01 0.014 0.005 0.012
1196.1 1.0 1.0 1.0 1.546 0.559 0.36 0.614 1.451 0.01 0.014 0.005 0.012
1196.2 1.0 1.0 1.0 1.546 0.559 0.36 0.614 1.451 0.01 0.014 0.005 0.012
1196.3 1.0 1.0 1.0 1.546 0.559 0.36 0.614 1.451 0.01 0.014 0.005 0.012
1196.4 1.0 1.0 1.0 1.546 0.559 0.36 0.614 1.451 0.01 0.014 0.005 0.012
1196.5 1.0 1.0 1.0 1.546 0.559 0.36 0.614 1.451 0.01 0.014 0.005 0.012
1196.6 1.0 1.0 1.0 1.546 0.559 0.36 0.614 1.451 0.01 0.014 0.005 0.012
1196.7 1.0 1.0 1.0 1.546 0.559 0.36 0.614 1.451 0.01 0.014 0.005 0.012
1196.8 1.0 1.0 1.0 1.546 0.559 0.36 0.614 1.451 0.01 0.014 0.005 0.012
1196.9 1.0 1.0 1.0 1.546 0.559 0.36 0.614 1.451 0.01 0.014 0.005 0.012
1197.0 1.0 1.0 1.0 1.546 0.559 0.36 0.614 1.451 0.01 0.014 0.005 0.012
1197.1 1.0 1.0 1.0 1.546 0.559 0.36 0.614 1.451 0.01 0.014 0.005 0.012
1197.2 1.0 1.0 1.0 1.546 0.559 0.36 0.614 1.451 0.01 0.014 0.005 0.012
1197.3 1.0 1.0 1.0 1.546 0.559 0.36 0.614 1.451 0.01 0.014 0.005 0.012
1197.4 1.0 1.0 1.0 1.546 0.559 0.36 0.614 1.451 0.01 0.014 0.005 0.012
1197.5 1.0 1.0 1.0 1.546 0.559 0.36 0.614 1.451 0.01 0.014 0.005 0.012
1197.6 1.0 1.0 1.0 1.546 0.559 0.36 0.614 1.451 0.01 0.014 0.005 0.012
1197.7 1.0 1.0 1.0 1.546 0.559 0.36 0.614 1.451 0.01 0.014 0.005 0.012
1197.8 1.0 1.0 1.0 1.546 0.559 0.36 0.614 1.451 0.01 0.014 0.005 0.012
1197.9 1.0 1.0 1.0 1.546 0.559 0.36 0.614 1.451 0.01 0.014 0.005 0.012
1198.0 1.0 1.0 1.0 1.546 0.559 0.36 0.614 1.451 0.01 0.014 0.005 0.012
1198.1 1.0 1.0 1.0 1.546 0.559 0.36 0.614 1.451 0.01 0.014 0.005 0.012
1198.2 1.0 1.0 1.0 1.546 0.559 0.36 0.614 1.451 0.01 0.014 0.005 0.012
1198.3 1.0 1.0 1.0 1.546 0.559 0.36 0.614 1.451 0.01 0.014 0.005 0.012
1198.4 1.0 1.0 1.0 1.546 0.559 0.36 0.614 1.451 0.01 0.014 0.005 0.012
1198.5 1.0 1.0 1.0 1.546 0.559 0.36 0.614 1.451 0.01 0.014 0.005 0.012
1198.6 1.0 1.0 1.0 1.546 0.559 0.36 0.614 1.451 0.01 0.014 0.005 0.012
1198.7 1.0 1.0 1.0 1.546 0.559 0.36 0.614 1.451 0.01 0.014 0.005 0.012
1198.8 1.0 1.0 1.0 1.546 0.559 0.36 0.614 1.451 0.01 0.014 0.005 0.012
1198.9 1.0 1.0 1.0 1.546 0.559 0.36 0.614 1.451 0.01 0.014 0.005 0.012
1199.0 1.0 1.0 1.0 1.546 0.559 0.36 0.614 1.451 0.01 0.014 0.005 0.012
1199.1 1.0 1.0 1.0 1.546 0.559 0.36 0.614 1.451 0.01 0.014 0.005 0.012
1199.2 1.0 1.0 1.0 1.546 0.559 0.36 0.614 1.451 0.01 0.014 0.005 0.012
1199.3 1.0 1.0 1.0 1.546 0.559 0.36 0.614 1.451 0.01 0.014 0.005 0.012
1199.4 1.0 1.0 1.0 1.546 0.559 0.36 0.614 1.451 0.01 0.014 0.005 0.012
1199.5 1.0 1.0 1.0 1.546 0.559 0.36 0.614 1.451 0.01 0.014 0.005 0.012
1199.6 1.0 1.0 1.0 1.546 0.559 0.36 0.614 1.451 0.01 0.014 0.005 0.012
1199.7 1.0 1.0 1.0 1.546 0.559 0.36 0.614 1.451 0.01 0.014 0.005 0.012
1199.8 1.0 1.0 1.0 1.546 0.559 0.36 0.614 1.451 0.01 0.014 0.005 0.012
