1300.0 1.0 1.0 1.0 1.546 0.559 0.36 0.614 1.452 0.01 0.01 0.008 0.011
1300.1 1.0 1.0 1.0 1.546 0.559 0.36 0.614 1.452 0.01 0.01 0.007 0.012
1300.2 1.0 1.0 1.0 1.546 0.559 0.36 0.614 1.452 0.01 0.01 0.007 0.013
1300.3 1.0 1.0 1.0 1.546 0.559 0.36 0.614 1.452 0.01 0.01 0.007 0.013
1300.4 1.0 1.0 1.0 1.546 0.559 0.36 0.614 1.452 0.01 0.01 0.006 0.013
1300.5 1.0 1.0 1.0 1.546 0.559 0.36 0.614 1.452 0.01 0.01 0.006 0.014
1300.6 1.0 1.0 1.0 1.546 0.559 0.36 0.614 1.452 0.01 0.01 0.006 0.014
1300.7 1.0 1.0 1.0 1.545 0.559 0.36 0.614 1.452 0.01 0.01 0.006 0.014
1300.8 1.0 1.0 1.0 1.545 0.559 0.36 0.614 1.452 0.01 0.01 0.006 0.014
1300.9 1.0 1.0 1.0 1.545 0.558 0.36 0.614 1.452 0.01 0.01 0.006 0.014
1301.0 1.0 1.0 1.0 1.545 0.558 0.36 0.614 1.452 0.01 0.01 0.006 0.014
1301.1 1.0 1.0 1.0 1.545 0.558 0.36 0.614 1.452 0.01 0.01 0.006 0.014
1301.2 1.0 1.0 1.0 1.545 0.558 0.36 0.614 1.452 0.01 0.01 0.006 0.014
1301.3 1.0 1.0 1.0 1.545 0.558 0.36 0.614 1.452 0.01 0.01 0.006 0.014
1301.4 1.0 1.0 1.0 1.545 0.558 0.36 0.614 1.452 0.01 0.01 0.006 0.014
1301.5 1.0 1.0 1.0 1.544 0.558 0.36 0.614 1.452 0.01 0.01 0.006 0.014
1301.6 1.0 1.0 1.0 1.544 0.558 0.36 0.614 1.452 0.01 0.01 0.006 0.014
1301.7 1.0 1.0 1.0 1.544 0.558 0.36 0.614 1.452 0.01 0.01 0.006 0.014
1301.8 1.0 1.0 1.0 1.544 0.558 0.36 0.614 1.452 0.01 0.01 0.006 0.014
1301.9 1.0 1.0 1.0 1.544 0.558 0.36 0.614 1.452 0.01 0.01 0.006 0.014
1302.0 1.0 1.0 1.0 1.544 0.558 0.36 0.614 1.452 0.01 0.01 0.006 0.014
1302.1 1.0 1.0 1.0 1.544 0.558 0.36 0.614 1.452 0.01 0.01 0.006 0.014
1302.2 1.0 1.0 1.0 1.544 0.558 0.36 0.614 1.452 0.01 0.01 0.006 0.014
1302.3 1.0 1.0 1.0 1.543 0.558 0.36 0.614 1.452 0.01 0.01 0.006 0.014
1302.4 1.0 1.0 1.0 1.543 0.558 0.36 0.614 1.452 0.01 0.01 0.006 0.014
1302.5 1.0 1.0 1.0 1.543 0.558 0.36 0.614 1.452 0.01 0.01 0.006 0.014
1302.6 1.0 1.0 1.0 1.543 0.558 0.36 0.614 1.452 0.01 0.01 0.006 0.014
1302.7 1.0 1.0 1.0 1.543 0.558 0.36 0.614 1.452 0.01 0.01 0.006 0.014
1302.8 1.0 1.0 1.0 1.543 0.558 0.36 0.614 1.452 0.01 0.01 0.006 0.014
1302.9 1.0 1.0 1.0 1.543 0.558 0.36 0.614 1.452 0.01 0.01 0.006 0.014
1303.0 1.0 1.0 1.0 1.543 0.558 0.36 0.614 1.452 0.01 0.01 0.006 0.014
1303.1 1.0 1.0 1.0 1.542 0.558 0.36 0.614 1.452 0.01 0.01 0.006 0.014
1303.2 1.0 1.0 1.0 1.542 0.558 0.36 0.614 1.452 0.01 0.01 0.006 0.014
1303.3 1.0 1.0 1.0 1.542 0.558 0.36 0.614 1.452 0.01 0.01 0.006 0.014
1303.4 1.0 1.0 1.0 1.542 0.558 0.36 0.614 1.452 0.01 0.01 0.006 0.014
1303.5 1.0 1.0 1.0 1.542 0.558 0.36 0.614 1.452 0.01 0.01 0.006 0.014
1303.6 1.0 1.0 1.0 1.542 0.558 0.36 0.614 1.452 0.01 0.01 0.006 0.014
1303.7 1.0 1.0 1.0 1.542 0.558 0.36 0.614 1.452 0.01 0.01 0.006 0.014
1303.8 1.0 1.0 1.0 1.542 0.558 0.36 0.614 1.452 0.01 0.01 0.006 0.014
1303.9 1.0 1.0 1.0 1.542 0.558 0.36 0.614 1.452 0.01 0.01 0.006 0.014
1304.0 1.0 1.0 1.0 1.542 0.558 0.36 0.614 1.452 0.01 0.01 0.006 0.014
1304.1 1.0 1.0 1.0 1.541 0.558 0.36 0.614 1.452 0.01 0.01 0.006 0.014
1304.2 1.0 1.0 1.0 1.541 0.558 0.36 0.614 1.452 0.01 0.01 0.006 0.014
1304.3 1.0 1.0 1.0 1.541 0.558 0.36 0.614 1.452 0.01 0.01 0.006 0.014
1304.4 1.0 1.0 1.0 1.541 0.558 0.36 0.614 1.452 0.01 0.01 0.006 0.014
1304.5 1.0 1.0 1.0 1.541 0.558 0.36 0.614 1.452 0.01 0.01 0.006 0.014
1304.6 1.0 1.0 1.0 1.541 0.558 0.36 0.614 1.452 0.01 0.01 0.006 0.014
1304.7 1.0 1.0 1.0 1.541 0.558 0.36 0.614 1.452 0.01 0.01 0.006 0.014
1304.8 1.0 1.0 1.0 1.541 0.558 0.36 0.614 1.452 0.01 0.01 0.006 0.014
1304.9 1.0 1.0 1.0 1.541 0.558 0.36 0.614 1.452 0.01 0.01 0.006 0.014
1305.0 1.0 1.0 1.0 1.541 0.558 0.36 0.614 1.452 0.01 0.01 0.006 0.014
1305.1 1.0 1.0 1.0 1.54 0.558 0.36 0.614 1.452 0.01 0.01 0.006 0.014
1305.2 1.0 1.0 1.0 1.54 0.558 0.36 0.614 1.452 0.01 0.01 0.006 0.014
1305.3 1.0 1.0 1.0 1.54 0.558 0.36 0.614 1.452 0.01 0.01 0.006 0.014
1305.4 1.0 1.0 1.0 1.54 0.558 0.36 0.614 1.452 0.01 0.01 0.006 0.014
1305.5 1.0 1.0 1.0 1.54 0.558 0.36 0.614 1.452 0.01 0.01 0.006 0.014
1305.6 1.0 1.0 1.0 1.54 0.558 0.36 0.614 1.452 0.01 0.01 0.006 0.014
1305.7 1.0 1.0 1.0 1.54 0.557 0.36 0.614 1.452 0.01 0.01 0.006 0.014
1305.8 1.0 1.0 1.0 1.54 0.557 0.36 0.614 1.452 0.01 0.01 0.006 0.014
1305.9 1.0 1.0 1.0 1.54 0.557 0.36 0.614 1.452 0.01 0.01 0.006 0.014
1306.0 1.0 1.0 1.0 1.54 0.557 0.36 0.614 1.452 0.01 0.01 0.006 0.014
1306.1 1.0 1.0 1.0 1.54 0.557 0.36 0.614 1.452 0.01 0.01 0.006 0.014
1306.2 1.0 1.0 1.0 1.54 0.557 0.36 0.614 1.452 0.01 0.01 0.006 0.014
1306.3 1.0 1.0 1.0 1.539 0.557 0.36 0.614 1.452 0.01 0.01 0.006 0.014
1306.4 1.0 1.0 1.0 1.539 0.557 0.36 0.614 1.452 0.01 0.01 0.006 0.014
1306.5 1.0 1.0 1.0 1.539 0.557 0.36 0.614 1.452 0.01 0.01 0.006 0.014
1306.6 1.0 1.0 1.0 1.539 0.557 0.36 0.614 1.452 0.01 0.01 0.006 0.014
1306.7 1.0 1.0 1.0 1.539 0.557 0.36 0.614 1.452 0.01 0.01 0.006 0.014
1306.8 1.0 1.0 1.0 1.539 0.557 0.36 0.614 1.452 0.01 0.01 0.006 0.014
1306.9 1.0 1.0 1.0 1.539 0.557 0.36 0.614 1.452 0.01 0.01 0.006 0.014
1307.0 1.0 1.0 1.0 1.539 0.557 0.36 0.614 1.452 0.01 0.01 0.006 0.014
1307.1 1.0 1.0 1.0 1.539 0.557 0.36 0.614 1.452 0.01 0.01 0.006 0.014
1307.2 1.0 1.0 1.0 1.539 0.557 0.36 0.614 1.452 0.01 0.01 0.006 0.014
1307.3 1.0 1.0 1.0 1.539 0.557 0.36 0.614 1.452 0.01 0.01 0.006 0.014
1307.4 1.0 1.0 1.0 1.539 0.557 0.36 0.614 1.452 0.01 0.01 0.006 0.014
1307.5 1.0 1.0 1.0 1.539 0.557 0.36 0.614 1.452 0.01 0.01 0.006 0.014
1307.6 1.0 1.0 1.0 1.538 0.557 0.36 0.614 1.452 0.01 0.01 0.006 0.014
1307.7 1.0 1.0 1.0 1.538 0.557 0.36 0.614 1.452 0.01 0.01 0.006 0.014
1307.8 1.0 1.0 1.0 1.538 0.557 0.36 0.614 1.452 0.01 0.01 0.006 0.014
1307.9 1.0 1.0 1.0 1.538 0.557 0.36 0.614 1.452 0.01 0.01 0.006 0.014
1308.0 1.0 1.0 1.0 1.538 0.557 0.36 0.614 1.452 0.01 0.01 0.006 0.014
1308.1 1.0 1.0 1.0 1.538 0.557 0.36 0.614 1.452 0.01 0.01 0.006 0.014
1308.2 1.0 1.0 1.0 1.538 0.557 0.36 0.614 1.452 0.01 0.01 0.006 0.014
1308.3 1.0 1.0 1.0 1.538 0.557 0.36 0.614 1.452 0.01 0.01 0.006 0.014
1308.4 1.0 1.0 1.0 1.538 0.557 0.36 0.614 1.452 0.01 0.01 0.006 0.014
1308.5 1.0 1.0 1.0 1.538 0.557 0.36 0.614 1.452 0.01 0.01 0.006 0.014
1308.6 1.0 1.0 1.0 1.538 0.557 0.36 0.614 1.452 0.01 0.01 0.006 0.014
1308.7 1.0 1.0 1.0 1.538 0.557 0.36 0.614 1.452 0.01 0.01 0.006 0.014
1308.8 1.0 1.0 1.0 1.538 0.557 0.36 0.614 1.452 0.01 0.01 0.006 0.014
1308.9 1.0 1.0 1.0 1.538 0.557 0.36 0.614 1.452 0.01 0.01 0.006 0.014
1309.0 1.0 1.0 1.0 1.538 0.557 0.36 0.614 1.452 0.01 0.01 0.006 0.014
1309.1 1.0 1.0 1.0 1.538 0.557 0.36 0.614 1.452 0.01 0.01 0.006 0.014
1309.2 1.0 1.0 1.0 1.537 0.557 0.36 0.614 1.452 0.01 0.01 0.006 0.014
1309.3 1.0 1.0 1.0 1.537 0.557 0.36 0.614 1.452 0.01 0.01 0.006 0.014
1309.4 1.0 1.0 1.0 1.537 0.557 0.36 0.614 1.452 0.01 0.01 0.006 0.014
1309.5 1.0 1.0 1.0 1.537 0.557 0.36 0.614 1.452 0.01 0.01 0.006 0.014
1309.6 1.0 1.0 1.0 1.537 0.557 0.36 0.614 1.452 0.01 0.01 0.006 0.014
1309.7 1.0 1.0 1.0 1.537 0.557 0.36 0.614 1.452 0.01 0.01 0.006 0.014
1309.8 1.0 1.0 1.0 1.537 0.557 0.36 0.614 1.452 0.01 0.01 0.006 0.014
1309.9 1.0 1.0 1.0 1.537 0.557 0.36 0.614 1.452 0.01 0.01 0.006 0.014
1310.0 1.0 1.0 1.0 1.537 0.557 0.36 0.614 1.452 0.01 0.01 0.006 0.014
1310.1 1.0 1.0 1.0 1.537 0.557 0.36 0.614 1.451 0.01 0.01 0.006 0.014
1310.2 1.0 1.0 1.0 1.537 0.557 0.36 0.614 1.451 0.01 0.01 0.006 0.014
1310.3 1.0 1.0 1.0 1.537 0.557 0.36 0.614 1.451 0.01 0.01 0.006 0.014
1310.4 1.0 1.0 1.0 1.537 0.557 0.36 0.614 1.451 0.01 0.01 0.006 0.014
1310.5 1.0 1.0 1.0 1.537 0.557 0.36 0.614 1.451 0.01 0.01 0.006 0.014
1310.6 1.0 1.0 1.0 1.537 0.557 0.36 0.614 1.451 0.01 0.01 0.006 0.014
1310.7 1.0 1.0 1.0 1.537 0.557 0.36 0.614 1.451 0.01 0.01 0.006 0.014
1310.8 1.0 1.0 1.0 1.537 0.557 0.36 0.614 1.451 0.01 0.01 0.006 0.014
1310.9 1.0 1.0 1.0 1.537 0.557 0.36 0.614 1.451 0.01 0.01 0.006 0.014
1311.0 1.0 1.0 1.0 1.536 0.557 0.36 0.614 1.451 0.01 0.01 0.006 0.014
1311.1 1.0 1.0 1.0 1.536 0.557 0.36 0.614 1.451 0.01 0.01 0.006 0.014
1311.2 1.0 1.0 1.0 1.536 0.557 0.36 0.614 1.451 0.01 0.01 0.006 0.014
1311.3 1.0 1.0 1.0 1.536 0.557 0.36 0.614 1.451 0.01 0.01 0.006 0.014
1311.4 1.0 1.0 1.0 1.536 0.557 0.36 0.614 1.451 0.01 0.01 0.006 0.014
1311.5 1.0 1.0 1.0 1.536 0.557 0.36 0.614 1.451 0.01 0.01 0.006 0.014
1311.6 1.0 1.0 1.0 1.536 0.557 0.36 0.614 1.451 0.01 0.01 0.006 0.014
1311.7 1.0 1.0 1.0 1.536 0.557 0.36 0.614 1.451 0.01 0.01 0.006 0.014
1311.8 1.0 1.0 1.0 1.536 0.557 0.36 0.614 1.451 0.01 0.01 0.006 0.014
1311.9 1.0 1.0 1.0 1.536 0.557 0.36 0.614 1.451 0.01 0.01 0.006 0.014
1312.0 1.0 1.0 1.0 1.536 0.557 0.36 0.614 1.451 0.01 0.01 0.006 0.014
1312.1 1.0 1.0 1.0 1.536 0.557 0.36 0.614 1.451 0.01 0.01 0.006 0.014
1312.2 1.0 1.0 1.0 1.536 0.557 0.36 0.614 1.451 0.01 0.01 0.006 0.014
1312.3 1.0 1.0 1.0 1.536 0.557 0.36 0.614 1.451 0.01 0.01 0.006 0.014
1312.4 1.0 1.0 1.0 1.536 0.557 0.36 0.614 1.451 0.01 0.01 0.006 0.014
1312.5 1.0 1.0 1.0 1.536 0.557 0.36 0.614 1.451 0.01 0.01 0.006 0.014
1312.6 1.0 1.0 1.0 1.536 0.557 0.36 0.614 1.451 0.01 0.01 0.006 0.014
1312.7 1.0 1.0 1.0 1.536 0.557 0.36 0.614 1.451 0.01 0.01 0.006 0.014
1312.8 1.0 1.0 1.0 1.536 0.557 0.36 0.614 1.451 0.01 0.01 0.006 0.014
1312.9 1.0 1.0 1.0 1.536 0.557 0.36 0.614 1.451 0.01 0.01 0.006 0.014
1313.0 1.0 1.0 1.0 1.536 0.557 0.36 0.614 1.451 0.01 0.01 0.006 0.014
1313.1 1.0 1.0 1.0 1.536 0.557 0.36 0.614 1.451 0.01 0.01 0.006 0.014
1313.2 1.0 1.0 1.0 1.535 0.557 0.36 0.614 1.451 0.01 0.01 0.006 0.014
1313.3 1.0 1.0 1.0 1.535 0.557 0.36 0.614 1.451 0.01 0.01 0.006 0.014
1313.4 1.0 1.0 1.0 1.535 0.557 0.36 0.614 1.451 0.01 0.01 0.006 0.014
1313.5 1.0 1.0 1.0 1.535 0.557 0.36 0.614 1.451 0.01 0.01 0.006 0.014
1313.6 1.0 1.0 1.0 1.535 0.557 0.36 0.614 1.451 0.01 0.01 0.006 0.014
1313.7 1.0 1.0 1.0 1.535 0.557 0.36 0.614 1.451 0.01 0.01 0.006 0.014
1313.8 1.0 1.0 1.0 1.535 0.557 0.36 0.614 1.451 0.01 0.01 0.006 0.014
1313.9 1.0 1.0 1.0 1.535 0.557 0.36 0.614 1.451 0.01 0.01 0.006 0.014
1314.0 1.0 1.0 1.0 1.535 0.557 0.36 0.614 1.451 0.01 0.01 0.006 0.014
1314.1 1.0 1.0 1.0 1.535 0.557 0.36 0.614 1.451 0.01 0.01 0.006 0.014
1314.2 1.0 1.0 1.0 1.535 0.557 0.36 0.614 1.451 0.01 0.01 0.006 0.014
1314.3 1.0 1.0 1.0 1.535 0.557 0.36 0.614 1.451 0.01 0.01 0.006 0.014
1314.4 1.0 1.0 1.0 1.535 0.557 0.36 0.614 1.451 0.01 0.01 0.006 0.014
1314.5 1.0 1.0 1.0 1.535 0.557 0.36 0.614 1.451 0.01 0.01 0.006 0.014
1314.6 1.0 1.0 1.0 1.535 0.557 0.36 0.614 1.451 0.01 0.01 0.006 0.014
1314.7 1.0 1.0 1.0 1.535 0.557 0.36 0.614 1.451 0.01 0.01 0.006 0.014
1314.8 1.0 1.0 1.0 1.535 0.557 0.36 0.614 1.451 0.01 0.01 0.006 0.014
1314.9 1.0 1.0 1.0 1.535 0.557 0.36 0.614 1.451 0.01 0.01 0.006 0.014
1315.0 1.0 1.0 1.0 1.535 0.557 0.36 0.614 1.451 0.01 0.01 0.006 0.014
1315.1 1.0 1.0 1.0 1.535 0.556 0.359 0.614 1.451 0.01 0.01 0.006 0.014
1315.2 1.0 1.0 1.0 1.535 0.556 0.359 0.614 1.451 0.01 0.01 0.006 0.014
1315.3 1.0 1.0 1.0 1.535 0.556 0.359 0.614 1.451 0.01 0.01 0.006 0.014
1315.4 1.0 1.0 1.0 1.535 0.556 0.359 0.614 1.451 0.01 0.01 0.006 0.014
1315.5 1.0 1.0 1.0 1.535 0.556 0.359 0.614 1.451 0.01 0.01 0.006 0.014
1315.6 1.0 1.0 1.0 1.535 0.556 0.359 0.614 1.451 0.01 0.01 0.006 0.014
1315.7 1.0 1.0 1.0 1.535 0.556 0.359 0.614 1.451 0.01 0.01 0.006 0.014
1315.8 1.0 1.0 1.0 1.535 0.556 0.359 0.614 1.451 0.01 0.01 0.006 0.014
1315.9 1.0 1.0 1.0 1.535 0.556 0.359 0.614 1.451 0.01 0.01 0.006 0.014
1316.0 1.0 1.0 1.0 1.535 0.556 0.359 0.614 1.451 0.01 0.01 0.006 0.014
1316.1 1.0 1.0 1.0 1.534 0.556 0.359 0.614 1.451 0.01 0.01 0.006 0.014
1316.2 1.0 1.0 1.0 1.534 0.556 0.359 0.614 1.451 0.01 0.01 0.006 0.014
1316.3 1.0 1.0 1.0 1.534 0.556 0.359 0.614 1.451 0.01 0.01 0.006 0.014
1316.4 1.0 1.0 1.0 1.534 0.556 0.359 0.614 1.451 0.01 0.01 0.006 0.014
1316.5 1.0 1.0 1.0 1.534 0.556 0.359 0.614 1.451 0.01 0.01 0.006 0.014
1316.6 1.0 1.0 1.0 1.534 0.556 0.359 0.614 1.451 0.01 0.01 0.006 0.014
1316.7 1.0 1.0 1.0 1.534 0.556 0.359 0.614 1.451 0.01 0.01 0.006 0.014
1316.8 1.0 1.0 1.0 1.534 0.556 0.359 0.614 1.451 0.01 0.01 0.006 0.014
1316.9 1.0 1.0 1.0 1.534 0.556 0.359 0.614 1.451 0.01 0.01 0.006 0.014
1317.0 1.0 1.0 1.0 1.534 0.556 0.359 0.614 1.451 0.01 0.01 0.006 0.014
1317.1 1.0 1.0 1.0 1.534 0.556 0.359 0.614 1.451 0.01 0.01 0.006 0.014
1317.2 1.0 1.0 1.0 1.534 0.556 0.359 0.614 1.451 0.01 0.01 0.006 0.014
1317.3 1.0 1.0 1.0 1.534 0.556 0.359 0.614 1.451 0.01 0.01 0.006 0.014
1317.4 1.0 1.0 1.0 1.534 0.556 0.359 0.614 1.451 0.01 0.01 0.006 0.014
1317.5 1.0 1.0 1.0 1.534 0.556 0.359 0.614 1.451 0.01 0.01 0.006 0.014
1317.6 1.0 1.0 1.0 1.534 0.556 0.359 0.614 1.451 0.01 0.01 0.006 0.014
1317.7 1.0 1.0 1.0 1.534 0.556 0.359 0.614 1.451 0.01 0.01 0.006 0.014
1317.8 1.0 1.0 1.0 1.534 0.556 0.359 0.614 1.451 0.01 0.01 0.006 0.014
1317.9 1.0 1.0 1.0 1.534 0.556 0.359 0.614 1.451 0.01 0.01 0.006 0.014
1318.0 1.0 1.0 1.0 1.534 0.556 0.359 0.614 1.451 0.01 0.01 0.006 0.014
1318.1 1.0 1.0 1.0 1.534 0.556 0.359 0.614 1.451 0.01 0.01 0.006 0.014
1318.2 1.0 1.0 1.0 1.534 0.556 0.359 0.614 1.451 0.01 0.01 0.006 0.014
1318.3 1.0 1.0 1.0 1.534 0.556 0.359 0.614 1.451 0.01 0.01 0.006 0.014
1318.4 1.0 1.0 1.0 1.534 0.556 0.359 0.614 1.451 0.01 0.01 0.006 0.014
1318.5 1.0 1.0 1.0 1.534 0.556 0.359 0.614 1.451 0.01 0.01 0.006 0.014
1318.6 1.0 1.0 1.0 1.534 0.556 0.359 0.614 1.451 0.01 0.01 0.006 0.014
1318.7 1.0 1.0 1.0 1.534 0.556 0.359 0.614 1.451 0.01 0.01 0.006 0.014
1318.8 1.0 1.0 1.0 1.534 0.556 0.359 0.614 1.451 0.01 0.01 0.006 0.014
1318.9 1.0 1.0 1.0 1.534 0.556 0.359 0.614 1.451 0.01 0.01 0.006 0.014
1319.0 1.0 1.0 1.0 1.534 0.556 0.359 0.614 1.451 0.01 0.01 0.006 0.014
1319.1 1.0 1.0 1.0 1.534 0.556 0.359 0.614 1.451 0.01 0.01 0.006 0.014
1319.2 1.0 1.0 1.0 1.534 0.556 0.359 0.614 1.451 0.01 0.01 0.006 0.014
1319.3 1.0 1.0 1.0 1.534 0.556 0.359 0.614 1.451 0.01 0.01 0.006 0.014
1319.4 1.0 1.0 1.0 1.534 0.556 0.359 0.614 1.451 0.01 0.01 0.006 0.014
1319.5 1.0 1.0 1.0 1.534 0.556 0.359 0.614 1.451 0.01 0.01 0.006 0.014
1319.6 1.0 1.0 1.0 1.534 0.556 0.359 0.614 1.451 0.01 0.01 0.006 0.014
1319.7 1.0 1.0 1.0 1.534 0.556 0.359 0.614 1.451 0.01 0.01 0.006 0.014
1319.8 1.0 1.0 1.0 1.534 0.556 0.359 0.614 1.451 0.01 0.01 0.006 0.014
1319.9 1.0 1.0 1.0 1.534 0.556 0.359 0.614 1.451 0.01 0.01 0.006 0.014
1320.0 1.0 1.0 1.0 1.534 0.556 0.359 0.614 1.451 0.01 0.01 0.006 0.014
1320.1 1.0 1.0 1.0 1.533 0.556 0.359 0.614 1.451 0.01 0.01 0.006 0.014
1320.2 1.0 1.0 1.0 1.533 0.556 0.359 0.614 1.451 0.01 0.01 0.006 0.014
1320.3 1.0 1.0 1.0 1.533 0.556 0.359 0.614 1.451 0.01 0.01 0.006 0.014
1320.4 1.0 1.0 1.0 1.533 0.556 0.359 0.614 1.451 0.01 0.01 0.006 0.014
1320.5 1.0 1.0 1.0 1.533 0.556 0.359 0.614 1.451 0.01 0.01 0.006 0.014
1320.6 1.0 1.0 1.0 1.533 0.556 0.359 0.614 1.451 0.01 0.01 0.006 0.014
1320.7 1.0 1.0 1.0 1.533 0.556 0.359 0.614 1.451 0.01 0.01 0.006 0.014
1320.8 1.0 1.0 1.0 1.533 0.556 0.359 0.614 1.451 0.01 0.01 0.006 0.014
1320.9 1.0 1.0 1.0 1.533 0.556 0.359 0.614 1.451 0.01 0.01 0.006 0.014
1321.0 1.0 1.0 1.0 1.533 0.556 0.359 0.614 1.451 0.01 0.01 0.006 0.014
1321.1 1.0 1.0 1.0 1.533 0.556 0.359 0.614 1.451 0.01 0.01 0.006 0.014
1321.2 1.0 1.0 1.0 1.533 0.556 0.359 0.614 1.451 0.01 0.01 0.006 0.014
1321.3 1.0 1.0 1.0 1.533 0.556 0.359 0.614 1.451 0.01 0.01 0.006 0.014
1321.4 1.0 1.0 1.0 1.533 0.556 0.359 0.614 1.451 0.01 0.01 0.006 0.014
1321.5 1.0 1.0 1.0 1.533 0.556 0.359 0.614 1.451 0.01 0.01 0.006 0.014
1321.6 1.0 1.0 1.0 1.533 0.556 0.359 0.614 1.451 0.01 0.01 0.006 0.014
1321.7 1.0 1.0 1.0 1.533 0.556 0.359 0.614 1.451 0.01 0.01 0.006 0.014
1321.8 1.0 1.0 1.0 1.533 0.556 0.359 0.614 1.451 0.01 0.01 0.006 0.014
1321.9 1.0 1.0 1.0 1.533 0.556 0.359 0.614 1.451 0.01 0.01 0.006 0.014
1322.0 1.0 1.0 1.0 1.533 0.556 0.359 0.614 1.451 0.01 0.01 0.006 0.014
1322.1 1.0 1.0 1.0 1.533 0.556 0.359 0.614 1.451 0.01 0.01 0.006 0.014
1322.2 1.0 1.0 1.0 1.533 0.556 0.359 0.614 1.451 0.01 0.01 0.006 0.014
1322.3 1.0 1.0 1.0 1.533 0.556 0.359 0.614 1.451 0.01 0.01 0.006 0.014
1322.4 1.0 1.0 1.0 1.533 0.556 0.359 0.614 1.451 0.01 0.01 0.006 0.014
1322.5 1.0 1.0 1.0 1.533 0.556 0.359 0.614 1.451 0.01 0.01 0.006 0.014
1322.6 1.0 1.0 1.0 1.533 0.556 0.359 0.614 1.451 0.01 0.01 0.006 0.014
1322.7 1.0 1.0 1.0 1.533 0.556 0.359 0.614 1.451 0.01 0.01 0.006 0.014
1322.8 1.0 1.0 1.0 1.533 0.556 0.359 0.614 1.451 0.01 0.01 0.006 0.014
1322.9 1.0 1.0 1.0 1.533 0.556 0.359 0.614 1.451 0.01 0.01 0.006 0.014
1323.0 1.0 1.0 1.0 1.533 0.556 0.359 0.614 1.451 0.01 0.01 0.006 0.014
1323.1 1.0 1.0 1.0 1.533 0.556 0.359 0.614 1.451 0.01 0.01 0.006 0.014
1323.2 1.0 1.0 1.0 1.533 0.556 0.359 0.614 1.451 0.01 0.01 0.006 0.014
1323.3 1.0 1.0 1.0 1.533 0.556 0.359 0.614 1.451 0.01 0.01 0.006 0.014
1323.4 1.0 1.0 1.0 1.533 0.556 0.359 0.614 1.451 0.01 0.01 0.006 0.014
1323.5 1.0 1.0 1.0 1.533 0.556 0.359 0.614 1.451 0.01 0.01 0.006 0.014
1323.6 1.0 1.0 1.0 1.533 0.556 0.359 0.614 1.451 0.01 0.01 0.006 0.014
1323.7 1.0 1.0 1.0 1.533 0.556 0.359 0.614 1.451 0.01 0.01 0.006 0.014
1323.8 1.0 1.0 1.0 1.533 0.556 0.359 0.614 1.451 0.01 0.01 0.006 0.014
1323.9 1.0 1.0 1.0 1.533 0.556 0.359 0.614 1.451 0.01 0.01 0.006 0.014
1324.0 1.0 1.0 1.0 1.533 0.556 0.359 0.614 1.451 0.01 0.01 0.006 0.014
1324.1 1.0 1.0 1.0 1.533 0.556 0.359 0.614 1.451 0.01 0.01 0.006 0.014
1324.2 1.0 1.0 1.0 1.533 0.556 0.359 0.614 1.451 0.01 0.01 0.006 0.014
1324.3 1.0 1.0 1.0 1.533 0.556 0.359 0.614 1.451 0.01 0.01 0.006 0.014
1324.4 1.0 1.0 1.0 1.533 0.556 0.359 0.614 1.451 0.01 0.01 0.006 0.014
1324.5 1.0 1.0 1.0 1.533 0.556 0.359 0.614 1.451 0.01 0.01 0.006 0.014
1324.6 1.0 1.0 1.0 1.533 0.556 0.359 0.614 1.451 0.01 0.01 0.006 0.014
1324.7 1.0 1.0 1.0 1.533 0.556 0.359 0.614 1.451 0.01 0.01 0.006 0.014
1324.8 1.0 1.0 1.0 1.533 0.556 0.359 0.614 1.451 0.01 0.01 0.006 0.014
1324.9 1.0 1.0 1.0 1.533 0.556 0.359 0.614 1.451 0.01 0.01 0.006 0.014
1325.0 1.0 1.0 1.0 1.533 0.556 0.359 0.614 1.451 0.01 0.01 0.006 0.014
1325.1 1.0 1.0 1.0 1.533 0.556 0.359 0.614 1.451 0.01 0.01 0.006 0.014
1325.2 1.0 1.0 1.0 1.533 0.556 0.359 0.614 1.451 0.01 0.01 0.006 0.014
1325.3 1.0 1.0 1.0 1.533 0.556 0.359 0.614 1.451 0.01 0.01 0.006 0.014
1325.4 1.0 1.0 1.0 1.533 0.556 0.359 0.614 1.451 0.01 0.01 0.006 0.014
1325.5 1.0 1.0 1.0 1.533 0.556 0.359 0.614 1.451 0.01 0.01 0.006 0.014
1325.6 1.0 1.0 1.0 1.533 0.556 0.359 0.614 1.451 0.01 0.01 0.006 0.014
1325.7 1.0 1.0 1.0 1.533 0.556 0.359 0.614 1.451 0.01 0.01 0.006 0.014
1325.8 1.0 1.0 1.0 1.533 0.556 0.359 0.614 1.451 0.01 0.01 0.006 0.014
1325.9 1.0 1.0 1.0 1.533 0.556 0.359 0.614 1.451 0.01 0.01 0.006 0.014
1326.0 1.0 1.0 1.0 1.533 0.556 0.359 0.614 1.451 0.01 0.01 0.006 0.014
1326.1 1.0 1.0 1.0 1.533 0.556 0.359 0.614 1.451 0.01 0.01 0.006 0.014
1326.2 1.0 1.0 1.0 1.533 0.556 0.359 0.614 1.451 0.01 0.01 0.006 0.014
1326.3 1.0 1.0 1.0 1.533 0.556 0.359 0.614 1.451 0.01 0.01 0.006 0.014
1326.4 1.0 1.0 1.0 1.533 0.556 0.359 0.614 1.451 0.01 0.01 0.006 0.014
1326.5 1.0 1.0 1.0 1.533 0.556 0.359 0.614 1.451 0.01 0.01 0.006 0.014
1326.6 1.0 1.0 1.0 1.533 0.556 0.359 0.614 1.451 0.01 0.01 0.006 0.014
1326.7 1.0 1.0 1.0 1.533 0.556 0.359 0.614 1.451 0.01 0.01 0.006 0.014
1326.8 1.0 1.0 1.0 1.533 0.556 0.359 0.614 1.451 0.01 0.01 0.006 0.014
1326.9 1.0 1.0 1.0 1.532 0.556 0.359 0.614 1.451 0.01 0.01 0.006 0.014
1327.0 1.0 1.0 1.0 1.532 0.556 0.359 0.614 1.451 0.01 0.01 0.006 0.014
1327.1 1.0 1.0 1.0 1.532 0.556 0.359 0.614 1.451 0.01 0.01 0.006 0.014
1327.2 1.0 1.0 1.0 1.532 0.556 0.359 0.614 1.451 0.01 0.01 0.006 0.014
1327.3 1.0 1.0 1.0 1.532 0.556 0.359 0.614 1.451 0.01 0.01 0.006 0.014
1327.4 1.0 1.0 1.0 1.532 0.556 0.359 0.614 1.451 0.01 0.01 0.006 0.014
1327.5 1.0 1.0 1.0 1.532 0.556 0.359 0.614 1.451 0.01 0.01 0.006 0.014
1327.6 1.0 1.0 1.0 1.532 0.556 0.359 0.614 1.451 0.01 0.01 0.006 0.014
1327.7 1.0 1.0 1.0 1.532 0.556 0.359 0.614 1.451 0.01 0.01 0.006 0.014
1327.8 1.0 1.0 1.0 1.532 0.556 0.359 0.614 1.451 0.01 0.01 0.006 0.014
1327.9 1.0 1.0 1.0 1.532 0.556 0.359 0.614 1.451 0.01 0.01 0.006 0.014
1328.0 1.0 1.0 1.0 1.532 0.556 0.359 0.614 1.451 0.01 0.01 0.006 0.014
1328.1 1.0 1.0 1.0 1.532 0.556 0.359 0.614 1.451 0.01 0.01 0.006 0.014
1328.2 1.0 1.0 1.0 1.532 0.556 0.359 0.614 1.451 0.01 0.01 0.006 0.014
1328.3 1.0 1.0 1.0 1.532 0.556 0.359 0.614 1.451 0.01 0.01 0.006 0.014
1328.4 1.0 1.0 1.0 1.532 0.556 0.359 0.614 1.451 0.01 0.01 0.006 0.014
1328.5 1.0 1.0 1.0 1.532 0.556 0.359 0.614 1.451 0.01 0.01 0.006 0.014
1328.6 1.0 1.0 1.0 1.532 0.556 0.359 0.614 1.451 0.01 0.01 0.006 0.014
1328.7 1.0 1.0 1.0 1.532 0.556 0.359 0.614 1.451 0.01 0.01 0.006 0.014
1328.8 1.0 1.0 1.0 1.532 0.556 0.359 0.614 1.451 0.01 0.01 0.006 0.014
1328.9 1.0 1.0 1.0 1.532 0.556 0.359 0.614 1.451 0.01 0.01 0.006 0.014
1329.0 1.0 1.0 1.0 1.532 0.556 0.359 0.614 1.451 0.01 0.01 0.006 0.014
1329.1 1.0 1.0 1.0 1.532 0.556 0.359 0.614 1.451 0.01 0.01 0.006 0.014
1329.2 1.0 1.0 1.0 1.532 0.556 0.359 0.614 1.451 0.01 0.01 0.006 0.014
1329.3 1.0 1.0 1.0 1.532 0.556 0.359 0.614 1.451 0.01 0.01 0.006 0.014
1329.4 1.0 1.0 1.0 1.532 0.556 0.359 0.614 1.451 0.01 0.01 0.006 0.014
1329.5 1.0 1.0 1.0 1.532 0.556 0.359 0.614 1.451 0.01 0.01 0.006 0.014
1329.6 1.0 1.0 1.0 1.532 0.556 0.359 0.614 1.451 0.01 0.01 0.006 0.014
1329.7 1.0 1.0 1.0 1.532 0.556 0.359 0.614 1.451 0.01 0.01 0.006 0.014
1329.8 1.0 1.0 1.0 1.532 0.556 0.359 0.614 1.451 0.01 0.01 0.006 0.014
1329.9 1.0 1.0 1.0 1.532 0.556 0.359 0.614 1.451 0.01 0.01 0.006 0.014
1330.0 1.0 1.0 1.0 1.532 0.556 0.359 0.614 1.451 0.01 0.01 0.006 0.014
1330.1 1.0 1.0 1.0 1.532 0.556 0.359 0.614 1.451 0.01 0.01 0.006 0.014
1330.2 1.0 1.0 1.0 1.532 0.556 0.359 0.614 1.451 0.01 0.01 0.006 0.014
1330.3 1.0 1.0 1.0 1.532 0.556 0.359 0.614 1.451 0.01 0.01 0.006 0.014
1330.4 1.0 1.0 1.0 1.532 0.556 0.359 0.614 1.451 0.01 0.01 0.006 0.014
1330.5 1.0 1.0 1.0 1.532 0.556 0.359 0.614 1.451 0.01 0.01 0.006 0.014
1330.6 1.0 1.0 1.0 1.532 0.556 0.359 0.614 1.451 0.01 0.01 0.006 0.014
1330.7 1.0 1.0 1.0 1.532 0.556 0.359 0.614 1.451 0.01 0.01 0.006 0.014
1330.8 1.0 1.0 1.0 1.532 0.556 0.359 0.614 1.451 0.01 0.01 0.006 0.014
1330.9 1.0 1.0 1.0 1.532 0.556 0.359 0.614 1.451 0.01 0.01 0.006 0.014
1331.0 1.0 1.0 1.0 1.532 0.556 0.359 0.614 1.451 0.01 0.01 0.006 0.014
1331.1 1.0 1.0 1.0 1.532 0.556 0.359 0.614 1.451 0.01 0.01 0.006 0.014
1331.2 1.0 1.0 1.0 1.532 0.556 0.359 0.614 1.451 0.01 0.01 0.006 0.014
1331.3 1.0 1.0 1.0 1.532 0.556 0.359 0.614 1.451 0.01 0.01 0.006 0.014
1331.4 1.0 1.0 1.0 1.532 0.556 0.359 0.614 1.451 0.01 0.01 0.006 0.014
1331.5 1.0 1.0 1.0 1.532 0.556 0.359 0.614 1.451 0.01 0.01 0.006 0.014
1331.6 1.0 1.0 1.0 1.532 0.556 0.359 0.614 1.451 0.01 0.01 0.006 0.014
1331.7 1.0 1.0 1.0 1.532 0.556 0.359 0.614 1.451 0.01 0.01 0.006 0.014
1331.8 1.0 1.0 1.0 1.532 0.556 0.359 0.614 1.451 0.01 0.01 0.006 0.014
1331.9 1.0 1.0 1.0 1.532 0.556 0.359 0.614 1.451 0.01 0.01 0.006 0.014
1332.0 1.0 1.0 1.0 1.532 0.556 0.359 0.614 1.451 0.01 0.01 0.006 0.014
1332.1 1.0 1.0 1.0 1.532 0.556 0.359 0.614 1.451 0.01 0.01 0.006 0.014
1332.2 1.0 1.0 1.0 1.532 0.556 0.359 0.614 1.451 0.01 0.01 0.006 0.014
1332.3 1.0 1.0 1.0 1.532 0.556 0.359 0.614 1.451 0.01 0.01 0.006 0.014
1332.4 1.0 1.0 1.0 1.532 0.556 0.359 0.614 1.451 0.01 0.01 0.006 0.014
1332.5 1.0 1.0 1.0 1.532 0.556 0.359 0.614 1.451 0.01 0.01 0.006 0.014
1332.6 1.0 1.0 1.0 1.532 0.556 0.359 0.614 1.451 0.01 0.01 0.006 0.014
1332.7 1.0 1.0 1.0 1.532 0.556 0.359 0.614 1.451 0.01 0.01 0.006 0.014
1332.8 1.0 1.0 1.0 1.532 0.556 0.359 0.614 1.451 0.01 0.01 0.006 0.014
1332.9 1.0 1.0 1.0 1.532 0.556 0.359 0.614 1.451 0.01 0.01 0.006 0.014
1333.0 1.0 1.0 1.0 1.532 0.556 0.359 0.614 1.451 0.01 0.01 0.006 0.014
1333.1 1.0 1.0 1.0 1.532 0.556 0.359 0.614 1.451 0.01 0.01 0.006 0.014
1333.2 1.0 1.0 1.0 1.532 0.556 0.359 0.614 1.451 0.01 0.01 0.006 0.014
1333.3 1.0 1.0 1.0 1.532 0.556 0.359 0.614 1.451 0.01 0.01 0.006 0.014
1333.4 1.0 1.0 1.0 1.532 0.556 0.359 0.614 1.451 0.01 0.01 0.006 0.014
1333.5 1.0 1.0 1.0 1.532 0.556 0.359 0.614 1.451 0.01 0.01 0.006 0.014
1333.6 1.0 1.0 1.0 1.532 0.556 0.359 0.614 1.451 0.01 0.01 0.006 0.014
1333.7 1.0 1.0 1.0 1.532 0.556 0.359 0.614 1.451 0.01 0.01 0.006 0.014
1333.8 1.0 1.0 1.0 1.532 0.556 0.359 0.614 1.451 0.01 0.01 0.006 0.014
1333.9 1.0 1.0 1.0 1.532 0.556 0.359 0.614 1.451 0.01 0.01 0.006 0.014
1334.0 1.0 1.0 1.0 1.532 0.556 0.359 0.614 1.451 0.01 0.01 0.006 0.014
1334.1 1.0 1.0 1.0 1.532 0.556 0.359 0.614 1.451 0.01 0.01 0.006 0.014
1334.2 1.0 1.0 1.0 1.532 0.556 0.359 0.614 1.451 0.01 0.01 0.006 0.014
1334.3 1.0 1.0 1.0 1.532 0.556 0.359 0.614 1.451 0.01 0.01 0.006 0.014
1334.4 1.0 1.0 1.0 1.532 0.556 0.359 0.614 1.451 0.01 0.01 0.006 0.014
1334.5 1.0 1.0 1.0 1.532 0.556 0.359 0.614 1.451 0.01 0.01 0.006 0.014
1334.6 1.0 1.0 1.0 1.532 0.556 0.359 0.614 1.451 0.01 0.01 0.006 0.014
1334.7 1.0 1.0 1.0 1.532 0.556 0.359 0.614 1.451 0.01 0.01 0.006 0.014
1334.8 1.0 1.0 1.0 1.532 0.556 0.359 0.614 1.451 0.01 0.01 0.006 0.014
1334.9 1.0 1.0 1.0 1.532 0.556 0.359 0.614 1.451 0.01 0.01 0.006 0.014
1335.0 1.0 1.0 1.0 1.532 0.556 0.359 0.614 1.451 0.01 0.01 0.006 0.014
1335.1 1.0 1.0 1.0 1.532 0.556 0.359 0.614 1.451 0.01 0.01 0.006 0.014
1335.2 1.0 1.0 1.0 1.532 0.556 0.359 0.614 1.451 0.01 0.01 0.006 0.014
1335.3 1.0 1.0 1.0 1.532 0.556 0.359 0.614 1.451 0.01 0.01 0.006 0.014
1335.4 1.0 1.0 1.0 1.532 0.556 0.359 0.614 1.451 0.01 0.01 0.006 0.014
1335.5 1.0 1.0 1.0 1.532 0.556 0.359 0.614 1.451 0.01 0.01 0.006 0.014
1335.6 1.0 1.0 1.0 1.532 0.556 0.359 0.614 1.451 0.01 0.01 0.006 0.014
1335.7 1.0 1.0 1.0 1.532 0.556 0.359 0.614 1.451 0.01 0.01 0.006 0.014
1335.8 1.0 1.0 1.0 1.532 0.556 0.359 0.614 1.451 0.01 0.01 0.006 0.014
1335.9 1.0 1.0 1.0 1.532 0.556 0.359 0.614 1.451 0.01 0.01 0.006 0.014
1336.0 1.0 1.0 1.0 1.532 0.556 0.359 0.614 1.451 0.01 0.01 0.006 0.014
1336.1 1.0 1.0 1.0 1.532 0.556 0.359 0.614 1.451 0.01 0.01 0.006 0.014
1336.2 1.0 1.0 1.0 1.532 0.556 0.359 0.614 1.451 0.01 0.01 0.006 0.014
1336.3 1.0 1.0 1.0 1.532 0.556 0.359 0.614 1.451 0.01 0.01 0.006 0.014
1336.4 1.0 1.0 1.0 1.532 0.556 0.359 0.614 1.451 0.01 0.01 0.006 0.014
1336.5 1.0 1.0 1.0 1.532 0.556 0.359 0.614 1.451 0.01 0.01 0.006 0.014
1336.6 1.0 1.0 1.0 1.532 0.556 0.359 0.614 1.451 0.01 0.01 0.006 0.014
1336.7 1.0 1.0 1.0 1.532 0.556 0.359 0.614 1.451 0.01 0.01 0.006 0.014
1336.8 1.0 1.0 1.0 1.532 0.556 0.359 0.614 1.451 0.01 0.01 0.006 0.014
1336.9 1.0 1.0 1.0 1.532 0.556 0.359 0.614 1.451 0.01 0.01 0.006 0.014
1337.0 1.0 1.0 1.0 1.532 0.556 0.359 0.614 1.451 0.01 0.01 0.006 0.014
1337.1 1.0 1.0 1.0 1.532 0.556 0.359 0.614 1.451 0.01 0.01 0.006 0.014
1337.2 1.0 1.0 1.0 1.532 0.556 0.359 0.614 1.451 0.01 0.01 0.006 0.014
1337.3 1.0 1.0 1.0 1.532 0.556 0.359 0.614 1.451 0.01 0.01 0.006 0.014
1337.4 1.0 1.0 1.0 1.532 0.556 0.359 0.614 1.451 0.01 0.01 0.006 0.014
1337.5 1.0 1.0 1.0 1.532 0.556 0.359 0.614 1.451 0.01 0.01 0.006 0.014
1337.6 1.0 1.0 1.0 1.532 0.556 0.359 0.614 1.451 0.01 0.01 0.006 0.014
1337.7 1.0 1.0 1.0 1.532 0.556 0.359 0.614 1.451 0.01 0.01 0.006 0.014
1337.8 1.0 1.0 1.0 1.532 0.556 0.359 0.614 1.451 0.01 0.01 0.006 0.014
1337.9 1.0 1.0 1.0 1.532 0.556 0.359 0.614 1.451 0.01 0.01 0.006 0.014
1338.0 1.0 1.0 1.0 1.532 0.556 0.359 0.614 1.451 0.01 0.01 0.006 0.014
1338.1 1.0 1.0 1.0 1.532 0.556 0.359 0.614 1.451 0.01 0.01 0.006 0.014
1338.2 1.0 1.0 1.0 1.532 0.556 0.359 0.614 1.451 0.01 0.01 0.006 0.014
1338.3 1.0 1.0 1.0 1.532 0.556 0.359 0.614 1.451 0.01 0.01 0.006 0.014
1338.4 1.0 1.0 1.0 1.532 0.556 0.359 0.614 1.451 0.01 0.01 0.006 0.014
1338.5 1.0 1.0 1.0 1.532 0.556 0.359 0.614 1.451 0.01 0.01 0.006 0.014
1338.6 1.0 1.0 1.0 1.532 0.556 0.359 0.614 1.451 0.01 0.01 0.006 0.014
1338.7 1.0 1.0 1.0 1.532 0.556 0.359 0.614 1.451 0.01 0.01 0.006 0.014
1338.8 1.0 1.0 1.0 1.532 0.556 0.359 0.614 1.451 0.01 0.01 0.006 0.014
1338.9 1.0 1.0 1.0 1.532 0.556 0.359 0.614 1.451 0.01 0.01 0.006 0.014
1339.0 1.0 1.0 1.0 1.532 0.556 0.359 0.614 1.451 0.01 0.01 0.006 0.014
1339.1 1.0 1.0 1.0 1.532 0.556 0.359 0.614 1.451 0.01 0.01 0.006 0.014
1339.2 1.0 1.0 1.0 1.532 0.556 0.359 0.614 1.451 0.01 0.01 0.006 0.014
1339.3 1.0 1.0 1.0 1.532 0.556 0.359 0.614 1.451 0.01 0.01 0.006 0.014
1339.4 1.0 1.0 1.0 1.532 0.556 0.359 0.614 1.451 0.01 0.01 0.006 0.014
1339.5 1.0 1.0 1.0 1.532 0.556 0.359 0.614 1.451 0.01 0.01 0.006 0.014
1339.6 1.0 1.0 1.0 1.532 0.556 0.359 0.614 1.451 0.01 0.01 0.006 0.014
1339.7 1.0 1.0 1.0 1.532 0.556 0.359 0.614 1.451 0.01 0.01 0.006 0.014
1339.8 1.0 1.0 1.0 1.532 0.556 0.359 0.614 1.451 0.01 0.01 0.006 0.014
1339.9 1.0 1.0 1.0 1.532 0.556 0.359 0.614 1.451 0.01 0.01 0.006 0.014
1340.0 1.0 1.0 1.0 1.532 0.556 0.359 0.614 1.451 0.01 0.01 0.006 0.014
1340.1 1.0 1.0 1.0 1.532 0.556 0.359 0.614 1.451 0.01 0.01 0.006 0.014
1340.2 1.0 1.0 1.0 1.532 0.556 0.359 0.614 1.451 0.01 0.01 0.006 0.014
1340.3 1.0 1.0 1.0 1.532 0.556 0.359 0.614 1.451 0.01 0.01 0.006 0.014
1340.4 1.0 1.0 1.0 1.532 0.556 0.359 0.614 1.451 0.01 0.01 0.006 0.014
1340.5 1.0 1.0 1.0 1.532 0.556 0.359 0.614 1.451 0.01 0.01 0.006 0.014
1340.6 1.0 1.0 1.0 1.532 0.556 0.359 0.614 1.451 0.01 0.01 0.006 0.014
1340.7 1.0 1.0 1.0 1.532 0.556 0.359 0.614 1.451 0.01 0.01 0.006 0.014
1340.8 1.0 1.0 1.0 1.532 0.556 0.359 0.614 1.451 0.01 0.01 0.006 0.014
1340.9 1.0 1.0 1.0 1.532 0.556 0.359 0.614 1.451 0.01 0.01 0.006 0.014
1341.0 1.0 1.0 1.0 1.532 0.556 0.359 0.614 1.451 0.01 0.01 0.006 0.014
1341.1 1.0 1.0 1.0 1.532 0.556 0.359 0.614 1.451 0.01 0.01 0.006 0.014
1341.2 1.0 1.0 1.0 1.532 0.556 0.359 0.614 1.451 0.01 0.01 0.006 0.014
1341.3 1.0 1.0 1.0 1.532 0.556 0.359 0.614 1.451 0.01 0.01 0.006 0.014
1341.4 1.0 1.0 1.0 1.532 0.556 0.359 0.614 1.451 0.01 0.01 0.006 0.014
1341.5 1.0 1.0 1.0 1.532 0.556 0.359 0.614 1.451 0.01 0.01 0.006 0.014
1341.6 1.0 1.0 1.0 1.532 0.556 0.359 0.614 1.451 0.01 0.01 0.006 0.014
1341.7 1.0 1.0 1.0 1.532 0.556 0.359 0.614 1.451 0.01 0.01 0.006 0.014
1341.8 1.0 1.0 1.0 1.532 0.556 0.359 0.614 1.451 0.01 0.01 0.006 0.014
1341.9 1.0 1.0 1.0 1.532 0.556 0.359 0.614 1.451 0.01 0.01 0.006 0.014
1342.0 1.0 1.0 1.0 1.532 0.556 0.359 0.614 1.451 0.01 0.01 0.006 0.014
1342.1 1.0 1.0 1.0 1.532 0.556 0.359 0.614 1.451 0.01 0.01 0.006 0.014
1342.2 1.0 1.0 1.0 1.532 0.556 0.359 0.614 1.451 0.01 0.01 0.006 0.014
1342.3 1.0 1.0 1.0 1.532 0.556 0.359 0.614 1.451 0.01 0.01 0.006 0.014
1342.4 1.0 1.0 1.0 1.532 0.556 0.359 0.614 1.451 0.01 0.01 0.006 0.014
1342.5 1.0 1.0 1.0 1.532 0.556 0.359 0.614 1.451 0.01 0.01 0.006 0.014
1342.6 1.0 1.0 1.0 1.532 0.556 0.359 0.614 1.451 0.01 0.01 0.006 0.014
1342.7 1.0 1.0 1.0 1.532 0.556 0.359 0.614 1.451 0.01 0.01 0.006 0.014
1342.8 1.0 1.0 1.0 1.532 0.556 0.359 0.614 1.451 0.01 0.01 0.006 0.014
1342.9 1.0 1.0 1.0 1.532 0.556 0.359 0.614 1.451 0.01 0.01 0.006 0.014
1343.0 1.0 1.0 1.0 1.532 0.556 0.359 0.614 1.451 0.01 0.01 0.006 0.014
1343.1 1.0 1.0 1.0 1.532 0.556 0.359 0.614 1.451 0.01 0.01 0.006 0.014
1343.2 1.0 1.0 1.0 1.532 0.556 0.359 0.614 1.451 0.01 0.01 0.006 0.014
1343.3 1.0 1.0 1.0 1.532 0.556 0.359 0.614 1.451 0.01 0.01 0.006 0.014
1343.4 1.0 1.0 1.0 1.532 0.556 0.359 0.614 1.451 0.01 0.01 0.006 0.014
1343.5 1.0 1.0 1.0 1.532 0.556 0.359 0.614 1.451 0.01 0.01 0.006 0.014
1343.6 1.0 1.0 1.0 1.532 0.556 0.359 0.614 1.451 0.01 0.01 0.006 0.014
1343.7 1.0 1.0 1.0 1.532 0.556 0.359 0.614 1.451 0.01 0.01 0.006 0.014
1343.8 1.0 1.0 1.0 1.532 0.556 0.359 0.614 1.451 0.01 0.01 0.006 0.014
1343.9 1.0 1.0 1.0 1.532 0.556 0.359 0.614 1.451 0.01 0.01 0.006 0.014
1344.0 1.0 1.0 1.0 1.532 0.556 0.359 0.614 1.451 0.01 0.01 0.006 0.014
1344.1 1.0 1.0 1.0 1.532 0.556 0.359 0.614 1.451 0.01 0.01 0.006 0.014
1344.2 1.0 1.0 1.0 1.532 0.556 0.359 0.614 1.451 0.01 0.01 0.006 0.014
1344.3 1.0 1.0 1.0 1.532 0.556 0.359 0.614 1.451 0.01 0.01 0.006 0.014
1344.4 1.0 1.0 1.0 1.532 0.556 0.359 0.614 1.451 0.01 0.01 0.006 0.014
1344.5 1.0 1.0 1.0 1.532 0.556 0.359 0.614 1.451 0.01 0.01 0.006 0.014
1344.6 1.0 1.0 1.0 1.532 0.556 0.359 0.614 1.451 0.01 0.01 0.006 0.014
1344.7 1.0 1.0 1.0 1.532 0.556 0.359 0.614 1.451 0.01 0.01 0.006 0.014
1344.8 1.0 1.0 1.0 1.532 0.556 0.359 0.614 1.451 0.01 0.01 0.006 0.014
1344.9 1.0 1.0 1.0 1.532 0.556 0.359 0.614 1.451 0.01 0.01 0.006 0.014
1345.0 1.0 1.0 1.0 1.532 0.556 0.359 0.614 1.451 0.01 0.01 0.006 0.014
1345.1 1.0 1.0 1.0 1.532 0.556 0.359 0.614 1.451 0.01 0.01 0.006 0.014
1345.2 1.0 1.0 1.0 1.532 0.556 0.359 0.614 1.451 0.01 0.01 0.006 0.014
1345.3 1.0 1.0 1.0 1.532 0.556 0.359 0.614 1.451 0.01 0.01 0.006 0.014
1345.4 1.0 1.0 1.0 1.532 0.556 0.359 0.614 1.451 0.01 0.01 0.006 0.014
1345.5 1.0 1.0 1.0 1.532 0.556 0.359 0.614 1.451 0.01 0.01 0.006 0.014
1345.6 1.0 1.0 1.0 1.532 0.556 0.359 0.614 1.451 0.01 0.01 0.006 0.014
1345.7 1.0 1.0 1.0 1.532 0.556 0.359 0.614 1.451 0.01 0.01 0.006 0.014
1345.8 1.0 1.0 1.0 1.532 0.556 0.359 0.614 1.451 0.01 0.01 0.006 0.014
1345.9 1.0 1.0 1.0 1.532 0.556 0.359 0.614 1.451 0.01 0.01 0.006 0.014
1346.0 1.0 1.0 1.0 1.532 0.556 0.359 0.614 1.451 0.01 0.01 0.006 0.014
1346.1 1.0 1.0 1.0 1.532 0.556 0.359 0.614 1.451 0.01 0.01 0.006 0.014
1346.2 1.0 1.0 1.0 1.532 0.556 0.359 0.614 1.451 0.01 0.01 0.006 0.014
1346.3 1.0 1.0 1.0 1.532 0.556 0.359 0.614 1.451 0.01 0.01 0.006 0.014
1346.4 1.0 1.0 1.0 1.532 0.556 0.359 0.614 1.451 0.01 0.01 0.006 0.014
1346.5 1.0 1.0 1.0 1.532 0.556 0.359 0.614 1.451 0.01 0.01 0.006 0.014
1346.6 1.0 1.0 1.0 1.532 0.556 0.359 0.614 1.451 0.01 0.01 0.006 0.014
1346.7 1.0 1.0 1.0 1.532 0.556 0.359 0.614 1.451 0.01 0.01 0.006 0.014
1346.8 1.0 1.0 1.0 1.532 0.556 0.359 0.614 1.451 0.01 0.01 0.006 0.014
1346.9 1.0 1.0 1.0 1.532 0.556 0.359 0.614 1.451 0.01 0.01 0.006 0.014
1347.0 1.0 1.0 1.0 1.532 0.556 0.359 0.614 1.451 0.01 0.01 0.006 0.014
1347.1 1.0 1.0 1.0 1.532 0.556 0.359 0.614 1.451 0.01 0.01 0.006 0.014
1347.2 1.0 1.0 1.0 1.532 0.556 0.359 0.614 1.451 0.01 0.01 0.006 0.014
1347.3 1.0 1.0 1.0 1.532 0.556 0.359 0.614 1.451 0.01 0.01 0.006 0.014
1347.4 1.0 1.0 1.0 1.532 0.556 0.359 0.614 1.451 0.01 0.01 0.006 0.014
1347.5 1.0 1.0 1.0 1.532 0.556 0.359 0.614 1.451 0.01 0.01 0.006 0.014
1347.6 1.0 1.0 1.0 1.532 0.556 0.359 0.614 1.451 0.01 0.01 0.006 0.014
1347.7 1.0 1.0 1.0 1.532 0.556 0.359 0.614 1.451 0.01 0.01 0.006 0.014
1347.8 1.0 1.0 1.0 1.532 0.556 0.359 0.614 1.451 0.01 0.01 0.006 0.014
1347.9 1.0 1.0 1.0 1.532 0.556 0.359 0.614 1.451 0.01 0.01 0.006 0.014
1348.0 1.0 1.0 1.0 1.532 0.556 0.359 0.614 1.451 0.01 0.01 0.006 0.014
1348.1 1.0 1.0 1.0 1.532 0.556 0.359 0.614 1.451 0.01 0.01 0.006 0.014
1348.2 1.0 1.0 1.0 1.532 0.556 0.359 0.614 1.451 0.01 0.01 0.006 0.014
1348.3 1.0 1.0 1.0 1.532 0.556 0.359 0.614 1.451 0.01 0.01 0.006 0.014
1348.4 1.0 1.0 1.0 1.532 0.556 0.359 0.614 1.451 0.01 0.01 0.006 0.014
1348.5 1.0 1.0 1.0 1.532 0.556 0.359 0.614 1.451 0.01 0.01 0.006 0.014
1348.6 1.0 1.0 1.0 1.532 0.556 0.359 0.614 1.451 0.01 0.01 0.006 0.014
1348.7 1.0 1.0 1.0 1.532 0.556 0.359 0.614 1.451 0.01 0.01 0.006 0.014
1348.8 1.0 1.0 1.0 1.532 0.556 0.359 0.614 1.451 0.01 0.01 0.006 0.014
1348.9 1.0 1.0 1.0 1.532 0.556 0.359 0.614 1.451 0.01 0.01 0.006 0.014
1349.0 1.0 1.0 1.0 1.532 0.556 0.359 0.614 1.451 0.01 0.01 0.006 0.014
1349.1 1.0 1.0 1.0 1.532 0.556 0.359 0.614 1.451 0.01 0.01 0.006 0.014
1349.2 1.0 1.0 1.0 1.532 0.556 0.359 0.614 1.451 0.01 0.01 0.006 0.014
1349.3 1.0 1.0 1.0 1.532 0.556 0.359 0.614 1.451 0.01 0.01 0.006 0.014
1349.4 1.0 1.0 1.0 1.532 0.556 0.359 0.614 1.451 0.01 0.01 0.006 0.014
1349.5 1.0 1.0 1.0 1.532 0.556 0.359 0.614 1.451 0.01 0.01 0.006 0.014
1349.6 1.0 1.0 1.0 1.532 0.556 0.359 0.614 1.451 0.01 0.01 0.006 0.014
1349.7 1.0 1.0 1.0 1.532 0.556 0.359 0.614 1.451 0.01 0.01 0.006 0.014
1349.8 1.0 1.0 1.0 1.532 0.556 0.359 0.614 1.451 0.01 0.01 0.006 0.014
1349.9 1.0 1.0 1.0 1.532 0.556 0.359 0.614 1.451 0.01 0.01 0.006 0.014
1350.0 1.0 1.0 1.0 1.532 0.556 0.359 0.614 1.451 0.01 0.01 0.006 0.014
1350.1 1.0 1.0 1.0 1.532 0.556 0.359 0.614 1.451 0.01 0.01 0.006 0.014
1350.2 1.0 1.0 1.0 1.532 0.556 0.359 0.614 1.451 0.01 0.01 0.006 0.014
1350.3 1.0 1.0 1.0 1.532 0.556 0.359 0.614 1.451 0.01 0.01 0.006 0.014
1350.4 1.0 1.0 1.0 1.532 0.556 0.359 0.614 1.451 0.01 0.01 0.006 0.014
1350.5 1.0 1.0 1.0 1.532 0.556 0.359 0.614 1.451 0.01 0.01 0.006 0.014
1350.6 1.0 1.0 1.0 1.532 0.556 0.359 0.614 1.451 0.01 0.01 0.006 0.014
1350.7 1.0 1.0 1.0 1.532 0.556 0.359 0.614 1.451 0.01 0.01 0.006 0.014
1350.8 1.0 1.0 1.0 1.532 0.556 0.359 0.614 1.451 0.01 0.01 0.006 0.014
1350.9 1.0 1.0 1.0 1.532 0.556 0.359 0.614 1.451 0.01 0.01 0.006 0.014
1351.0 1.0 1.0 1.0 1.532 0.556 0.359 0.614 1.451 0.01 0.01 0.006 0.014
1351.1 1.0 1.0 1.0 1.532 0.556 0.359 0.614 1.451 0.01 0.01 0.006 0.014
1351.2 1.0 1.0 1.0 1.532 0.556 0.359 0.614 1.451 0.01 0.01 0.006 0.014
1351.3 1.0 1.0 1.0 1.532 0.556 0.359 0.614 1.451 0.01 0.01 0.006 0.014
1351.4 1.0 1.0 1.0 1.532 0.556 0.359 0.614 1.451 0.01 0.01 0.006 0.014
1351.5 1.0 1.0 1.0 1.532 0.556 0.359 0.614 1.451 0.01 0.01 0.006 0.014
1351.6 1.0 1.0 1.0 1.532 0.556 0.359 0.614 1.451 0.01 0.01 0.006 0.014
1351.7 1.0 1.0 1.0 1.532 0.556 0.359 0.614 1.451 0.01 0.01 0.006 0.014
1351.8 1.0 1.0 1.0 1.532 0.556 0.359 0.614 1.451 0.01 0.01 0.006 0.014
1351.9 1.0 1.0 1.0 1.532 0.556 0.359 0.614 1.451 0.01 0.01 0.006 0.014
1352.0 1.0 1.0 1.0 1.532 0.556 0.359 0.614 1.451 0.01 0.01 0.006 0.014
1352.1 1.0 1.0 1.0 1.532 0.556 0.359 0.614 1.451 0.01 0.01 0.006 0.014
1352.2 1.0 1.0 1.0 1.532 0.556 0.359 0.614 1.451 0.01 0.01 0.006 0.014
1352.3 1.0 1.0 1.0 1.532 0.556 0.359 0.614 1.451 0.01 0.01 0.006 0.014
1352.4 1.0 1.0 1.0 1.532 0.556 0.359 0.614 1.451 0.01 0.01 0.006 0.014
1352.5 1.0 1.0 1.0 1.532 0.556 0.359 0.614 1.451 0.01 0.01 0.006 0.014
1352.6 1.0 1.0 1.0 1.532 0.556 0.359 0.614 1.451 0.01 0.01 0.006 0.014
1352.7 1.0 1.0 1.0 1.532 0.556 0.359 0.614 1.451 0.01 0.01 0.006 0.014
1352.8 1.0 1.0 1.0 1.532 0.556 0.359 0.614 1.451 0.01 0.01 0.006 0.014
1352.9 1.0 1.0 1.0 1.532 0.556 0.359 0.614 1.451 0.01 0.01 0.006 0.014
1353.0 1.0 1.0 1.0 1.532 0.556 0.359 0.614 1.451 0.01 0.01 0.006 0.014
1353.1 1.0 1.0 1.0 1.532 0.556 0.359 0.614 1.451 0.01 0.01 0.006 0.014
1353.2 1.0 1.0 1.0 1.532 0.556 0.359 0.614 1.451 0.01 0.01 0.006 0.014
1353.3 1.0 1.0 1.0 1.532 0.556 0.359 0.614 1.451 0.01 0.01 0.006 0.014
1353.4 1.0 1.0 1.0 1.532 0.556 0.359 0.614 1.451 0.01 0.01 0.006 0.014
1353.5 1.0 1.0 1.0 1.532 0.556 0.359 0.614 1.451 0.01 0.01 0.006 0.014
1353.6 1.0 1.0 1.0 1.532 0.556 0.359 0.614 1.451 0.01 0.01 0.006 0.014
1353.7 1.0 1.0 1.0 1.532 0.556 0.359 0.614 1.451 0.01 0.01 0.006 0.014
1353.8 1.0 1.0 1.0 1.532 0.556 0.359 0.614 1.451 0.01 0.01 0.006 0.014
1353.9 1.0 1.0 1.0 1.532 0.556 0.359 0.614 1.451 0.01 0.01 0.006 0.014
1354.0 1.0 1.0 1.0 1.532 0.556 0.359 0.614 1.451 0.01 0.01 0.006 0.014
1354.1 1.0 1.0 1.0 1.532 0.556 0.359 0.614 1.451 0.01 0.01 0.006 0.014
1354.2 1.0 1.0 1.0 1.532 0.556 0.359 0.614 1.451 0.01 0.01 0.006 0.014
1354.3 1.0 1.0 1.0 1.532 0.556 0.359 0.614 1.451 0.01 0.01 0.006 0.014
1354.4 1.0 1.0 1.0 1.532 0.556 0.359 0.614 1.451 0.01 0.01 0.006 0.014
1354.5 1.0 1.0 1.0 1.532 0.556 0.359 0.614 1.451 0.01 0.01 0.006 0.014
1354.6 1.0 1.0 1.0 1.532 0.556 0.359 0.614 1.451 0.01 0.01 0.006 0.014
1354.7 1.0 1.0 1.0 1.532 0.556 0.359 0.614 1.451 0.01 0.01 0.006 0.014
1354.8 1.0 1.0 1.0 1.532 0.556 0.359 0.614 1.451 0.01 0.01 0.006 0.014
1354.9 1.0 1.0 1.0 1.532 0.556 0.359 0.614 1.451 0.01 0.01 0.006 0.014
1355.0 1.0 1.0 1.0 1.532 0.556 0.359 0.614 1.451 0.01 0.01 0.006 0.014
1355.1 1.0 1.0 1.0 1.532 0.556 0.359 0.614 1.451 0.01 0.01 0.006 0.014
1355.2 1.0 1.0 1.0 1.532 0.556 0.359 0.614 1.451 0.01 0.01 0.006 0.014
1355.3 1.0 1.0 1.0 1.532 0.556 0.359 0.614 1.451 0.01 0.01 0.006 0.014
1355.4 1.0 1.0 1.0 1.532 0.556 0.359 0.614 1.451 0.01 0.01 0.006 0.014
1355.5 1.0 1.0 1.0 1.532 0.556 0.359 0.614 1.451 0.01 0.01 0.006 0.014
1355.6 1.0 1.0 1.0 1.532 0.556 0.359 0.614 1.451 0.01 0.01 0.006 0.014
1355.7 1.0 1.0 1.0 1.532 0.556 0.359 0.614 1.451 0.01 0.01 0.006 0.014
1355.8 1.0 1.0 1.0 1.532 0.556 0.359 0.614 1.451 0.01 0.01 0.006 0.014
1355.9 1.0 1.0 1.0 1.532 0.556 0.359 0.614 1.451 0.01 0.01 0.006 0.014
1356.0 1.0 1.0 1.0 1.532 0.556 0.359 0.614 1.451 0.01 0.01 0.006 0.014
1356.1 1.0 1.0 1.0 1.532 0.556 0.359 0.614 1.451 0.01 0.01 0.006 0.014
1356.2 1.0 1.0 1.0 1.532 0.556 0.359 0.614 1.451 0.01 0.01 0.006 0.014
1356.3 1.0 1.0 1.0 1.532 0.556 0.359 0.614 1.451 0.01 0.01 0.006 0.014
1356.4 1.0 1.0 1.0 1.532 0.556 0.359 0.614 1.451 0.01 0.01 0.006 0.014
1356.5 1.0 1.0 1.0 1.532 0.556 0.359 0.614 1.451 0.01 0.01 0.006 0.014
1356.6 1.0 1.0 1.0 1.532 0.556 0.359 0.614 1.451 0.01 0.01 0.006 0.014
1356.7 1.0 1.0 1.0 1.532 0.556 0.359 0.614 1.451 0.01 0.01 0.006 0.014
1356.8 1.0 1.0 1.0 1.532 0.556 0.359 0.614 1.451 0.01 0.01 0.006 0.014
1356.9 1.0 1.0 1.0 1.532 0.556 0.359 0.614 1.451 0.01 0.01 0.006 0.014
1357.0 1.0 1.0 1.0 1.532 0.556 0.359 0.614 1.451 0.01 0.01 0.006 0.014
1357.1 1.0 1.0 1.0 1.532 0.556 0.359 0.614 1.451 0.01 0.01 0.006 0.014
1357.2 1.0 1.0 1.0 1.532 0.556 0.359 0.614 1.451 0.01 0.01 0.006 0.014
1357.3 1.0 1.0 1.0 1.532 0.556 0.359 0.614 1.451 0.01 0.01 0.006 0.014
1357.4 1.0 1.0 1.0 1.532 0.556 0.359 0.614 1.451 0.01 0.01 0.006 0.014
1357.5 1.0 1.0 1.0 1.532 0.556 0.359 0.614 1.451 0.01 0.01 0.006 0.014
1357.6 1.0 1.0 1.0 1.532 0.556 0.359 0.614 1.451 0.01 0.01 0.006 0.014
1357.7 1.0 1.0 1.0 1.532 0.556 0.359 0.614 1.451 0.01 0.01 0.006 0.014
1357.8 1.0 1.0 1.0 1.532 0.556 0.359 0.614 1.451 0.01 0.01 0.006 0.014
1357.9 1.0 1.0 1.0 1.532 0.556 0.359 0.614 1.451 0.01 0.01 0.006 0.014
1358.0 1.0 1.0 1.0 1.532 0.556 0.359 0.614 1.451 0.01 0.01 0.006 0.014
1358.1 1.0 1.0 1.0 1.532 0.556 0.359 0.614 1.451 0.01 0.01 0.006 0.014
1358.2 1.0 1.0 1.0 1.532 0.556 0.359 0.614 1.451 0.01 0.01 0.006 0.014
1358.3 1.0 1.0 1.0 1.532 0.556 0.359 0.614 1.451 0.01 0.01 0.006 0.014
1358.4 1.0 1.0 1.0 1.532 0.556 0.359 0.614 1.451 0.01 0.01 0.006 0.014
1358.5 1.0 1.0 1.0 1.532 0.556 0.359 0.614 1.451 0.01 0.01 0.006 0.014
1358.6 1.0 1.0 1.0 1.532 0.556 0.359 0.614 1.451 0.01 0.01 0.006 0.014
1358.7 1.0 1.0 1.0 1.532 0.556 0.359 0.614 1.451 0.01 0.01 0.006 0.014
1358.8 1.0 1.0 1.0 1.532 0.556 0.359 0.614 1.451 0.01 0.01 0.006 0.014
1358.9 1.0 1.0 1.0 1.532 0.556 0.359 0.614 1.451 0.01 0.01 0.006 0.014
1359.0 1.0 1.0 1.0 1.532 0.556 0.359 0.614 1.451 0.01 0.01 0.006 0.014
1359.1 1.0 1.0 1.0 1.532 0.556 0.359 0.614 1.451 0.01 0.01 0.006 0.014
1359.2 1.0 1.0 1.0 1.532 0.556 0.359 0.614 1.451 0.01 0.01 0.006 0.014
1359.3 1.0 1.0 1.0 1.532 0.556 0.359 0.614 1.451 0.01 0.01 0.006 0.014
1359.4 1.0 1.0 1.0 1.532 0.556 0.359 0.614 1.451 0.01 0.01 0.006 0.014
1359.5 1.0 1.0 1.0 1.532 0.556 0.359 0.614 1.451 0.01 0.01 0.006 0.014
1359.6 1.0 1.0 1.0 1.532 0.556 0.359 0.614 1.451 0.01 0.01 0.006 0.014
1359.7 1.0 1.0 1.0 1.532 0.556 0.359 0.614 1.451 0.01 0.01 0.006 0.014
1359.8 1.0 1.0 1.0 1.532 0.556 0.359 0.614 1.451 0.01 0.01 0.006 0.014
1359.9 1.0 1.0 1.0 1.532 0.556 0.359 0.614 1.451 0.01 0.01 0.006 0.014
1360.0 1.0 1.0 1.0 1.532 0.556 0.359 0.614 1.451 0.01 0.01 0.006 0.014
1360.1 1.0 1.0 1.0 1.532 0.556 0.359 0.614 1.451 0.01 0.01 0.006 0.014
1360.2 1.0 1.0 1.0 1.532 0.556 0.359 0.614 1.451 0.01 0.01 0.006 0.014
1360.3 1.0 1.0 1.0 1.532 0.556 0.359 0.614 1.451 0.01 0.01 0.006 0.014
1360.4 1.0 1.0 1.0 1.532 0.556 0.359 0.614 1.451 0.01 0.01 0.006 0.014
1360.5 1.0 1.0 1.0 1.532 0.556 0.359 0.614 1.451 0.01 0.01 0.006 0.014
1360.6 1.0 1.0 1.0 1.532 0.556 0.359 0.614 1.451 0.01 0.01 0.006 0.014
1360.7 1.0 1.0 1.0 1.532 0.556 0.359 0.614 1.451 0.01 0.01 0.006 0.014
1360.8 1.0 1.0 1.0 1.532 0.556 0.359 0.614 1.451 0.01 0.01 0.006 0.014
1360.9 1.0 1.0 1.0 1.532 0.556 0.359 0.614 1.451 0.01 0.01 0.006 0.014
1361.0 1.0 1.0 1.0 1.532 0.556 0.359 0.614 1.451 0.01 0.01 0.006 0.014
1361.1 1.0 1.0 1.0 1.532 0.556 0.359 0.614 1.451 0.01 0.01 0.006 0.014
1361.2 1.0 1.0 1.0 1.532 0.556 0.359 0.614 1.451 0.01 0.01 0.006 0.014
1361.3 1.0 1.0 1.0 1.532 0.556 0.359 0.614 1.451 0.01 0.01 0.006 0.014
1361.4 1.0 1.0 1.0 1.532 0.556 0.359 0.614 1.451 0.01 0.01 0.006 0.014
1361.5 1.0 1.0 1.0 1.532 0.556 0.359 0.614 1.451 0.01 0.01 0.006 0.014
1361.6 1.0 1.0 1.0 1.532 0.556 0.359 0.614 1.451 0.01 0.01 0.006 0.014
1361.7 1.0 1.0 1.0 1.532 0.556 0.359 0.614 1.451 0.01 0.01 0.006 0.014
1361.8 1.0 1.0 1.0 1.532 0.556 0.359 0.614 1.451 0.01 0.01 0.006 0.014
1361.9 1.0 1.0 1.0 1.532 0.556 0.359 0.614 1.451 0.01 0.01 0.006 0.014
1362.0 1.0 1.0 1.0 1.532 0.556 0.359 0.614 1.451 0.01 0.01 0.006 0.014
1362.1 1.0 1.0 1.0 1.532 0.556 0.359 0.614 1.451 0.01 0.01 0.006 0.014
1362.2 1.0 1.0 1.0 1.532 0.556 0.359 0.614 1.451 0.01 0.01 0.006 0.014
1362.3 1.0 1.0 1.0 1.532 0.556 0.359 0.614 1.451 0.01 0.01 0.006 0.014
1362.4 1.0 1.0 1.0 1.532 0.556 0.359 0.614 1.451 0.01 0.01 0.006 0.014
1362.5 1.0 1.0 1.0 1.532 0.556 0.359 0.614 1.451 0.01 0.01 0.006 0.014
1362.6 1.0 1.0 1.0 1.532 0.556 0.359 0.614 1.451 0.01 0.01 0.006 0.014
1362.7 1.0 1.0 1.0 1.532 0.556 0.359 0.614 1.451 0.01 0.01 0.006 0.014
1362.8 1.0 1.0 1.0 1.532 0.556 0.359 0.614 1.451 0.01 0.01 0.006 0.014
1362.9 1.0 1.0 1.0 1.532 0.556 0.359 0.614 1.451 0.01 0.01 0.006 0.014
1363.0 1.0 1.0 1.0 1.532 0.556 0.359 0.614 1.451 0.01 0.01 0.006 0.014
1363.1 1.0 1.0 1.0 1.532 0.556 0.359 0.614 1.451 0.01 0.01 0.006 0.014
1363.2 1.0 1.0 1.0 1.532 0.556 0.359 0.614 1.451 0.01 0.01 0.006 0.014
1363.3 1.0 1.0 1.0 1.532 0.556 0.359 0.614 1.451 0.01 0.01 0.006 0.014
1363.4 1.0 1.0 1.0 1.532 0.556 0.359 0.614 1.451 0.01 0.01 0.006 0.014
1363.5 1.0 1.0 1.0 1.532 0.556 0.359 0.614 1.451 0.01 0.01 0.006 0.014
1363.6 1.0 1.0 1.0 1.532 0.556 0.359 0.614 1.451 0.01 0.01 0.006 0.014
1363.7 1.0 1.0 1.0 1.532 0.556 0.359 0.614 1.451 0.01 0.01 0.006 0.014
1363.8 1.0 1.0 1.0 1.532 0.556 0.359 0.614 1.451 0.01 0.01 0.006 0.014
1363.9 1.0 1.0 1.0 1.532 0.556 0.359 0.614 1.451 0.01 0.01 0.006 0.014
1364.0 1.0 1.0 1.0 1.532 0.556 0.359 0.614 1.451 0.01 0.01 0.006 0.014
1364.1 1.0 1.0 1.0 1.532 0.556 0.359 0.614 1.451 0.01 0.01 0.006 0.014
1364.2 1.0 1.0 1.0 1.532 0.556 0.359 0.614 1.451 0.01 0.01 0.006 0.014
1364.3 1.0 1.0 1.0 1.532 0.556 0.359 0.614 1.451 0.01 0.01 0.006 0.014
1364.4 1.0 1.0 1.0 1.532 0.556 0.359 0.614 1.451 0.01 0.01 0.006 0.014
1364.5 1.0 1.0 1.0 1.532 0.556 0.359 0.614 1.451 0.01 0.01 0.006 0.014
1364.6 1.0 1.0 1.0 1.532 0.556 0.359 0.614 1.451 0.01 0.01 0.006 0.014
1364.7 1.0 1.0 1.0 1.532 0.556 0.359 0.614 1.451 0.01 0.01 0.006 0.014
1364.8 1.0 1.0 1.0 1.532 0.556 0.359 0.614 1.451 0.01 0.01 0.006 0.014
1364.9 1.0 1.0 1.0 1.532 0.556 0.359 0.614 1.451 0.01 0.01 0.006 0.014
1365.0 1.0 1.0 1.0 1.532 0.556 0.359 0.614 1.451 0.01 0.01 0.006 0.014
1365.1 1.0 1.0 1.0 1.532 0.556 0.359 0.614 1.451 0.01 0.01 0.006 0.014
1365.2 1.0 1.0 1.0 1.532 0.556 0.359 0.614 1.451 0.01 0.01 0.006 0.014
1365.3 1.0 1.0 1.0 1.532 0.556 0.359 0.614 1.451 0.01 0.01 0.006 0.014
1365.4 1.0 1.0 1.0 1.532 0.556 0.359 0.614 1.451 0.01 0.01 0.006 0.014
1365.5 1.0 1.0 1.0 1.532 0.556 0.359 0.614 1.451 0.01 0.01 0.006 0.014
1365.6 1.0 1.0 1.0 1.532 0.556 0.359 0.614 1.451 0.01 0.01 0.006 0.014
1365.7 1.0 1.0 1.0 1.532 0.556 0.359 0.614 1.451 0.01 0.01 0.006 0.014
1365.8 1.0 1.0 1.0 1.532 0.556 0.359 0.614 1.451 0.01 0.01 0.006 0.014
1365.9 1.0 1.0 1.0 1.532 0.556 0.359 0.614 1.451 0.01 0.01 0.006 0.014
1366.0 1.0 1.0 1.0 1.532 0.556 0.359 0.614 1.451 0.01 0.01 0.006 0.014
1366.1 1.0 1.0 1.0 1.532 0.556 0.359 0.614 1.451 0.01 0.01 0.006 0.014
1366.2 1.0 1.0 1.0 1.532 0.556 0.359 0.614 1.451 0.01 0.01 0.006 0.014
1366.3 1.0 1.0 1.0 1.532 0.556 0.359 0.614 1.451 0.01 0.01 0.006 0.014
1366.4 1.0 1.0 1.0 1.532 0.556 0.359 0.614 1.451 0.01 0.01 0.006 0.014
1366.5 1.0 1.0 1.0 1.532 0.556 0.359 0.614 1.451 0.01 0.01 0.006 0.014
1366.6 1.0 1.0 1.0 1.532 0.556 0.359 0.614 1.451 0.01 0.01 0.006 0.014
1366.7 1.0 1.0 1.0 1.532 0.556 0.359 0.614 1.451 0.01 0.01 0.006 0.014
1366.8 1.0 1.0 1.0 1.532 0.556 0.359 0.614 1.451 0.01 0.01 0.006 0.014
1366.9 1.0 1.0 1.0 1.532 0.556 0.359 0.614 1.451 0.01 0.01 0.006 0.014
1367.0 1.0 1.0 1.0 1.532 0.556 0.359 0.614 1.451 0.01 0.01 0.006 0.014
1367.1 1.0 1.0 1.0 1.532 0.556 0.359 0.614 1.451 0.01 0.01 0.006 0.014
1367.2 1.0 1.0 1.0 1.532 0.556 0.359 0.614 1.451 0.01 0.01 0.006 0.014
1367.3 1.0 1.0 1.0 1.532 0.556 0.359 0.614 1.451 0.01 0.01 0.006 0.014
1367.4 1.0 1.0 1.0 1.532 0.556 0.359 0.614 1.451 0.01 0.01 0.006 0.014
1367.5 1.0 1.0 1.0 1.532 0.556 0.359 0.614 1.451 0.01 0.01 0.006 0.014
1367.6 1.0 1.0 1.0 1.532 0.556 0.359 0.614 1.451 0.01 0.01 0.006 0.014
1367.7 1.0 1.0 1.0 1.532 0.556 0.359 0.614 1.451 0.01 0.01 0.006 0.014
1367.8 1.0 1.0 1.0 1.532 0.556 0.359 0.614 1.451 0.01 0.01 0.006 0.014
1367.9 1.0 1.0 1.0 1.532 0.556 0.359 0.614 1.451 0.01 0.01 0.006 0.014
1368.0 1.0 1.0 1.0 1.532 0.556 0.359 0.614 1.451 0.01 0.01 0.006 0.014
1368.1 1.0 1.0 1.0 1.532 0.556 0.359 0.614 1.451 0.01 0.01 0.006 0.014
1368.2 1.0 1.0 1.0 1.532 0.556 0.359 0.614 1.451 0.01 0.01 0.006 0.014
1368.3 1.0 1.0 1.0 1.532 0.556 0.359 0.614 1.451 0.01 0.01 0.006 0.014
1368.4 1.0 1.0 1.0 1.532 0.556 0.359 0.614 1.451 0.01 0.01 0.006 0.014
1368.5 1.0 1.0 1.0 1.532 0.556 0.359 0.614 1.451 0.01 0.01 0.006 0.014
1368.6 1.0 1.0 1.0 1.532 0.556 0.359 0.614 1.451 0.01 0.01 0.006 0.014
1368.7 1.0 1.0 1.0 1.532 0.556 0.359 0.614 1.451 0.01 0.01 0.006 0.014
1368.8 1.0 1.0 1.0 1.532 0.556 0.359 0.614 1.451 0.01 0.01 0.006 0.014
1368.9 1.0 1.0 1.0 1.532 0.556 0.359 0.614 1.451 0.01 0.01 0.006 0.014
1369.0 1.0 1.0 1.0 1.531 0.556 0.359 0.614 1.451 0.01 0.01 0.006 0.014
1369.1 1.0 1.0 1.0 1.531 0.556 0.359 0.614 1.451 0.01 0.01 0.006 0.014
1369.2 1.0 1.0 1.0 1.531 0.556 0.359 0.614 1.451 0.01 0.01 0.006 0.014
1369.3 1.0 1.0 1.0 1.531 0.556 0.359 0.614 1.451 0.01 0.01 0.006 0.014
1369.4 1.0 1.0 1.0 1.531 0.556 0.359 0.614 1.451 0.01 0.01 0.006 0.014
1369.5 1.0 1.0 1.0 1.531 0.556 0.359 0.614 1.451 0.01 0.01 0.006 0.014
1369.6 1.0 1.0 1.0 1.531 0.556 0.359 0.614 1.451 0.01 0.01 0.006 0.014
1369.7 1.0 1.0 1.0 1.531 0.556 0.359 0.614 1.451 0.01 0.01 0.006 0.014
1369.8 1.0 1.0 1.0 1.531 0.556 0.359 0.614 1.451 0.01 0.01 0.006 0.014
1369.9 1.0 1.0 1.0 1.531 0.556 0.359 0.614 1.451 0.01 0.01 0.006 0.014
1370.0 1.0 1.0 1.0 1.531 0.556 0.359 0.614 1.451 0.01 0.01 0.006 0.014
1370.1 1.0 1.0 1.0 1.531 0.556 0.359 0.614 1.451 0.01 0.01 0.006 0.014
1370.2 1.0 1.0 1.0 1.531 0.556 0.359 0.614 1.451 0.01 0.01 0.006 0.014
1370.3 1.0 1.0 1.0 1.531 0.556 0.359 0.614 1.451 0.01 0.01 0.006 0.014
1370.4 1.0 1.0 1.0 1.531 0.556 0.359 0.614 1.451 0.01 0.01 0.006 0.014
1370.5 1.0 1.0 1.0 1.531 0.556 0.359 0.614 1.451 0.01 0.01 0.006 0.014
1370.6 1.0 1.0 1.0 1.531 0.556 0.359 0.614 1.451 0.01 0.01 0.006 0.014
1370.7 1.0 1.0 1.0 1.531 0.556 0.359 0.614 1.451 0.01 0.01 0.006 0.014
1370.8 1.0 1.0 1.0 1.531 0.556 0.359 0.614 1.451 0.01 0.01 0.006 0.014
1370.9 1.0 1.0 1.0 1.531 0.556 0.359 0.614 1.451 0.01 0.01 0.006 0.014
1371.0 1.0 1.0 1.0 1.531 0.556 0.359 0.614 1.451 0.01 0.01 0.006 0.014
1371.1 1.0 1.0 1.0 1.531 0.556 0.359 0.614 1.451 0.01 0.01 0.006 0.014
1371.2 1.0 1.0 1.0 1.531 0.556 0.359 0.614 1.451 0.01 0.01 0.006 0.014
1371.3 1.0 1.0 1.0 1.531 0.556 0.359 0.614 1.451 0.01 0.01 0.006 0.014
1371.4 1.0 1.0 1.0 1.531 0.556 0.359 0.614 1.451 0.01 0.01 0.006 0.014
1371.5 1.0 1.0 1.0 1.531 0.556 0.359 0.614 1.451 0.01 0.01 0.006 0.014
1371.6 1.0 1.0 1.0 1.531 0.556 0.359 0.614 1.451 0.01 0.01 0.006 0.014
1371.7 1.0 1.0 1.0 1.531 0.556 0.359 0.614 1.451 0.01 0.01 0.006 0.014
1371.8 1.0 1.0 1.0 1.531 0.556 0.359 0.614 1.451 0.01 0.01 0.006 0.014
1371.9 1.0 1.0 1.0 1.531 0.556 0.359 0.614 1.451 0.01 0.01 0.006 0.014
1372.0 1.0 1.0 1.0 1.531 0.556 0.359 0.614 1.451 0.01 0.01 0.006 0.014
1372.1 1.0 1.0 1.0 1.531 0.556 0.359 0.614 1.451 0.01 0.01 0.006 0.014
1372.2 1.0 1.0 1.0 1.531 0.556 0.359 0.614 1.451 0.01 0.01 0.006 0.014
1372.3 1.0 1.0 1.0 1.531 0.556 0.359 0.614 1.451 0.01 0.01 0.006 0.014
1372.4 1.0 1.0 1.0 1.531 0.556 0.359 0.614 1.451 0.01 0.01 0.006 0.014
1372.5 1.0 1.0 1.0 1.531 0.556 0.359 0.614 1.451 0.01 0.01 0.006 0.014
1372.6 1.0 1.0 1.0 1.531 0.556 0.359 0.614 1.451 0.01 0.01 0.006 0.014
1372.7 1.0 1.0 1.0 1.531 0.556 0.359 0.614 1.451 0.01 0.01 0.006 0.014
1372.8 1.0 1.0 1.0 1.531 0.556 0.359 0.614 1.451 0.01 0.01 0.006 0.014
1372.9 1.0 1.0 1.0 1.531 0.556 0.359 0.614 1.451 0.01 0.01 0.006 0.014
1373.0 1.0 1.0 1.0 1.531 0.556 0.359 0.614 1.451 0.01 0.01 0.006 0.014
1373.1 1.0 1.0 1.0 1.531 0.556 0.359 0.614 1.451 0.01 0.01 0.006 0.014
1373.2 1.0 1.0 1.0 1.531 0.556 0.359 0.614 1.451 0.01 0.01 0.006 0.014
1373.3 1.0 1.0 1.0 1.531 0.556 0.359 0.614 1.451 0.01 0.01 0.006 0.014
1373.4 1.0 1.0 1.0 1.531 0.556 0.359 0.614 1.451 0.01 0.01 0.006 0.014
1373.5 1.0 1.0 1.0 1.531 0.556 0.359 0.614 1.451 0.01 0.01 0.006 0.014
1373.6 1.0 1.0 1.0 1.531 0.556 0.359 0.614 1.451 0.01 0.01 0.006 0.014
1373.7 1.0 1.0 1.0 1.531 0.556 0.359 0.614 1.451 0.01 0.01 0.006 0.014
1373.8 1.0 1.0 1.0 1.531 0.556 0.359 0.614 1.451 0.01 0.01 0.006 0.014
1373.9 1.0 1.0 1.0 1.531 0.556 0.359 0.614 1.451 0.01 0.01 0.006 0.014
1374.0 1.0 1.0 1.0 1.531 0.556 0.359 0.614 1.451 0.01 0.01 0.006 0.014
1374.1 1.0 1.0 1.0 1.531 0.556 0.359 0.614 1.451 0.01 0.01 0.006 0.014
1374.2 1.0 1.0 1.0 1.531 0.556 0.359 0.614 1.451 0.01 0.01 0.006 0.014
1374.3 1.0 1.0 1.0 1.531 0.556 0.359 0.614 1.451 0.01 0.01 0.006 0.014
1374.4 1.0 1.0 1.0 1.531 0.556 0.359 0.614 1.451 0.01 0.01 0.006 0.014
1374.5 1.0 1.0 1.0 1.531 0.556 0.359 0.614 1.451 0.01 0.01 0.006 0.014
1374.6 1.0 1.0 1.0 1.531 0.556 0.359 0.614 1.451 0.01 0.01 0.006 0.014
1374.7 1.0 1.0 1.0 1.531 0.556 0.359 0.614 1.451 0.01 0.01 0.006 0.014
1374.8 1.0 1.0 1.0 1.531 0.556 0.359 0.614 1.451 0.01 0.01 0.006 0.014
1374.9 1.0 1.0 1.0 1.531 0.556 0.359 0.614 1.451 0.01 0.01 0.006 0.014
1375.0 1.0 1.0 1.0 1.531 0.556 0.359 0.614 1.451 0.01 0.01 0.006 0.014
1375.1 1.0 1.0 1.0 1.531 0.556 0.359 0.614 1.451 0.01 0.01 0.006 0.014
1375.2 1.0 1.0 1.0 1.531 0.556 0.359 0.614 1.451 0.01 0.01 0.006 0.014
1375.3 1.0 1.0 1.0 1.531 0.556 0.359 0.614 1.451 0.01 0.01 0.006 0.014
1375.4 1.0 1.0 1.0 1.531 0.556 0.359 0.614 1.451 0.01 0.01 0.006 0.014
1375.5 1.0 1.0 1.0 1.531 0.556 0.359 0.614 1.451 0.01 0.01 0.006 0.014
1375.6 1.0 1.0 1.0 1.531 0.556 0.359 0.614 1.451 0.01 0.01 0.006 0.014
1375.7 1.0 1.0 1.0 1.531 0.556 0.359 0.614 1.451 0.01 0.01 0.006 0.014
1375.8 1.0 1.0 1.0 1.531 0.556 0.359 0.614 1.451 0.01 0.01 0.006 0.014
1375.9 1.0 1.0 1.0 1.531 0.556 0.359 0.614 1.451 0.01 0.01 0.006 0.014
1376.0 1.0 1.0 1.0 1.531 0.556 0.359 0.614 1.451 0.01 0.01 0.006 0.014
1376.1 1.0 1.0 1.0 1.531 0.556 0.359 0.614 1.451 0.01 0.01 0.006 0.014
1376.2 1.0 1.0 1.0 1.531 0.556 0.359 0.614 1.451 0.01 0.01 0.006 0.014
1376.3 1.0 1.0 1.0 1.531 0.556 0.359 0.614 1.451 0.01 0.01 0.006 0.014
1376.4 1.0 1.0 1.0 1.531 0.556 0.359 0.614 1.451 0.01 0.01 0.006 0.014
1376.5 1.0 1.0 1.0 1.531 0.556 0.359 0.614 1.451 0.01 0.01 0.006 0.014
1376.6 1.0 1.0 1.0 1.531 0.556 0.359 0.614 1.451 0.01 0.01 0.006 0.014
1376.7 1.0 1.0 1.0 1.531 0.556 0.359 0.614 1.451 0.01 0.01 0.006 0.014
1376.8 1.0 1.0 1.0 1.531 0.556 0.359 0.614 1.451 0.01 0.01 0.006 0.014
1376.9 1.0 1.0 1.0 1.531 0.556 0.359 0.614 1.451 0.01 0.01 0.006 0.014
1377.0 1.0 1.0 1.0 1.531 0.556 0.359 0.614 1.451 0.01 0.01 0.006 0.014
1377.1 1.0 1.0 1.0 1.531 0.556 0.359 0.614 1.451 0.01 0.01 0.006 0.014
1377.2 1.0 1.0 1.0 1.531 0.556 0.359 0.614 1.451 0.01 0.01 0.006 0.014
1377.3 1.0 1.0 1.0 1.531 0.556 0.359 0.614 1.451 0.01 0.01 0.006 0.014
1377.4 1.0 1.0 1.0 1.531 0.556 0.359 0.614 1.451 0.01 0.01 0.006 0.014
1377.5 1.0 1.0 1.0 1.531 0.556 0.359 0.614 1.451 0.01 0.01 0.006 0.014
1377.6 1.0 1.0 1.0 1.531 0.556 0.359 0.614 1.451 0.01 0.01 0.006 0.014
1377.7 1.0 1.0 1.0 1.531 0.556 0.359 0.614 1.451 0.01 0.01 0.006 0.014
1377.8 1.0 1.0 1.0 1.531 0.556 0.359 0.614 1.451 0.01 0.01 0.006 0.014
1377.9 1.0 1.0 1.0 1.531 0.556 0.359 0.614 1.451 0.01 0.01 0.006 0.014
1378.0 1.0 1.0 1.0 1.531 0.556 0.359 0.614 1.451 0.01 0.01 0.006 0.014
1378.1 1.0 1.0 1.0 1.531 0.556 0.359 0.614 1.451 0.01 0.01 0.006 0.014
1378.2 1.0 1.0 1.0 1.531 0.556 0.359 0.614 1.451 0.01 0.01 0.006 0.014
1378.3 1.0 1.0 1.0 1.531 0.556 0.359 0.614 1.451 0.01 0.01 0.006 0.014
1378.4 1.0 1.0 1.0 1.531 0.556 0.359 0.614 1.451 0.01 0.01 0.006 0.014
1378.5 1.0 1.0 1.0 1.531 0.556 0.359 0.614 1.451 0.01 0.01 0.006 0.014
1378.6 1.0 1.0 1.0 1.531 0.556 0.359 0.614 1.451 0.01 0.01 0.006 0.014
1378.7 1.0 1.0 1.0 1.531 0.556 0.359 0.614 1.451 0.01 0.01 0.006 0.014
1378.8 1.0 1.0 1.0 1.531 0.556 0.359 0.614 1.451 0.01 0.01 0.006 0.014
1378.9 1.0 1.0 1.0 1.531 0.556 0.359 0.614 1.451 0.01 0.01 0.006 0.014
1379.0 1.0 1.0 1.0 1.531 0.556 0.359 0.614 1.451 0.01 0.01 0.006 0.014
1379.1 1.0 1.0 1.0 1.531 0.556 0.359 0.614 1.451 0.01 0.01 0.006 0.014
1379.2 1.0 1.0 1.0 1.531 0.556 0.359 0.614 1.451 0.01 0.01 0.006 0.014
1379.3 1.0 1.0 1.0 1.531 0.556 0.359 0.614 1.451 0.01 0.01 0.006 0.014
1379.4 1.0 1.0 1.0 1.531 0.556 0.359 0.614 1.451 0.01 0.01 0.006 0.014
1379.5 1.0 1.0 1.0 1.531 0.556 0.359 0.614 1.451 0.01 0.01 0.006 0.014
1379.6 1.0 1.0 1.0 1.531 0.556 0.359 0.614 1.451 0.01 0.01 0.006 0.014
1379.7 1.0 1.0 1.0 1.531 0.556 0.359 0.614 1.451 0.01 0.01 0.006 0.014
1379.8 1.0 1.0 1.0 1.531 0.556 0.359 0.614 1.451 0.01 0.01 0.006 0.014
1379.9 1.0 1.0 1.0 1.531 0.556 0.359 0.614 1.451 0.01 0.01 0.006 0.014
1380.0 1.0 1.0 1.0 1.531 0.556 0.359 0.614 1.451 0.01 0.01 0.006 0.014
1380.1 1.0 1.0 1.0 1.531 0.556 0.359 0.614 1.451 0.01 0.01 0.006 0.014
1380.2 1.0 1.0 1.0 1.531 0.556 0.359 0.614 1.451 0.01 0.01 0.006 0.014
1380.3 1.0 1.0 1.0 1.531 0.556 0.359 0.614 1.451 0.01 0.01 0.006 0.014
1380.4 1.0 1.0 1.0 1.531 0.556 0.359 0.614 1.451 0.01 0.01 0.006 0.014
1380.5 1.0 1.0 1.0 1.531 0.556 0.359 0.614 1.451 0.01 0.01 0.006 0.014
1380.6 1.0 1.0 1.0 1.531 0.556 0.359 0.614 1.451 0.01 0.01 0.006 0.014
1380.7 1.0 1.0 1.0 1.531 0.556 0.359 0.614 1.451 0.01 0.01 0.006 0.014
1380.8 1.0 1.0 1.0 1.531 0.556 0.359 0.614 1.451 0.01 0.01 0.006 0.014
1380.9 1.0 1.0 1.0 1.531 0.556 0.359 0.614 1.451 0.01 0.01 0.006 0.014
1381.0 1.0 1.0 1.0 1.531 0.556 0.359 0.614 1.451 0.01 0.01 0.006 0.014
1381.1 1.0 1.0 1.0 1.531 0.556 0.359 0.614 1.451 0.01 0.01 0.006 0.014
1381.2 1.0 1.0 1.0 1.531 0.556 0.359 0.614 1.451 0.01 0.01 0.006 0.014
1381.3 1.0 1.0 1.0 1.531 0.556 0.359 0.614 1.451 0.01 0.01 0.006 0.014
1381.4 1.0 1.0 1.0 1.531 0.556 0.359 0.614 1.451 0.01 0.01 0.006 0.014
1381.5 1.0 1.0 1.0 1.531 0.556 0.359 0.614 1.451 0.01 0.01 0.006 0.014
1381.6 1.0 1.0 1.0 1.531 0.556 0.359 0.614 1.451 0.01 0.01 0.006 0.014
1381.7 1.0 1.0 1.0 1.531 0.556 0.359 0.614 1.451 0.01 0.01 0.006 0.014
1381.8 1.0 1.0 1.0 1.531 0.556 0.359 0.614 1.451 0.01 0.01 0.006 0.014
1381.9 1.0 1.0 1.0 1.531 0.556 0.359 0.614 1.451 0.01 0.01 0.006 0.014
1382.0 1.0 1.0 1.0 1.531 0.556 0.359 0.614 1.451 0.01 0.01 0.006 0.014
1382.1 1.0 1.0 1.0 1.531 0.556 0.359 0.614 1.451 0.01 0.01 0.006 0.014
1382.2 1.0 1.0 1.0 1.531 0.556 0.359 0.614 1.451 0.01 0.01 0.006 0.014
1382.3 1.0 1.0 1.0 1.531 0.556 0.359 0.614 1.451 0.01 0.01 0.006 0.014
1382.4 1.0 1.0 1.0 1.531 0.556 0.359 0.614 1.451 0.01 0.01 0.006 0.014
1382.5 1.0 1.0 1.0 1.531 0.556 0.359 0.614 1.451 0.01 0.01 0.006 0.014
1382.6 1.0 1.0 1.0 1.531 0.556 0.359 0.614 1.451 0.01 0.01 0.006 0.014
1382.7 1.0 1.0 1.0 1.531 0.556 0.359 0.614 1.451 0.01 0.01 0.006 0.014
1382.8 1.0 1.0 1.0 1.531 0.556 0.359 0.614 1.451 0.01 0.01 0.006 0.014
1382.9 1.0 1.0 1.0 1.531 0.556 0.359 0.614 1.451 0.01 0.01 0.006 0.014
1383.0 1.0 1.0 1.0 1.531 0.556 0.359 0.614 1.451 0.01 0.01 0.006 0.014
1383.1 1.0 1.0 1.0 1.531 0.556 0.359 0.614 1.451 0.01 0.01 0.006 0.014
1383.2 1.0 1.0 1.0 1.531 0.556 0.359 0.614 1.451 0.01 0.01 0.006 0.014
1383.3 1.0 1.0 1.0 1.531 0.556 0.359 0.614 1.451 0.01 0.01 0.006 0.014
1383.4 1.0 1.0 1.0 1.531 0.556 0.359 0.614 1.451 0.01 0.01 0.006 0.014
1383.5 1.0 1.0 1.0 1.531 0.556 0.359 0.614 1.451 0.01 0.01 0.006 0.014
1383.6 1.0 1.0 1.0 1.531 0.556 0.359 0.614 1.451 0.01 0.01 0.006 0.014
1383.7 1.0 1.0 1.0 1.531 0.556 0.359 0.614 1.451 0.01 0.01 0.006 0.014
1383.8 1.0 1.0 1.0 1.531 0.556 0.359 0.614 1.451 0.01 0.01 0.006 0.014
1383.9 1.0 1.0 1.0 1.531 0.556 0.359 0.614 1.451 0.01 0.01 0.006 0.014
1384.0 1.0 1.0 1.0 1.531 0.556 0.359 0.614 1.451 0.01 0.01 0.006 0.014
1384.1 1.0 1.0 1.0 1.531 0.556 0.359 0.614 1.451 0.01 0.01 0.006 0.014
1384.2 1.0 1.0 1.0 1.531 0.556 0.359 0.614 1.451 0.01 0.01 0.006 0.014
1384.3 1.0 1.0 1.0 1.531 0.556 0.359 0.614 1.451 0.01 0.01 0.006 0.014
1384.4 1.0 1.0 1.0 1.531 0.556 0.359 0.614 1.451 0.01 0.01 0.006 0.014
1384.5 1.0 1.0 1.0 1.531 0.556 0.359 0.614 1.451 0.01 0.01 0.006 0.014
1384.6 1.0 1.0 1.0 1.531 0.556 0.359 0.614 1.451 0.01 0.01 0.006 0.014
1384.7 1.0 1.0 1.0 1.531 0.556 0.359 0.614 1.451 0.01 0.01 0.006 0.014
1384.8 1.0 1.0 1.0 1.531 0.556 0.359 0.614 1.451 0.01 0.01 0.006 0.014
1384.9 1.0 1.0 1.0 1.531 0.556 0.359 0.614 1.451 0.01 0.01 0.006 0.014
1385.0 1.0 1.0 1.0 1.531 0.556 0.359 0.614 1.451 0.01 0.01 0.006 0.014
1385.1 1.0 1.0 1.0 1.531 0.556 0.359 0.614 1.451 0.01 0.01 0.006 0.014
1385.2 1.0 1.0 1.0 1.531 0.556 0.359 0.614 1.451 0.01 0.01 0.006 0.014
1385.3 1.0 1.0 1.0 1.531 0.556 0.359 0.614 1.451 0.01 0.01 0.006 0.014
1385.4 1.0 1.0 1.0 1.531 0.556 0.359 0.614 1.451 0.01 0.01 0.006 0.014
1385.5 1.0 1.0 1.0 1.531 0.556 0.359 0.614 1.451 0.01 0.01 0.006 0.014
1385.6 1.0 1.0 1.0 1.531 0.556 0.359 0.614 1.451 0.01 0.01 0.006 0.014
1385.7 1.0 1.0 1.0 1.531 0.556 0.359 0.614 1.451 0.01 0.01 0.006 0.014
1385.8 1.0 1.0 1.0 1.531 0.556 0.359 0.614 1.451 0.01 0.01 0.006 0.014
1385.9 1.0 1.0 1.0 1.531 0.556 0.359 0.614 1.451 0.01 0.01 0.006 0.014
1386.0 1.0 1.0 1.0 1.531 0.556 0.359 0.614 1.451 0.01 0.01 0.006 0.014
1386.1 1.0 1.0 1.0 1.531 0.556 0.359 0.614 1.451 0.01 0.01 0.006 0.014
1386.2 1.0 1.0 1.0 1.531 0.556 0.359 0.614 1.451 0.01 0.01 0.006 0.014
1386.3 1.0 1.0 1.0 1.531 0.556 0.359 0.614 1.451 0.01 0.01 0.006 0.014
1386.4 1.0 1.0 1.0 1.531 0.556 0.359 0.614 1.451 0.01 0.01 0.006 0.014
1386.5 1.0 1.0 1.0 1.531 0.556 0.359 0.614 1.451 0.01 0.01 0.006 0.014
1386.6 1.0 1.0 1.0 1.531 0.556 0.359 0.614 1.451 0.01 0.01 0.006 0.014
1386.7 1.0 1.0 1.0 1.531 0.556 0.359 0.614 1.451 0.01 0.01 0.006 0.014
1386.8 1.0 1.0 1.0 1.531 0.556 0.359 0.614 1.451 0.01 0.01 0.006 0.014
1386.9 1.0 1.0 1.0 1.531 0.556 0.359 0.614 1.451 0.01 0.01 0.006 0.014
1387.0 1.0 1.0 1.0 1.531 0.556 0.359 0.614 1.451 0.01 0.01 0.006 0.014
1387.1 1.0 1.0 1.0 1.531 0.556 0.359 0.614 1.451 0.01 0.01 0.006 0.014
1387.2 1.0 1.0 1.0 1.531 0.556 0.359 0.614 1.451 0.01 0.01 0.006 0.014
1387.3 1.0 1.0 1.0 1.531 0.556 0.359 0.614 1.451 0.01 0.01 0.006 0.014
1387.4 1.0 1.0 1.0 1.531 0.556 0.359 0.614 1.451 0.01 0.01 0.006 0.014
1387.5 1.0 1.0 1.0 1.531 0.556 0.359 0.614 1.451 0.01 0.01 0.006 0.014
1387.6 1.0 1.0 1.0 1.531 0.556 0.359 0.614 1.451 0.01 0.01 0.006 0.014
1387.7 1.0 1.0 1.0 1.531 0.556 0.359 0.614 1.451 0.01 0.01 0.006 0.014
1387.8 1.0 1.0 1.0 1.531 0.556 0.359 0.614 1.451 0.01 0.01 0.006 0.014
1387.9 1.0 1.0 1.0 1.531 0.556 0.359 0.614 1.451 0.01 0.01 0.006 0.014
1388.0 1.0 1.0 1.0 1.531 0.556 0.359 0.614 1.451 0.01 0.01 0.006 0.014
1388.1 1.0 1.0 1.0 1.531 0.556 0.359 0.614 1.451 0.01 0.01 0.006 0.014
1388.2 1.0 1.0 1.0 1.531 0.556 0.359 0.614 1.451 0.01 0.01 0.006 0.014
1388.3 1.0 1.0 1.0 1.531 0.556 0.359 0.614 1.451 0.01 0.01 0.006 0.014
1388.4 1.0 1.0 1.0 1.531 0.556 0.359 0.614 1.451 0.01 0.01 0.006 0.014
1388.5 1.0 1.0 1.0 1.531 0.556 0.359 0.614 1.451 0.01 0.01 0.006 0.014
1388.6 1.0 1.0 1.0 1.531 0.556 0.359 0.614 1.451 0.01 0.01 0.006 0.014
1388.7 1.0 1.0 1.0 1.531 0.556 0.359 0.614 1.451 0.01 0.01 0.006 0.014
1388.8 1.0 1.0 1.0 1.531 0.556 0.359 0.614 1.451 0.01 0.01 0.006 0.014
1388.9 1.0 1.0 1.0 1.531 0.556 0.359 0.614 1.451 0.01 0.01 0.006 0.014
1389.0 1.0 1.0 1.0 1.531 0.556 0.359 0.614 1.451 0.01 0.01 0.006 0.014
1389.1 1.0 1.0 1.0 1.531 0.556 0.359 0.614 1.451 0.01 0.01 0.006 0.014
1389.2 1.0 1.0 1.0 1.531 0.556 0.359 0.614 1.451 0.01 0.01 0.006 0.014
1389.3 1.0 1.0 1.0 1.531 0.556 0.359 0.614 1.451 0.01 0.01 0.006 0.014
1389.4 1.0 1.0 1.0 1.531 0.556 0.359 0.614 1.451 0.01 0.01 0.006 0.014
1389.5 1.0 1.0 1.0 1.531 0.556 0.359 0.614 1.451 0.01 0.01 0.006 0.014
1389.6 1.0 1.0 1.0 1.531 0.556 0.359 0.614 1.451 0.01 0.01 0.006 0.014
1389.7 1.0 1.0 1.0 1.531 0.556 0.359 0.614 1.451 0.01 0.01 0.006 0.014
1389.8 1.0 1.0 1.0 1.531 0.556 0.359 0.614 1.451 0.01 0.01 0.006 0.014
1389.9 1.0 1.0 1.0 1.531 0.556 0.359 0.614 1.451 0.01 0.01 0.006 0.014
1390.0 1.0 1.0 1.0 1.531 0.556 0.359 0.614 1.451 0.01 0.01 0.006 0.014
1390.1 1.0 1.0 1.0 1.531 0.556 0.359 0.614 1.451 0.01 0.01 0.006 0.014
1390.2 1.0 1.0 1.0 1.531 0.556 0.359 0.614 1.451 0.01 0.01 0.006 0.014
1390.3 1.0 1.0 1.0 1.531 0.556 0.359 0.614 1.451 0.01 0.01 0.006 0.014
1390.4 1.0 1.0 1.0 1.531 0.556 0.359 0.614 1.451 0.01 0.01 0.006 0.014
1390.5 1.0 1.0 1.0 1.531 0.556 0.359 0.614 1.451 0.01 0.01 0.006 0.014
1390.6 1.0 1.0 1.0 1.531 0.556 0.359 0.614 1.451 0.01 0.01 0.006 0.014
1390.7 1.0 1.0 1.0 1.531 0.556 0.359 0.614 1.451 0.01 0.01 0.006 0.014
1390.8 1.0 1.0 1.0 1.531 0.556 0.359 0.614 1.451 0.01 0.01 0.006 0.014
1390.9 1.0 1.0 1.0 1.531 0.556 0.359 0.614 1.451 0.01 0.01 0.006 0.014
1391.0 1.0 1.0 1.0 1.531 0.556 0.359 0.614 1.451 0.01 0.01 0.006 0.014
1391.1 1.0 1.0 1.0 1.531 0.556 0.359 0.614 1.451 0.01 0.01 0.006 0.014
1391.2 1.0 1.0 1.0 1.531 0.556 0.359 0.614 1.451 0.01 0.01 0.006 0.014
1391.3 1.0 1.0 1.0 1.531 0.556 0.359 0.614 1.451 0.01 0.01 0.006 0.014
1391.4 1.0 1.0 1.0 1.531 0.556 0.359 0.614 1.451 0.01 0.01 0.006 0.014
1391.5 1.0 1.0 1.0 1.531 0.556 0.359 0.614 1.451 0.01 0.01 0.006 0.014
1391.6 1.0 1.0 1.0 1.531 0.556 0.359 0.614 1.451 0.01 0.01 0.006 0.014
1391.7 1.0 1.0 1.0 1.531 0.556 0.359 0.614 1.451 0.01 0.01 0.006 0.014
1391.8 1.0 1.0 1.0 1.531 0.556 0.359 0.614 1.451 0.01 0.01 0.006 0.014
1391.9 1.0 1.0 1.0 1.531 0.556 0.359 0.614 1.451 0.01 0.01 0.006 0.014
1392.0 1.0 1.0 1.0 1.531 0.556 0.359 0.614 1.451 0.01 0.01 0.006 0.014
1392.1 1.0 1.0 1.0 1.531 0.556 0.359 0.614 1.451 0.01 0.01 0.006 0.014
1392.2 1.0 1.0 1.0 1.531 0.556 0.359 0.614 1.451 0.01 0.01 0.006 0.014
1392.3 1.0 1.0 1.0 1.531 0.556 0.359 0.614 1.451 0.01 0.01 0.006 0.014
1392.4 1.0 1.0 1.0 1.531 0.556 0.359 0.614 1.451 0.01 0.01 0.006 0.014
1392.5 1.0 1.0 1.0 1.531 0.556 0.359 0.614 1.451 0.01 0.01 0.006 0.014
1392.6 1.0 1.0 1.0 1.531 0.556 0.359 0.614 1.451 0.01 0.01 0.006 0.014
1392.7 1.0 1.0 1.0 1.531 0.556 0.359 0.614 1.451 0.01 0.01 0.006 0.014
1392.8 1.0 1.0 1.0 1.531 0.556 0.359 0.614 1.451 0.01 0.01 0.006 0.014
1392.9 1.0 1.0 1.0 1.531 0.556 0.359 0.614 1.451 0.01 0.01 0.006 0.014
1393.0 1.0 1.0 1.0 1.531 0.556 0.359 0.614 1.451 0.01 0.01 0.006 0.014
1393.1 1.0 1.0 1.0 1.531 0.556 0.359 0.614 1.451 0.01 0.01 0.006 0.014
1393.2 1.0 1.0 1.0 1.531 0.556 0.359 0.614 1.451 0.01 0.01 0.006 0.014
1393.3 1.0 1.0 1.0 1.531 0.556 0.359 0.614 1.451 0.01 0.01 0.006 0.014
1393.4 1.0 1.0 1.0 1.531 0.556 0.359 0.614 1.451 0.01 0.01 0.006 0.014
1393.5 1.0 1.0 1.0 1.531 0.556 0.359 0.614 1.451 0.01 0.01 0.006 0.014
1393.6 1.0 1.0 1.0 1.531 0.556 0.359 0.614 1.451 0.01 0.01 0.006 0.014
1393.7 1.0 1.0 1.0 1.531 0.556 0.359 0.614 1.451 0.01 0.01 0.006 0.014
1393.8 1.0 1.0 1.0 1.531 0.556 0.359 0.614 1.451 0.01 0.01 0.006 0.014
1393.9 1.0 1.0 1.0 1.531 0.556 0.359 0.614 1.451 0.01 0.01 0.006 0.014
1394.0 1.0 1.0 1.0 1.531 0.556 0.359 0.614 1.451 0.01 0.01 0.006 0.014
1394.1 1.0 1.0 1.0 1.531 0.556 0.359 0.614 1.451 0.01 0.01 0.006 0.014
1394.2 1.0 1.0 1.0 1.531 0.556 0.359 0.614 1.451 0.01 0.01 0.006 0.014
1394.3 1.0 1.0 1.0 1.531 0.556 0.359 0.614 1.451 0.01 0.01 0.006 0.014
1394.4 1.0 1.0 1.0 1.531 0.556 0.359 0.614 1.451 0.01 0.01 0.006 0.014
1394.5 1.0 1.0 1.0 1.531 0.556 0.359 0.614 1.451 0.01 0.01 0.006 0.014
1394.6 1.0 1.0 1.0 1.531 0.556 0.359 0.614 1.451 0.01 0.01 0.006 0.014
1394.7 1.0 1.0 1.0 1.531 0.556 0.359 0.614 1.451 0.01 0.01 0.006 0.014
1394.8 1.0 1.0 1.0 1.531 0.556 0.359 0.614 1.451 0.01 0.01 0.006 0.014
1394.9 1.0 1.0 1.0 1.531 0.556 0.359 0.614 1.451 0.01 0.01 0.006 0.014
1395.0 1.0 1.0 1.0 1.531 0.556 0.359 0.614 1.451 0.01 0.01 0.006 0.014
1395.1 1.0 1.0 1.0 1.531 0.556 0.359 0.614 1.451 0.01 0.01 0.006 0.014
1395.2 1.0 1.0 1.0 1.531 0.556 0.359 0.614 1.451 0.01 0.01 0.006 0.014
1395.3 1.0 1.0 1.0 1.531 0.556 0.359 0.614 1.451 0.01 0.01 0.006 0.014
1395.4 1.0 1.0 1.0 1.531 0.556 0.359 0.614 1.451 0.01 0.01 0.006 0.014
1395.5 1.0 1.0 1.0 1.531 0.556 0.359 0.614 1.451 0.01 0.01 0.006 0.014
1395.6 1.0 1.0 1.0 1.531 0.556 0.359 0.614 1.451 0.01 0.01 0.006 0.014
1395.7 1.0 1.0 1.0 1.531 0.556 0.359 0.614 1.451 0.01 0.01 0.006 0.014
1395.8 1.0 1.0 1.0 1.531 0.556 0.359 0.614 1.451 0.01 0.01 0.006 0.014
1395.9 1.0 1.0 1.0 1.531 0.556 0.359 0.614 1.451 0.01 0.01 0.006 0.014
1396.0 1.0 1.0 1.0 1.531 0.556 0.359 0.614 1.451 0.01 0.01 0.006 0.014
1396.1 1.0 1.0 1.0 1.531 0.556 0.359 0.614 1.451 0.01 0.01 0.006 0.014
1396.2 1.0 1.0 1.0 1.531 0.556 0.359 0.614 1.451 0.01 0.01 0.006 0.014
1396.3 1.0 1.0 1.0 1.531 0.556 0.359 0.614 1.451 0.01 0.01 0.006 0.014
1396.4 1.0 1.0 1.0 1.531 0.556 0.359 0.614 1.451 0.01 0.01 0.006 0.014
1396.5 1.0 1.0 1.0 1.531 0.556 0.359 0.614 1.451 0.01 0.01 0.006 0.014
1396.6 1.0 1.0 1.0 1.531 0.556 0.359 0.614 1.451 0.01 0.01 0.006 0.014
1396.7 1.0 1.0 1.0 1.531 0.556 0.359 0.614 1.451 0.01 0.01 0.006 0.014
1396.8 1.0 1.0 1.0 1.531 0.556 0.359 0.614 1.451 0.01 0.01 0.006 0.014
1396.9 1.0 1.0 1.0 1.531 0.556 0.359 0.614 1.451 0.01 0.01 0.006 0.014
1397.0 1.0 1.0 1.0 1.531 0.556 0.359 0.614 1.451 0.01 0.01 0.006 0.014
1397.1 1.0 1.0 1.0 1.531 0.556 0.359 0.614 1.451 0.01 0.01 0.006 0.014
1397.2 1.0 1.0 1.0 1.531 0.556 0.359 0.614 1.451 0.01 0.01 0.006 0.014
1397.3 1.0 1.0 1.0 1.531 0.556 0.359 0.614 1.451 0.01 0.01 0.006 0.014
1397.4 1.0 1.0 1.0 1.531 0.556 0.359 0.614 1.451 0.01 0.01 0.006 0.014
1397.5 1.0 1.0 1.0 1.531 0.556 0.359 0.614 1.451 0.01 0.01 0.006 0.014
1397.6 1.0 1.0 1.0 1.531 0.556 0.359 0.614 1.451 0.01 0.01 0.006 0.014
1397.7 1.0 1.0 1.0 1.531 0.556 0.359 0.614 1.451 0.01 0.01 0.006 0.014
1397.8 1.0 1.0 1.0 1.531 0.556 0.359 0.614 1.451 0.01 0.01 0.006 0.014
1397.9 1.0 1.0 1.0 1.531 0.556 0.359 0.614 1.451 0.01 0.01 0.006 0.014
1398.0 1.0 1.0 1.0 1.531 0.556 0.359 0.614 1.451 0.01 0.01 0.006 0.014
1398.1 1.0 1.0 1.0 1.531 0.556 0.359 0.614 1.451 0.01 0.01 0.006 0.014
1398.2 1.0 1.0 1.0 1.531 0.556 0.359 0.614 1.451 0.01 0.01 0.006 0.014
1398.3 1.0 1.0 1.0 1.531 0.556 0.359 0.614 1.451 0.01 0.01 0.006 0.014
1398.4 1.0 1.0 1.0 1.531 0.556 0.359 0.614 1.451 0.01 0.01 0.006 0.014
1398.5 1.0 1.0 1.0 1.531 0.556 0.359 0.614 1.451 0.01 0.01 0.006 0.014
1398.6 1.0 1.0 1.0 1.531 0.556 0.359 0.614 1.451 0.01 0.01 0.006 0.014
1398.7 1.0 1.0 1.0 1.531 0.556 0.359 0.614 1.451 0.01 0.01 0.006 0.014
1398.8 1.0 1.0 1.0 1.531 0.556 0.359 0.614 1.451 0.01 0.01 0.006 0.014
1398.9 1.0 1.0 1.0 1.531 0.556 0.359 0.614 1.451 0.01 0.01 0.006 0.014
1399.0 1.0 1.0 1.0 1.531 0.556 0.359 0.614 1.451 0.01 0.01 0.006 0.014
1399.1 1.0 1.0 1.0 1.531 0.556 0.359 0.614 1.451 0.01 0.01 0.006 0.014
1399.2 1.0 1.0 1.0 1.531 0.556 0.359 0.614 1.451 0.01 0.01 0.006 0.014
1399.3 1.0 1.0 1.0 1.531 0.556 0.359 0.614 1.451 0.01 0.01 0.006 0.014
1399.4 1.0 1.0 1.0 1.531 0.556 0.359 0.614 1.451 0.01 0.01 0.006 0.014
1399.5 1.0 1.0 1.0 1.531 0.556 0.359 0.614 1.451 0.01 0.01 0.006 0.014
1399.6 1.0 1.0 1.0 1.531 0.556 0.359 0.614 1.451 0.01 0.01 0.006 0.014
1399.7 1.0 1.0 1.0 1.531 0.556 0.359 0.614 1.451 0.01 0.01 0.006 0.014
1399.8 1.0 1.0 1.0 1.531 0.556 0.359 0.614 1.451 0.01 0.01 0.006 0.014
