1500.0 1.0 1.0 1.0 1.551 0.56 0.361 0.614 1.452 0.01 0.01 0.01 0.011
1500.1 1.0 1.0 1.0 1.551 0.56 0.361 0.614 1.452 0.01 0.01 0.01 0.012
1500.2 1.0 1.0 1.0 1.551 0.56 0.361 0.614 1.452 0.01 0.01 0.01 0.013
1500.3 1.0 1.0 1.0 1.551 0.56 0.361 0.614 1.452 0.01 0.01 0.01 0.014
1500.4 1.0 1.0 1.0 1.551 0.56 0.361 0.614 1.452 0.01 0.011 0.01 0.014
1500.5 1.0 1.0 1.0 1.551 0.559 0.361 0.614 1.452 0.01 0.011 0.01 0.015
1500.6 1.0 1.0 1.0 1.55 0.559 0.361 0.614 1.452 0.01 0.012 0.01 0.016
1500.7 1.0 1.0 1.0 1.55 0.559 0.361 0.614 1.452 0.01 0.012 0.01 0.016
1500.8 1.0 1.0 1.0 1.55 0.559 0.361 0.614 1.452 0.01 0.013 0.01 0.017
1500.9 1.0 1.0 1.0 1.55 0.559 0.361 0.614 1.452 0.01 0.013 0.01 0.018
1501.0 1.0 1.0 1.0 1.55 0.559 0.361 0.614 1.452 0.01 0.014 0.01 0.018
1501.1 1.0 1.0 1.0 1.55 0.559 0.361 0.614 1.452 0.01 0.014 0.01 0.019
1501.2 1.0 1.0 1.0 1.55 0.559 0.361 0.614 1.452 0.01 0.015 0.01 0.02
1501.3 1.0 1.0 1.0 1.55 0.559 0.361 0.614 1.452 0.01 0.016 0.01 0.021
1501.4 1.0 1.0 1.0 1.55 0.559 0.361 0.614 1.452 0.01 0.016 0.01 0.022
1501.5 1.0 1.0 1.0 1.55 0.559 0.361 0.614 1.452 0.01 0.017 0.01 0.023
1501.6 1.0 1.0 1.0 1.55 0.559 0.361 0.614 1.452 0.01 0.018 0.01 0.024
1501.7 1.0 1.0 1.0 1.55 0.559 0.361 0.614 1.452 0.01 0.018 0.01 0.025
1501.8 1.0 1.0 1.0 1.55 0.559 0.361 0.614 1.452 0.01 0.019 0.01 0.026
1501.9 1.0 1.0 1.0 1.55 0.559 0.361 0.614 1.452 0.01 0.02 0.01 0.027
1502.0 1.0 1.0 1.0 1.55 0.559 0.361 0.614 1.452 0.01 0.021 0.01 0.028
1502.1 1.0 1.0 1.0 1.55 0.559 0.361 0.614 1.452 0.01 0.022 0.01 0.029
1502.2 1.0 1.0 1.0 1.55 0.559 0.361 0.614 1.452 0.01 0.023 0.01 0.03
1502.3 1.0 1.0 1.0 1.55 0.559 0.361 0.614 1.452 0.01 0.024 0.01 0.031
1502.4 1.0 1.0 1.0 1.55 0.559 0.361 0.614 1.452 0.01 0.025 0.01 0.033
1502.5 1.0 1.0 1.0 1.55 0.559 0.361 0.614 1.452 0.01 0.026 0.01 0.034
1502.6 1.0 1.0 1.0 1.55 0.559 0.361 0.614 1.452 0.01 0.027 0.01 0.035
1502.7 1.0 1.0 1.0 1.55 0.559 0.361 0.614 1.452 0.01 0.028 0.01 0.037
1502.8 1.0 1.0 1.0 1.55 0.559 0.361 0.614 1.452 0.01 0.029 0.01 0.038
1502.9 1.0 1.0 1.0 1.55 0.559 0.361 0.614 1.452 0.01 0.03 0.01 0.04
1503.0 1.0 1.0 1.0 1.549 0.559 0.361 0.614 1.452 0.01 0.031 0.01 0.042
1503.1 1.0 1.0 1.0 1.549 0.559 0.361 0.614 1.452 0.01 0.033 0.01 0.043
1503.2 1.0 1.0 1.0 1.549 0.559 0.361 0.614 1.452 0.01 0.034 0.01 0.045
1503.3 1.0 1.0 1.0 1.549 0.559 0.361 0.614 1.452 0.01 0.036 0.01 0.047
1503.4 1.0 1.0 1.0 1.549 0.559 0.361 0.614 1.452 0.01 0.037 0.01 0.049
1503.5 1.0 1.0 1.0 1.549 0.559 0.361 0.614 1.452 0.01 0.039 0.01 0.051
1503.6 1.0 1.0 1.0 1.549 0.559 0.361 0.614 1.452 0.01 0.04 0.01 0.053
1503.7 1.0 1.0 1.0 1.549 0.559 0.361 0.614 1.452 0.01 0.042 0.01 0.055
1503.8 1.0 1.0 1.0 1.549 0.559 0.361 0.614 1.452 0.01 0.044 0.01 0.057
1503.9 1.0 1.0 1.0 1.549 0.559 0.361 0.614 1.452 0.01 0.046 0.01 0.06
1504.0 1.0 1.0 1.0 1.549 0.559 0.361 0.614 1.452 0.01 0.047 0.01 0.062
1504.1 1.0 1.0 1.0 1.549 0.559 0.361 0.614 1.452 0.01 0.049 0.01 0.064
1504.2 1.0 1.0 1.0 1.549 0.559 0.361 0.614 1.452 0.01 0.051 0.01 0.067
1504.3 1.0 1.0 1.0 1.549 0.559 0.361 0.614 1.452 0.01 0.054 0.01 0.069
1504.4 1.0 1.0 1.0 1.549 0.559 0.361 0.614 1.452 0.01 0.056 0.01 0.072
1504.5 1.0 1.0 1.0 1.549 0.559 0.361 0.614 1.452 0.01 0.058 0.01 0.075
1504.6 1.0 1.0 1.0 1.549 0.559 0.361 0.614 1.452 0.01 0.06 0.01 0.078
1504.7 1.0 1.0 1.0 1.549 0.559 0.361 0.614 1.452 0.01 0.063 0.01 0.081
1504.8 1.0 1.0 1.0 1.549 0.559 0.361 0.614 1.452 0.01 0.065 0.01 0.084
1504.9 1.0 1.0 1.0 1.549 0.559 0.361 0.614 1.452 0.01 0.068 0.01 0.087
1505.0 1.0 1.0 1.0 1.549 0.559 0.361 0.614 1.452 0.01 0.071 0.01 0.091
1505.1 1.0 1.0 1.0 1.549 0.559 0.361 0.614 1.452 0.01 0.074 0.01 0.094
1505.2 1.0 1.0 1.0 1.549 0.559 0.361 0.614 1.452 0.01 0.077 0.01 0.097
1505.3 1.0 1.0 1.0 1.549 0.559 0.361 0.614 1.452 0.01 0.08 0.01 0.101
1505.4 1.0 1.0 1.0 1.549 0.559 0.361 0.614 1.452 0.01 0.083 0.01 0.105
1505.5 1.0 1.0 1.0 1.549 0.559 0.361 0.614 1.452 0.01 0.086 0.01 0.109
1505.6 1.0 1.0 1.0 1.549 0.559 0.361 0.614 1.452 0.01 0.089 0.01 0.113
1505.7 1.0 1.0 1.0 1.549 0.559 0.361 0.614 1.452 0.01 0.093 0.01 0.117
1505.8 1.0 1.0 1.0 1.549 0.559 0.361 0.614 1.452 0.01 0.097 0.01 0.121
1505.9 1.0 1.0 1.0 1.549 0.559 0.361 0.614 1.452 0.01 0.1 0.01 0.125
1506.0 1.0 1.0 1.0 1.549 0.559 0.361 0.614 1.452 0.01 0.104 0.01 0.13
1506.1 1.0 1.0 1.0 1.548 0.559 0.361 0.614 1.452 0.01 0.108 0.01 0.134
1506.2 1.0 1.0 1.0 1.548 0.559 0.361 0.614 1.452 0.01 0.112 0.01 0.139
1506.3 1.0 1.0 1.0 1.548 0.559 0.361 0.614 1.452 0.01 0.117 0.01 0.144
1506.4 1.0 1.0 1.0 1.548 0.559 0.361 0.614 1.452 0.01 0.121 0.01 0.149
1506.5 1.0 1.0 1.0 1.548 0.559 0.361 0.614 1.452 0.01 0.126 0.01 0.154
1506.6 1.0 1.0 1.0 1.548 0.559 0.361 0.614 1.452 0.01 0.131 0.01 0.159
1506.7 1.0 1.0 1.0 1.548 0.559 0.361 0.614 1.452 0.01 0.135 0.01 0.165
1506.8 1.0 1.0 1.0 1.548 0.559 0.361 0.614 1.452 0.01 0.14 0.01 0.17
1506.9 1.0 1.0 1.0 1.548 0.559 0.361 0.614 1.452 0.01 0.146 0.01 0.176
1507.0 1.0 1.0 1.0 1.548 0.559 0.361 0.614 1.452 0.01 0.151 0.01 0.182
1507.1 1.0 1.0 1.0 1.548 0.559 0.361 0.614 1.452 0.01 0.157 0.01 0.187
1507.2 1.0 1.0 1.0 1.548 0.559 0.361 0.614 1.452 0.01 0.162 0.01 0.193
1507.3 1.0 1.0 1.0 1.548 0.559 0.361 0.614 1.452 0.01 0.168 0.01 0.2
1507.4 1.0 1.0 1.0 1.548 0.559 0.361 0.614 1.452 0.01 0.174 0.01 0.206
1507.5 1.0 1.0 1.0 1.548 0.559 0.361 0.614 1.452 0.01 0.18 0.01 0.212
1507.6 1.0 1.0 1.0 1.548 0.559 0.361 0.614 1.452 0.01 0.187 0.01 0.219
1507.7 1.0 1.0 1.0 1.548 0.559 0.361 0.614 1.452 0.01 0.193 0.01 0.226
1507.8 1.0 1.0 1.0 1.548 0.559 0.361 0.614 1.452 0.01 0.2 0.01 0.232
1507.9 1.0 1.0 1.0 1.548 0.559 0.361 0.614 1.452 0.01 0.207 0.01 0.239
1508.0 1.0 1.0 1.0 1.548 0.559 0.361 0.614 1.452 0.01 0.214 0.01 0.246
1508.1 1.0 1.0 1.0 1.548 0.559 0.361 0.614 1.452 0.01 0.221 0.01 0.253
1508.2 1.0 1.0 1.0 1.548 0.559 0.361 0.614 1.452 0.01 0.228 0.01 0.261
1508.3 1.0 1.0 1.0 1.548 0.559 0.361 0.614 1.452 0.01 0.236 0.01 0.268
1508.4 1.0 1.0 1.0 1.548 0.559 0.361 0.614 1.452 0.01 0.244 0.01 0.276
1508.5 1.0 1.0 1.0 1.548 0.559 0.361 0.614 1.452 0.01 0.252 0.01 0.283
1508.6 1.0 1.0 1.0 1.548 0.559 0.361 0.614 1.452 0.01 0.26 0.01 0.291
1508.7 1.0 1.0 1.0 1.548 0.559 0.361 0.614 1.452 0.01 0.268 0.01 0.299
1508.8 1.0 1.0 1.0 1.548 0.559 0.361 0.614 1.452 0.01 0.277 0.01 0.307
1508.9 1.0 1.0 1.0 1.548 0.559 0.361 0.614 1.452 0.01 0.286 0.01 0.315
1509.0 1.0 1.0 1.0 1.548 0.559 0.361 0.614 1.452 0.01 0.294 0.01 0.323
1509.1 1.0 1.0 1.0 1.548 0.559 0.361 0.614 1.452 0.01 0.304 0.01 0.331
1509.2 1.0 1.0 1.0 1.548 0.559 0.361 0.614 1.452 0.01 0.313 0.01 0.339
1509.3 1.0 1.0 1.0 1.548 0.559 0.361 0.614 1.452 0.01 0.322 0.01 0.348
1509.4 1.0 1.0 1.0 1.548 0.559 0.361 0.614 1.452 0.01 0.332 0.01 0.356
1509.5 1.0 1.0 1.0 1.548 0.559 0.361 0.614 1.452 0.01 0.342 0.01 0.365
1509.6 1.0 1.0 1.0 1.548 0.559 0.361 0.614 1.452 0.01 0.352 0.01 0.373
1509.7 1.0 1.0 1.0 1.548 0.559 0.361 0.614 1.452 0.01 0.362 0.01 0.382
1509.8 1.0 1.0 1.0 1.548 0.559 0.361 0.614 1.452 0.01 0.372 0.01 0.391
1509.9 1.0 1.0 1.0 1.548 0.559 0.361 0.614 1.452 0.01 0.382 0.01 0.399
1510.0 1.0 1.0 1.0 1.548 0.559 0.361 0.614 1.452 0.01 0.393 0.01 0.408
1510.1 1.0 1.0 1.0 1.548 0.559 0.361 0.614 1.452 0.01 0.404 0.01 0.417
1510.2 1.0 1.0 1.0 1.548 0.559 0.361 0.614 1.452 0.01 0.415 0.01 0.426
1510.3 1.0 1.0 1.0 1.548 0.559 0.361 0.614 1.452 0.01 0.426 0.01 0.435
1510.4 1.0 1.0 1.0 1.548 0.559 0.361 0.614 1.452 0.01 0.437 0.01 0.444
1510.5 1.0 1.0 1.0 1.548 0.559 0.361 0.614 1.452 0.01 0.448 0.01 0.453
1510.6 1.0 1.0 1.0 1.548 0.559 0.361 0.614 1.452 0.01 0.46 0.01 0.462
1510.7 1.0 1.0 1.0 1.547 0.559 0.361 0.614 1.452 0.01 0.471 0.01 0.471
1510.8 1.0 1.0 1.0 1.547 0.559 0.361 0.614 1.452 0.01 0.483 0.01 0.48
1510.9 1.0 1.0 1.0 1.547 0.559 0.361 0.614 1.452 0.01 0.495 0.01 0.489
1511.0 1.0 1.0 1.0 1.547 0.559 0.361 0.614 1.452 0.01 0.507 0.01 0.498
1511.1 1.0 1.0 1.0 1.547 0.559 0.361 0.614 1.452 0.01 0.519 0.01 0.508
1511.2 1.0 1.0 1.0 1.547 0.559 0.361 0.614 1.452 0.01 0.531 0.01 0.517
1511.3 1.0 1.0 1.0 1.547 0.559 0.361 0.614 1.452 0.01 0.543 0.01 0.526
1511.4 1.0 1.0 1.0 1.547 0.559 0.361 0.614 1.452 0.01 0.556 0.01 0.535
1511.5 1.0 1.0 1.0 1.547 0.559 0.361 0.614 1.452 0.01 0.568 0.01 0.544
1511.6 1.0 1.0 1.0 1.547 0.559 0.361 0.614 1.452 0.01 0.581 0.01 0.553
1511.7 1.0 1.0 1.0 1.547 0.559 0.361 0.614 1.452 0.01 0.593 0.01 0.562
1511.8 1.0 1.0 1.0 1.547 0.559 0.361 0.614 1.452 0.01 0.606 0.01 0.571
1511.9 1.0 1.0 1.0 1.547 0.559 0.361 0.614 1.452 0.01 0.619 0.01 0.58
1512.0 1.0 1.0 1.0 1.547 0.559 0.361 0.614 1.452 0.01 0.632 0.01 0.589
1512.1 1.0 1.0 1.0 1.547 0.559 0.361 0.614 1.452 0.01 0.645 0.01 0.598
1512.2 1.0 1.0 1.0 1.547 0.559 0.361 0.614 1.452 0.01 0.658 0.01 0.607
1512.3 1.0 1.0 1.0 1.547 0.559 0.361 0.614 1.452 0.01 0.671 0.01 0.616
1512.4 1.0 1.0 1.0 1.547 0.559 0.361 0.614 1.452 0.01 0.684 0.01 0.625
1512.5 1.0 1.0 1.0 1.547 0.559 0.361 0.614 1.452 0.01 0.697 0.01 0.633
1512.6 1.0 1.0 1.0 1.547 0.559 0.361 0.614 1.452 0.01 0.71 0.01 0.642
1512.7 1.0 1.0 1.0 1.547 0.559 0.361 0.614 1.452 0.01 0.723 0.01 0.651
1512.8 1.0 1.0 1.0 1.547 0.559 0.361 0.614 1.452 0.01 0.736 0.01 0.659
1512.9 1.0 1.0 1.0 1.547 0.559 0.361 0.614 1.452 0.01 0.749 0.01 0.668
1513.0 1.0 1.0 1.0 1.547 0.559 0.361 0.614 1.452 0.01 0.762 0.01 0.676
1513.1 1.0 1.0 1.0 1.547 0.559 0.361 0.614 1.452 0.01 0.775 0.01 0.685
1513.2 1.0 1.0 1.0 1.547 0.559 0.361 0.614 1.452 0.01 0.789 0.01 0.693
1513.3 1.0 1.0 1.0 1.547 0.559 0.361 0.614 1.452 0.01 0.802 0.01 0.702
1513.4 1.0 1.0 1.0 1.547 0.559 0.361 0.614 1.452 0.01 0.815 0.01 0.71
1513.5 1.0 1.0 1.0 1.547 0.559 0.361 0.614 1.452 0.01 0.828 0.01 0.718
1513.6 1.0 1.0 1.0 1.547 0.559 0.361 0.614 1.452 0.01 0.841 0.01 0.726
1513.7 1.0 1.0 1.0 1.547 0.559 0.361 0.614 1.452 0.01 0.854 0.01 0.734
1513.8 1.0 1.0 1.0 1.547 0.559 0.361 0.614 1.452 0.01 0.867 0.01 0.742
1513.9 1.0 1.0 1.0 1.547 0.559 0.361 0.614 1.452 0.01 0.88 0.01 0.75
1514.0 1.0 1.0 1.0 1.547 0.559 0.361 0.614 1.452 0.01 0.893 0.01 0.758
1514.1 1.0 1.0 1.0 1.547 0.559 0.361 0.614 1.452 0.01 0.906 0.01 0.766
1514.2 1.0 1.0 1.0 1.547 0.559 0.361 0.614 1.452 0.01 0.919 0.01 0.773
1514.3 1.0 1.0 1.0 1.547 0.559 0.361 0.614 1.452 0.01 0.931 0.01 0.781
1514.4 1.0 1.0 1.0 1.547 0.559 0.361 0.614 1.452 0.01 0.944 0.01 0.788
1514.5 1.0 1.0 1.0 1.547 0.559 0.361 0.614 1.452 0.01 0.957 0.01 0.796
1514.6 1.0 1.0 1.0 1.547 0.559 0.361 0.614 1.452 0.01 0.969 0.01 0.803
1514.7 1.0 1.0 1.0 1.547 0.559 0.361 0.614 1.452 0.01 0.982 0.01 0.81
1514.8 1.0 1.0 1.0 1.547 0.559 0.361 0.614 1.452 0.01 0.994 0.01 0.818
1514.9 1.0 1.0 1.0 1.547 0.559 0.361 0.614 1.452 0.01 1.007 0.01 0.825
1515.0 1.0 1.0 1.0 1.547 0.559 0.361 0.614 1.452 0.01 1.019 0.01 0.832
1515.1 1.0 1.0 1.0 1.547 0.559 0.361 0.614 1.452 0.01 1.031 0.01 0.839
1515.2 1.0 1.0 1.0 1.547 0.559 0.361 0.614 1.452 0.01 1.043 0.01 0.846
1515.3 1.0 1.0 1.0 1.547 0.559 0.361 0.614 1.452 0.01 1.056 0.01 0.852
1515.4 1.0 1.0 1.0 1.547 0.559 0.361 0.614 1.452 0.01 1.067 0.01 0.859
1515.5 1.0 1.0 1.0 1.547 0.559 0.361 0.614 1.452 0.01 1.079 0.01 0.866
1515.6 1.0 1.0 1.0 1.547 0.559 0.361 0.614 1.452 0.01 1.091 0.01 0.872
1515.7 1.0 1.0 1.0 1.547 0.559 0.361 0.614 1.452 0.01 1.103 0.01 0.879
1515.8 1.0 1.0 1.0 1.547 0.559 0.361 0.614 1.452 0.01 1.114 0.01 0.885
1515.9 1.0 1.0 1.0 1.547 0.559 0.361 0.614 1.452 0.01 1.126 0.01 0.891
1516.0 1.0 1.0 1.0 1.547 0.559 0.361 0.614 1.452 0.01 1.137 0.01 0.897
1516.1 1.0 1.0 1.0 1.547 0.559 0.361 0.614 1.452 0.01 1.148 0.01 0.903
1516.2 1.0 1.0 1.0 1.547 0.559 0.361 0.614 1.452 0.01 1.16 0.01 0.909
1516.3 1.0 1.0 1.0 1.547 0.559 0.361 0.614 1.452 0.01 1.171 0.01 0.915
1516.4 1.0 1.0 1.0 1.547 0.559 0.361 0.614 1.452 0.01 1.182 0.01 0.921
1516.5 1.0 1.0 1.0 1.547 0.559 0.361 0.614 1.452 0.01 1.193 0.01 0.927
1516.6 1.0 1.0 1.0 1.547 0.559 0.361 0.614 1.452 0.01 1.203 0.01 0.933
1516.7 1.0 1.0 1.0 1.547 0.559 0.361 0.614 1.452 0.01 1.214 0.01 0.938
1516.8 1.0 1.0 1.0 1.547 0.559 0.361 0.614 1.452 0.01 1.224 0.01 0.944
1516.9 1.0 1.0 1.0 1.547 0.559 0.361 0.614 1.452 0.01 1.235 0.01 0.949
1517.0 1.0 1.0 1.0 1.547 0.559 0.361 0.614 1.452 0.01 1.245 0.01 0.955
1517.1 1.0 1.0 1.0 1.547 0.559 0.361 0.614 1.452 0.01 1.255 0.01 0.96
1517.2 1.0 1.0 1.0 1.547 0.559 0.361 0.614 1.452 0.01 1.265 0.01 0.965
1517.3 1.0 1.0 1.0 1.547 0.559 0.361 0.614 1.452 0.01 1.275 0.01 0.97
1517.4 1.0 1.0 1.0 1.547 0.559 0.361 0.614 1.452 0.01 1.285 0.01 0.975
1517.5 1.0 1.0 1.0 1.547 0.559 0.361 0.614 1.452 0.01 1.295 0.01 0.98
1517.6 1.0 1.0 1.0 1.547 0.559 0.361 0.614 1.452 0.01 1.304 0.01 0.985
1517.7 1.0 1.0 1.0 1.547 0.559 0.361 0.614 1.452 0.01 1.314 0.01 0.99
1517.8 1.0 1.0 1.0 1.547 0.559 0.361 0.614 1.452 0.01 1.323 0.01 0.995
1517.9 1.0 1.0 1.0 1.547 0.559 0.361 0.614 1.452 0.01 1.332 0.01 0.999
1518.0 1.0 1.0 1.0 1.547 0.559 0.361 0.614 1.452 0.01 1.341 0.01 1.004
1518.1 1.0 1.0 1.0 1.547 0.559 0.361 0.614 1.452 0.01 1.35 0.01 1.008
1518.2 1.0 1.0 1.0 1.547 0.559 0.361 0.614 1.452 0.01 1.359 0.01 1.013
1518.3 1.0 1.0 1.0 1.547 0.559 0.361 0.614 1.452 0.01 1.368 0.01 1.017
1518.4 1.0 1.0 1.0 1.547 0.559 0.361 0.614 1.452 0.01 1.377 0.01 1.021
1518.5 1.0 1.0 1.0 1.547 0.559 0.361 0.614 1.452 0.01 1.385 0.01 1.026
1518.6 1.0 1.0 1.0 1.547 0.559 0.361 0.614 1.452 0.01 1.394 0.01 1.03
1518.7 1.0 1.0 1.0 1.547 0.559 0.361 0.614 1.452 0.01 1.402 0.01 1.034
1518.8 1.0 1.0 1.0 1.547 0.559 0.361 0.614 1.452 0.01 1.41 0.01 1.038
1518.9 1.0 1.0 1.0 1.547 0.559 0.361 0.614 1.452 0.01 1.418 0.01 1.042
1519.0 1.0 1.0 1.0 1.547 0.559 0.361 0.614 1.452 0.01 1.426 0.01 1.046
1519.1 1.0 1.0 1.0 1.546 0.559 0.361 0.614 1.452 0.01 1.434 0.01 1.05
1519.2 1.0 1.0 1.0 1.546 0.559 0.361 0.614 1.452 0.01 1.442 0.01 1.053
1519.3 1.0 1.0 1.0 1.546 0.559 0.361 0.614 1.452 0.01 1.449 0.01 1.057
1519.4 1.0 1.0 1.0 1.546 0.559 0.361 0.614 1.452 0.01 1.457 0.01 1.061
1519.5 1.0 1.0 1.0 1.546 0.559 0.361 0.614 1.452 0.01 1.464 0.01 1.064
1519.6 1.0 1.0 1.0 1.546 0.559 0.361 0.614 1.452 0.01 1.472 0.01 1.068
1519.7 1.0 1.0 1.0 1.546 0.559 0.361 0.614 1.452 0.01 1.479 0.01 1.071
1519.8 1.0 1.0 1.0 1.546 0.559 0.361 0.614 1.452 0.01 1.486 0.01 1.075
1519.9 1.0 1.0 1.0 1.546 0.559 0.361 0.614 1.452 0.01 1.493 0.01 1.078
1520.0 1.0 1.0 1.0 1.546 0.559 0.361 0.614 1.452 0.01 1.5 0.01 1.081
1520.1 1.0 1.0 1.0 1.546 0.559 0.361 0.614 1.452 0.01 1.507 0.01 1.084
1520.2 1.0 1.0 1.0 1.546 0.559 0.361 0.614 1.452 0.01 1.513 0.01 1.088
1520.3 1.0 1.0 1.0 1.546 0.559 0.361 0.614 1.452 0.01 1.52 0.01 1.091
1520.4 1.0 1.0 1.0 1.546 0.559 0.361 0.614 1.452 0.01 1.526 0.01 1.094
1520.5 1.0 1.0 1.0 1.546 0.559 0.361 0.614 1.452 0.01 1.533 0.01 1.097
1520.6 1.0 1.0 1.0 1.546 0.559 0.361 0.614 1.452 0.01 1.539 0.01 1.1
1520.7 1.0 1.0 1.0 1.546 0.559 0.361 0.614 1.452 0.01 1.545 0.01 1.103
1520.8 1.0 1.0 1.0 1.546 0.559 0.361 0.614 1.452 0.01 1.551 0.01 1.105
1520.9 1.0 1.0 1.0 1.546 0.559 0.361 0.614 1.452 0.01 1.557 0.01 1.108
1521.0 1.0 1.0 1.0 1.546 0.559 0.361 0.614 1.452 0.01 1.563 0.01 1.111
1521.1 1.0 1.0 1.0 1.546 0.559 0.361 0.614 1.452 0.01 1.569 0.01 1.114
1521.2 1.0 1.0 1.0 1.546 0.559 0.36 0.614 1.452 0.01 1.574 0.01 1.116
1521.3 1.0 1.0 1.0 1.546 0.559 0.36 0.614 1.452 0.01 1.58 0.01 1.119
1521.4 1.0 1.0 1.0 1.546 0.559 0.36 0.614 1.452 0.01 1.585 0.01 1.121
1521.5 1.0 1.0 1.0 1.546 0.559 0.36 0.614 1.452 0.01 1.591 0.01 1.124
1521.6 1.0 1.0 1.0 1.546 0.559 0.36 0.614 1.452 0.01 1.596 0.01 1.126
1521.7 1.0 1.0 1.0 1.546 0.559 0.36 0.614 1.452 0.01 1.601 0.01 1.129
1521.8 1.0 1.0 1.0 1.546 0.559 0.36 0.614 1.452 0.01 1.606 0.01 1.131
1521.9 1.0 1.0 1.0 1.546 0.559 0.36 0.614 1.452 0.01 1.611 0.01 1.134
1522.0 1.0 1.0 1.0 1.546 0.559 0.36 0.614 1.452 0.01 1.616 0.01 1.136
1522.1 1.0 1.0 1.0 1.546 0.559 0.36 0.614 1.452 0.01 1.621 0.01 1.138
1522.2 1.0 1.0 1.0 1.546 0.559 0.36 0.614 1.452 0.01 1.626 0.01 1.14
1522.3 1.0 1.0 1.0 1.546 0.559 0.36 0.614 1.452 0.01 1.631 0.01 1.142
1522.4 1.0 1.0 1.0 1.546 0.559 0.36 0.614 1.452 0.01 1.635 0.01 1.145
1522.5 1.0 1.0 1.0 1.546 0.559 0.36 0.614 1.452 0.01 1.64 0.01 1.147
1522.6 1.0 1.0 1.0 1.546 0.559 0.36 0.614 1.452 0.01 1.644 0.01 1.149
1522.7 1.0 1.0 1.0 1.546 0.559 0.36 0.614 1.452 0.01 1.649 0.01 1.151
1522.8 1.0 1.0 1.0 1.546 0.559 0.36 0.614 1.452 0.01 1.653 0.01 1.153
1522.9 1.0 1.0 1.0 1.546 0.559 0.36 0.614 1.452 0.01 1.657 0.01 1.155
1523.0 1.0 1.0 1.0 1.546 0.559 0.36 0.614 1.452 0.01 1.662 0.01 1.157
1523.1 1.0 1.0 1.0 1.546 0.559 0.36 0.614 1.452 0.01 1.666 0.01 1.158
1523.2 1.0 1.0 1.0 1.546 0.559 0.36 0.614 1.452 0.01 1.67 0.01 1.16
1523.3 1.0 1.0 1.0 1.546 0.559 0.36 0.614 1.452 0.01 1.674 0.01 1.162
1523.4 1.0 1.0 1.0 1.546 0.559 0.36 0.614 1.452 0.01 1.678 0.01 1.164
1523.5 1.0 1.0 1.0 1.546 0.559 0.36 0.614 1.452 0.01 1.681 0.01 1.165
1523.6 1.0 1.0 1.0 1.546 0.559 0.36 0.614 1.452 0.01 1.685 0.01 1.167
1523.7 1.0 1.0 1.0 1.546 0.559 0.36 0.614 1.452 0.01 1.689 0.01 1.169
1523.8 1.0 1.0 1.0 1.546 0.559 0.36 0.614 1.452 0.01 1.692 0.01 1.17
1523.9 1.0 1.0 1.0 1.546 0.559 0.36 0.614 1.452 0.01 1.696 0.01 1.172
1524.0 1.0 1.0 1.0 1.546 0.559 0.36 0.614 1.452 0.01 1.7 0.01 1.174
1524.1 1.0 1.0 1.0 1.546 0.559 0.36 0.614 1.452 0.01 1.703 0.01 1.175
1524.2 1.0 1.0 1.0 1.546 0.559 0.36 0.614 1.452 0.01 1.706 0.01 1.177
1524.3 1.0 1.0 1.0 1.546 0.559 0.36 0.614 1.452 0.01 1.71 0.01 1.178
1524.4 1.0 1.0 1.0 1.546 0.559 0.36 0.614 1.452 0.01 1.713 0.01 1.18
1524.5 1.0 1.0 1.0 1.546 0.559 0.36 0.614 1.452 0.01 1.716 0.01 1.181
1524.6 1.0 1.0 1.0 1.546 0.559 0.36 0.614 1.452 0.01 1.719 0.01 1.182
1524.7 1.0 1.0 1.0 1.546 0.559 0.36 0.614 1.452 0.01 1.722 0.01 1.184
1524.8 1.0 1.0 1.0 1.546 0.559 0.36 0.614 1.452 0.01 1.725 0.01 1.185
1524.9 1.0 1.0 1.0 1.546 0.559 0.36 0.614 1.452 0.01 1.728 0.01 1.187
1525.0 1.0 1.0 1.0 1.546 0.559 0.36 0.614 1.452 0.01 1.731 0.01 1.188
1525.1 1.0 1.0 1.0 1.546 0.559 0.36 0.614 1.452 0.01 1.734 0.01 1.189
1525.2 1.0 1.0 1.0 1.546 0.559 0.36 0.614 1.452 0.01 1.737 0.01 1.19
1525.3 1.0 1.0 1.0 1.546 0.559 0.36 0.614 1.452 0.01 1.74 0.01 1.192
1525.4 1.0 1.0 1.0 1.546 0.559 0.36 0.614 1.452 0.01 1.742 0.01 1.193
1525.5 1.0 1.0 1.0 1.546 0.559 0.36 0.614 1.452 0.01 1.745 0.01 1.194
1525.6 1.0 1.0 1.0 1.546 0.559 0.36 0.614 1.452 0.01 1.748 0.01 1.195
1525.7 1.0 1.0 1.0 1.546 0.559 0.36 0.614 1.452 0.01 1.75 0.01 1.196
1525.8 1.0 1.0 1.0 1.546 0.559 0.36 0.614 1.452 0.01 1.753 0.01 1.197
1525.9 1.0 1.0 1.0 1.546 0.559 0.36 0.614 1.452 0.01 1.755 0.01 1.198
1526.0 1.0 1.0 1.0 1.546 0.559 0.36 0.614 1.452 0.01 1.758 0.01 1.2
1526.1 1.0 1.0 1.0 1.546 0.559 0.36 0.614 1.452 0.01 1.76 0.01 1.201
1526.2 1.0 1.0 1.0 1.546 0.559 0.36 0.614 1.452 0.01 1.762 0.01 1.202
1526.3 1.0 1.0 1.0 1.546 0.559 0.36 0.614 1.452 0.01 1.765 0.01 1.203
1526.4 1.0 1.0 1.0 1.546 0.559 0.36 0.614 1.452 0.01 1.767 0.01 1.204
1526.5 1.0 1.0 1.0 1.546 0.559 0.36 0.614 1.452 0.01 1.769 0.01 1.205
1526.6 1.0 1.0 1.0 1.546 0.559 0.36 0.614 1.452 0.01 1.771 0.01 1.206
1526.7 1.0 1.0 1.0 1.546 0.559 0.36 0.614 1.452 0.01 1.773 0.01 1.206
1526.8 1.0 1.0 1.0 1.546 0.559 0.36 0.614 1.452 0.01 1.775 0.01 1.207
1526.9 1.0 1.0 1.0 1.546 0.559 0.36 0.614 1.452 0.01 1.777 0.01 1.208
1527.0 1.0 1.0 1.0 1.546 0.559 0.36 0.614 1.452 0.01 1.779 0.01 1.209
1527.1 1.0 1.0 1.0 1.546 0.559 0.36 0.614 1.452 0.01 1.781 0.01 1.21
1527.2 1.0 1.0 1.0 1.546 0.559 0.36 0.614 1.452 0.01 1.783 0.01 1.211
1527.3 1.0 1.0 1.0 1.546 0.559 0.36 0.614 1.452 0.01 1.785 0.01 1.212
1527.4 1.0 1.0 1.0 1.546 0.559 0.36 0.614 1.452 0.01 1.787 0.01 1.212
1527.5 1.0 1.0 1.0 1.546 0.559 0.36 0.614 1.452 0.01 1.789 0.01 1.213
1527.6 1.0 1.0 1.0 1.546 0.559 0.36 0.614 1.452 0.01 1.791 0.01 1.214
1527.7 1.0 1.0 1.0 1.546 0.559 0.36 0.614 1.452 0.01 1.792 0.01 1.215
1527.8 1.0 1.0 1.0 1.546 0.559 0.36 0.614 1.452 0.01 1.794 0.01 1.216
1527.9 1.0 1.0 1.0 1.546 0.559 0.36 0.614 1.452 0.01 1.796 0.01 1.216
1528.0 1.0 1.0 1.0 1.546 0.559 0.36 0.614 1.452 0.01 1.797 0.01 1.217
1528.1 1.0 1.0 1.0 1.546 0.559 0.36 0.614 1.452 0.01 1.799 0.01 1.218
1528.2 1.0 1.0 1.0 1.546 0.559 0.36 0.614 1.452 0.01 1.801 0.01 1.218
1528.3 1.0 1.0 1.0 1.546 0.559 0.36 0.614 1.452 0.01 1.802 0.01 1.219
1528.4 1.0 1.0 1.0 1.546 0.559 0.36 0.614 1.452 0.01 1.804 0.01 1.22
1528.5 1.0 1.0 1.0 1.546 0.559 0.36 0.614 1.452 0.01 1.805 0.01 1.22
1528.6 1.0 1.0 1.0 1.546 0.559 0.36 0.614 1.452 0.01 1.807 0.01 1.221
1528.7 1.0 1.0 1.0 1.546 0.559 0.36 0.614 1.452 0.01 1.808 0.01 1.222
1528.8 1.0 1.0 1.0 1.546 0.559 0.36 0.614 1.452 0.01 1.809 0.01 1.222
1528.9 1.0 1.0 1.0 1.546 0.559 0.36 0.614 1.452 0.01 1.811 0.01 1.223
1529.0 1.0 1.0 1.0 1.546 0.559 0.36 0.614 1.452 0.01 1.812 0.01 1.224
1529.1 1.0 1.0 1.0 1.546 0.559 0.36 0.614 1.452 0.01 1.814 0.01 1.224
1529.2 1.0 1.0 1.0 1.546 0.559 0.36 0.614 1.452 0.01 1.815 0.01 1.225
1529.3 1.0 1.0 1.0 1.546 0.559 0.36 0.614 1.452 0.01 1.816 0.01 1.225
1529.4 1.0 1.0 1.0 1.546 0.559 0.36 0.614 1.452 0.01 1.817 0.01 1.226
1529.5 1.0 1.0 1.0 1.546 0.559 0.36 0.614 1.452 0.01 1.819 0.01 1.226
1529.6 1.0 1.0 1.0 1.546 0.559 0.36 0.614 1.452 0.01 1.82 0.01 1.227
1529.7 1.0 1.0 1.0 1.546 0.559 0.36 0.614 1.452 0.01 1.821 0.01 1.227
1529.8 1.0 1.0 1.0 1.546 0.559 0.36 0.614 1.452 0.01 1.822 0.01 1.228
1529.9 1.0 1.0 1.0 1.546 0.559 0.36 0.614 1.452 0.01 1.823 0.01 1.228
1530.0 1.0 1.0 1.0 1.546 0.559 0.36 0.614 1.452 0.01 1.824 0.01 1.229
1530.1 1.0 1.0 1.0 1.546 0.559 0.36 0.614 1.452 0.01 1.826 0.01 1.229
1530.2 1.0 1.0 1.0 1.546 0.559 0.36 0.614 1.452 0.01 1.827 0.01 1.23
1530.3 1.0 1.0 1.0 1.546 0.559 0.36 0.614 1.452 0.01 1.828 0.01 1.23
1530.4 1.0 1.0 1.0 1.546 0.559 0.36 0.614 1.452 0.01 1.829 0.01 1.231
1530.5 1.0 1.0 1.0 1.546 0.559 0.36 0.614 1.452 0.01 1.83 0.01 1.231
1530.6 1.0 1.0 1.0 1.546 0.559 0.36 0.614 1.452 0.01 1.831 0.01 1.232
1530.7 1.0 1.0 1.0 1.546 0.559 0.36 0.614 1.452 0.01 1.832 0.01 1.232
1530.8 1.0 1.0 1.0 1.546 0.559 0.36 0.614 1.452 0.01 1.833 0.01 1.232
1530.9 1.0 1.0 1.0 1.546 0.559 0.36 0.614 1.452 0.01 1.834 0.01 1.233
1531.0 1.0 1.0 1.0 1.546 0.559 0.36 0.614 1.452 0.01 1.835 0.01 1.233
1531.1 1.0 1.0 1.0 1.546 0.559 0.36 0.614 1.452 0.01 1.835 0.01 1.234
1531.2 1.0 1.0 1.0 1.546 0.559 0.36 0.614 1.452 0.01 1.836 0.01 1.234
1531.3 1.0 1.0 1.0 1.546 0.559 0.36 0.614 1.452 0.01 1.837 0.01 1.234
1531.4 1.0 1.0 1.0 1.546 0.559 0.36 0.614 1.452 0.01 1.838 0.01 1.235
1531.5 1.0 1.0 1.0 1.546 0.559 0.36 0.614 1.452 0.01 1.839 0.01 1.235
1531.6 1.0 1.0 1.0 1.546 0.559 0.36 0.614 1.452 0.01 1.84 0.01 1.235
1531.7 1.0 1.0 1.0 1.546 0.559 0.36 0.614 1.452 0.01 1.84 0.01 1.236
1531.8 1.0 1.0 1.0 1.546 0.559 0.36 0.614 1.452 0.01 1.841 0.01 1.236
1531.9 1.0 1.0 1.0 1.546 0.559 0.36 0.614 1.452 0.01 1.842 0.01 1.236
1532.0 1.0 1.0 1.0 1.546 0.559 0.36 0.614 1.452 0.01 1.843 0.01 1.237
1532.1 1.0 1.0 1.0 1.546 0.559 0.36 0.614 1.452 0.01 1.844 0.01 1.237
1532.2 1.0 1.0 1.0 1.546 0.559 0.36 0.614 1.452 0.01 1.844 0.01 1.237
1532.3 1.0 1.0 1.0 1.546 0.559 0.36 0.614 1.452 0.01 1.845 0.01 1.238
1532.4 1.0 1.0 1.0 1.546 0.559 0.36 0.614 1.452 0.01 1.846 0.01 1.238
1532.5 1.0 1.0 1.0 1.546 0.559 0.36 0.614 1.452 0.01 1.846 0.01 1.238
1532.6 1.0 1.0 1.0 1.546 0.559 0.36 0.614 1.452 0.01 1.847 0.01 1.239
1532.7 1.0 1.0 1.0 1.546 0.559 0.36 0.614 1.452 0.01 1.848 0.01 1.239
1532.8 1.0 1.0 1.0 1.546 0.559 0.36 0.614 1.452 0.01 1.848 0.01 1.239
1532.9 1.0 1.0 1.0 1.546 0.559 0.36 0.614 1.452 0.01 1.849 0.01 1.239
1533.0 1.0 1.0 1.0 1.546 0.559 0.36 0.614 1.452 0.01 1.85 0.01 1.24
1533.1 1.0 1.0 1.0 1.546 0.559 0.36 0.614 1.452 0.01 1.85 0.01 1.24
1533.2 1.0 1.0 1.0 1.546 0.559 0.36 0.614 1.452 0.01 1.851 0.01 1.24
1533.3 1.0 1.0 1.0 1.546 0.559 0.36 0.614 1.452 0.01 1.851 0.01 1.241
1533.4 1.0 1.0 1.0 1.546 0.559 0.36 0.614 1.452 0.01 1.852 0.01 1.241
1533.5 1.0 1.0 1.0 1.546 0.559 0.36 0.614 1.452 0.01 1.852 0.01 1.241
1533.6 1.0 1.0 1.0 1.546 0.559 0.36 0.614 1.452 0.01 1.853 0.01 1.241
1533.7 1.0 1.0 1.0 1.546 0.559 0.36 0.614 1.452 0.01 1.854 0.01 1.241
1533.8 1.0 1.0 1.0 1.546 0.559 0.36 0.614 1.452 0.01 1.854 0.01 1.242
1533.9 1.0 1.0 1.0 1.546 0.559 0.36 0.614 1.452 0.01 1.855 0.01 1.242
1534.0 1.0 1.0 1.0 1.546 0.559 0.36 0.614 1.452 0.01 1.855 0.01 1.242
1534.1 1.0 1.0 1.0 1.546 0.559 0.36 0.614 1.452 0.01 1.856 0.01 1.242
1534.2 1.0 1.0 1.0 1.546 0.559 0.36 0.614 1.452 0.01 1.856 0.01 1.243
1534.3 1.0 1.0 1.0 1.546 0.559 0.36 0.614 1.452 0.01 1.857 0.01 1.243
1534.4 1.0 1.0 1.0 1.546 0.559 0.36 0.614 1.452 0.01 1.857 0.01 1.243
1534.5 1.0 1.0 1.0 1.546 0.559 0.36 0.614 1.452 0.01 1.858 0.01 1.243
1534.6 1.0 1.0 1.0 1.546 0.559 0.36 0.614 1.452 0.01 1.858 0.01 1.243
1534.7 1.0 1.0 1.0 1.546 0.559 0.36 0.614 1.452 0.01 1.858 0.01 1.244
1534.8 1.0 1.0 1.0 1.546 0.559 0.36 0.614 1.452 0.01 1.859 0.01 1.244
1534.9 1.0 1.0 1.0 1.546 0.559 0.36 0.614 1.452 0.01 1.859 0.01 1.244
1535.0 1.0 1.0 1.0 1.546 0.559 0.36 0.614 1.452 0.01 1.86 0.01 1.244
1535.1 1.0 1.0 1.0 1.546 0.559 0.36 0.614 1.452 0.01 1.86 0.01 1.244
1535.2 1.0 1.0 1.0 1.546 0.559 0.36 0.614 1.452 0.01 1.86 0.01 1.244
1535.3 1.0 1.0 1.0 1.546 0.559 0.36 0.614 1.452 0.01 1.861 0.01 1.245
1535.4 1.0 1.0 1.0 1.546 0.559 0.36 0.614 1.452 0.01 1.861 0.01 1.245
1535.5 1.0 1.0 1.0 1.546 0.559 0.36 0.614 1.452 0.01 1.862 0.01 1.245
1535.6 1.0 1.0 1.0 1.546 0.559 0.36 0.614 1.452 0.01 1.862 0.01 1.245
1535.7 1.0 1.0 1.0 1.546 0.559 0.36 0.614 1.452 0.01 1.862 0.01 1.245
1535.8 1.0 1.0 1.0 1.546 0.559 0.36 0.614 1.452 0.01 1.863 0.01 1.245
1535.9 1.0 1.0 1.0 1.546 0.559 0.36 0.614 1.452 0.01 1.863 0.01 1.246
1536.0 1.0 1.0 1.0 1.546 0.559 0.36 0.614 1.452 0.01 1.863 0.01 1.246
1536.1 1.0 1.0 1.0 1.546 0.559 0.36 0.614 1.452 0.01 1.864 0.01 1.246
1536.2 1.0 1.0 1.0 1.546 0.559 0.36 0.614 1.452 0.01 1.864 0.01 1.246
1536.3 1.0 1.0 1.0 1.546 0.559 0.36 0.614 1.452 0.01 1.864 0.01 1.246
1536.4 1.0 1.0 1.0 1.546 0.559 0.36 0.614 1.452 0.01 1.865 0.01 1.246
1536.5 1.0 1.0 1.0 1.546 0.559 0.36 0.614 1.452 0.01 1.865 0.01 1.246
1536.6 1.0 1.0 1.0 1.546 0.559 0.36 0.614 1.452 0.01 1.865 0.01 1.247
1536.7 1.0 1.0 1.0 1.546 0.559 0.36 0.614 1.452 0.01 1.866 0.01 1.247
1536.8 1.0 1.0 1.0 1.546 0.559 0.36 0.614 1.452 0.01 1.866 0.01 1.247
1536.9 1.0 1.0 1.0 1.546 0.559 0.36 0.614 1.452 0.01 1.866 0.01 1.247
1537.0 1.0 1.0 1.0 1.546 0.559 0.36 0.614 1.452 0.01 1.866 0.01 1.247
1537.1 1.0 1.0 1.0 1.546 0.559 0.36 0.614 1.452 0.01 1.867 0.01 1.247
1537.2 1.0 1.0 1.0 1.546 0.559 0.36 0.614 1.452 0.01 1.867 0.01 1.247
1537.3 1.0 1.0 1.0 1.546 0.559 0.36 0.614 1.452 0.01 1.867 0.01 1.247
1537.4 1.0 1.0 1.0 1.546 0.559 0.36 0.614 1.452 0.01 1.868 0.01 1.247
1537.5 1.0 1.0 1.0 1.546 0.559 0.36 0.614 1.452 0.01 1.868 0.01 1.248
1537.6 1.0 1.0 1.0 1.546 0.559 0.36 0.614 1.452 0.01 1.868 0.01 1.248
1537.7 1.0 1.0 1.0 1.546 0.559 0.36 0.614 1.452 0.01 1.868 0.01 1.248
1537.8 1.0 1.0 1.0 1.546 0.559 0.36 0.614 1.452 0.01 1.868 0.01 1.248
1537.9 1.0 1.0 1.0 1.546 0.559 0.36 0.614 1.452 0.01 1.869 0.01 1.248
1538.0 1.0 1.0 1.0 1.546 0.559 0.36 0.614 1.452 0.01 1.869 0.01 1.248
1538.1 1.0 1.0 1.0 1.546 0.559 0.36 0.614 1.452 0.01 1.869 0.01 1.248
1538.2 1.0 1.0 1.0 1.546 0.559 0.36 0.614 1.452 0.01 1.869 0.01 1.248
1538.3 1.0 1.0 1.0 1.546 0.559 0.36 0.614 1.452 0.01 1.87 0.01 1.248
1538.4 1.0 1.0 1.0 1.546 0.559 0.36 0.614 1.452 0.01 1.87 0.01 1.248
1538.5 1.0 1.0 1.0 1.546 0.559 0.36 0.614 1.452 0.01 1.87 0.01 1.249
1538.6 1.0 1.0 1.0 1.546 0.559 0.36 0.614 1.452 0.01 1.87 0.01 1.249
1538.7 1.0 1.0 1.0 1.546 0.559 0.36 0.614 1.452 0.01 1.87 0.01 1.249
1538.8 1.0 1.0 1.0 1.546 0.559 0.36 0.614 1.452 0.01 1.871 0.01 1.249
1538.9 1.0 1.0 1.0 1.546 0.559 0.36 0.614 1.452 0.01 1.871 0.01 1.249
1539.0 1.0 1.0 1.0 1.546 0.559 0.36 0.614 1.452 0.01 1.871 0.01 1.249
1539.1 1.0 1.0 1.0 1.546 0.559 0.36 0.614 1.452 0.01 1.871 0.01 1.249
1539.2 1.0 1.0 1.0 1.546 0.559 0.36 0.614 1.452 0.01 1.871 0.01 1.249
1539.3 1.0 1.0 1.0 1.546 0.559 0.36 0.614 1.452 0.01 1.872 0.01 1.249
1539.4 1.0 1.0 1.0 1.546 0.559 0.36 0.614 1.452 0.01 1.872 0.01 1.249
1539.5 1.0 1.0 1.0 1.546 0.559 0.36 0.614 1.452 0.01 1.872 0.01 1.249
1539.6 1.0 1.0 1.0 1.546 0.559 0.36 0.614 1.452 0.01 1.872 0.01 1.249
1539.7 1.0 1.0 1.0 1.546 0.559 0.36 0.614 1.452 0.01 1.872 0.01 1.249
1539.8 1.0 1.0 1.0 1.546 0.559 0.36 0.614 1.452 0.01 1.872 0.01 1.25
1539.9 1.0 1.0 1.0 1.546 0.559 0.36 0.614 1.452 0.01 1.873 0.01 1.25
1540.0 1.0 1.0 1.0 1.546 0.559 0.36 0.614 1.452 0.01 1.873 0.01 1.25
1540.1 1.0 1.0 1.0 1.546 0.559 0.36 0.614 1.452 0.01 1.873 0.01 1.25
1540.2 1.0 1.0 1.0 1.546 0.559 0.36 0.614 1.452 0.01 1.873 0.01 1.25
1540.3 1.0 1.0 1.0 1.546 0.559 0.36 0.614 1.452 0.01 1.873 0.01 1.25
1540.4 1.0 1.0 1.0 1.546 0.559 0.36 0.614 1.452 0.01 1.873 0.01 1.25
1540.5 1.0 1.0 1.0 1.546 0.559 0.36 0.614 1.452 0.01 1.873 0.01 1.25
1540.6 1.0 1.0 1.0 1.546 0.559 0.36 0.614 1.452 0.01 1.874 0.01 1.25
1540.7 1.0 1.0 1.0 1.546 0.559 0.36 0.614 1.452 0.01 1.874 0.01 1.25
1540.8 1.0 1.0 1.0 1.546 0.559 0.36 0.614 1.452 0.01 1.874 0.01 1.25
1540.9 1.0 1.0 1.0 1.546 0.559 0.36 0.614 1.452 0.01 1.874 0.01 1.25
1541.0 1.0 1.0 1.0 1.546 0.559 0.36 0.614 1.452 0.01 1.874 0.01 1.25
1541.1 1.0 1.0 1.0 1.546 0.559 0.36 0.614 1.452 0.01 1.874 0.01 1.25
1541.2 1.0 1.0 1.0 1.546 0.559 0.36 0.614 1.452 0.01 1.874 0.01 1.25
1541.3 1.0 1.0 1.0 1.546 0.559 0.36 0.614 1.452 0.01 1.874 0.01 1.25
1541.4 1.0 1.0 1.0 1.546 0.559 0.36 0.614 1.452 0.01 1.874 0.01 1.25
1541.5 1.0 1.0 1.0 1.546 0.559 0.36 0.614 1.452 0.01 1.875 0.01 1.251
1541.6 1.0 1.0 1.0 1.546 0.559 0.36 0.614 1.452 0.01 1.875 0.01 1.251
1541.7 1.0 1.0 1.0 1.546 0.559 0.36 0.614 1.452 0.01 1.875 0.01 1.251
1541.8 1.0 1.0 1.0 1.546 0.559 0.36 0.614 1.452 0.01 1.875 0.01 1.251
1541.9 1.0 1.0 1.0 1.546 0.559 0.36 0.614 1.452 0.01 1.875 0.01 1.251
1542.0 1.0 1.0 1.0 1.546 0.559 0.36 0.614 1.452 0.01 1.875 0.01 1.251
1542.1 1.0 1.0 1.0 1.546 0.559 0.36 0.614 1.452 0.01 1.875 0.01 1.251
1542.2 1.0 1.0 1.0 1.546 0.559 0.36 0.614 1.452 0.01 1.875 0.01 1.251
1542.3 1.0 1.0 1.0 1.546 0.559 0.36 0.614 1.452 0.01 1.875 0.01 1.251
1542.4 1.0 1.0 1.0 1.546 0.559 0.36 0.614 1.452 0.01 1.876 0.01 1.251
1542.5 1.0 1.0 1.0 1.546 0.559 0.36 0.614 1.452 0.01 1.876 0.01 1.251
1542.6 1.0 1.0 1.0 1.546 0.559 0.36 0.614 1.452 0.01 1.876 0.01 1.251
1542.7 1.0 1.0 1.0 1.546 0.559 0.36 0.614 1.452 0.01 1.876 0.01 1.251
1542.8 1.0 1.0 1.0 1.546 0.559 0.36 0.614 1.452 0.01 1.876 0.01 1.251
1542.9 1.0 1.0 1.0 1.546 0.559 0.36 0.614 1.452 0.01 1.876 0.01 1.251
1543.0 1.0 1.0 1.0 1.546 0.559 0.36 0.614 1.452 0.01 1.876 0.01 1.251
1543.1 1.0 1.0 1.0 1.546 0.559 0.36 0.614 1.452 0.01 1.876 0.01 1.251
1543.2 1.0 1.0 1.0 1.546 0.559 0.36 0.614 1.452 0.01 1.876 0.01 1.251
1543.3 1.0 1.0 1.0 1.546 0.559 0.36 0.614 1.452 0.01 1.876 0.01 1.251
1543.4 1.0 1.0 1.0 1.546 0.559 0.36 0.614 1.452 0.01 1.876 0.01 1.251
1543.5 1.0 1.0 1.0 1.546 0.559 0.36 0.614 1.452 0.01 1.876 0.01 1.251
1543.6 1.0 1.0 1.0 1.546 0.559 0.36 0.614 1.452 0.01 1.877 0.01 1.251
1543.7 1.0 1.0 1.0 1.546 0.559 0.36 0.614 1.452 0.01 1.877 0.01 1.251
1543.8 1.0 1.0 1.0 1.546 0.559 0.36 0.614 1.452 0.01 1.877 0.01 1.251
1543.9 1.0 1.0 1.0 1.546 0.559 0.36 0.614 1.452 0.01 1.877 0.01 1.251
1544.0 1.0 1.0 1.0 1.546 0.559 0.36 0.614 1.452 0.01 1.877 0.01 1.251
1544.1 1.0 1.0 1.0 1.546 0.559 0.36 0.614 1.452 0.01 1.877 0.01 1.251
1544.2 1.0 1.0 1.0 1.546 0.559 0.36 0.614 1.452 0.01 1.877 0.01 1.252
1544.3 1.0 1.0 1.0 1.546 0.559 0.36 0.614 1.452 0.01 1.877 0.01 1.252
1544.4 1.0 1.0 1.0 1.546 0.559 0.36 0.614 1.452 0.01 1.877 0.01 1.252
1544.5 1.0 1.0 1.0 1.546 0.559 0.36 0.614 1.452 0.01 1.877 0.01 1.252
1544.6 1.0 1.0 1.0 1.546 0.559 0.36 0.614 1.452 0.01 1.877 0.01 1.252
1544.7 1.0 1.0 1.0 1.546 0.559 0.36 0.614 1.452 0.01 1.877 0.01 1.252
1544.8 1.0 1.0 1.0 1.546 0.559 0.36 0.614 1.452 0.01 1.877 0.01 1.252
1544.9 1.0 1.0 1.0 1.546 0.559 0.36 0.614 1.452 0.01 1.877 0.01 1.252
1545.0 1.0 1.0 1.0 1.546 0.559 0.36 0.614 1.452 0.01 1.877 0.01 1.252
1545.1 1.0 1.0 1.0 1.546 0.559 0.36 0.614 1.452 0.01 1.877 0.01 1.252
1545.2 1.0 1.0 1.0 1.546 0.559 0.36 0.614 1.452 0.01 1.878 0.01 1.252
1545.3 1.0 1.0 1.0 1.546 0.559 0.36 0.614 1.452 0.01 1.878 0.01 1.252
1545.4 1.0 1.0 1.0 1.546 0.559 0.36 0.614 1.452 0.01 1.878 0.01 1.252
1545.5 1.0 1.0 1.0 1.546 0.559 0.36 0.614 1.452 0.01 1.878 0.01 1.252
1545.6 1.0 1.0 1.0 1.546 0.559 0.36 0.614 1.452 0.01 1.878 0.01 1.252
1545.7 1.0 1.0 1.0 1.546 0.559 0.36 0.614 1.452 0.01 1.878 0.01 1.252
1545.8 1.0 1.0 1.0 1.546 0.559 0.36 0.614 1.452 0.01 1.878 0.01 1.252
1545.9 1.0 1.0 1.0 1.546 0.559 0.36 0.614 1.452 0.01 1.878 0.01 1.252
1546.0 1.0 1.0 1.0 1.546 0.559 0.36 0.614 1.452 0.01 1.878 0.01 1.252
1546.1 1.0 1.0 1.0 1.546 0.559 0.36 0.614 1.452 0.01 1.878 0.01 1.252
1546.2 1.0 1.0 1.0 1.546 0.559 0.36 0.614 1.452 0.01 1.878 0.01 1.252
1546.3 1.0 1.0 1.0 1.546 0.559 0.36 0.614 1.452 0.01 1.878 0.01 1.252
1546.4 1.0 1.0 1.0 1.546 0.559 0.36 0.614 1.452 0.01 1.878 0.01 1.252
1546.5 1.0 1.0 1.0 1.546 0.559 0.36 0.614 1.452 0.01 1.878 0.01 1.252
1546.6 1.0 1.0 1.0 1.546 0.559 0.36 0.614 1.452 0.01 1.878 0.01 1.252
1546.7 1.0 1.0 1.0 1.546 0.559 0.36 0.614 1.452 0.01 1.878 0.01 1.252
1546.8 1.0 1.0 1.0 1.546 0.559 0.36 0.614 1.452 0.01 1.878 0.01 1.252
1546.9 1.0 1.0 1.0 1.546 0.559 0.36 0.614 1.452 0.01 1.878 0.01 1.252
1547.0 1.0 1.0 1.0 1.546 0.559 0.36 0.614 1.452 0.01 1.878 0.01 1.252
1547.1 1.0 1.0 1.0 1.546 0.559 0.36 0.614 1.452 0.01 1.878 0.01 1.252
1547.2 1.0 1.0 1.0 1.546 0.559 0.36 0.614 1.452 0.01 1.878 0.01 1.252
1547.3 1.0 1.0 1.0 1.546 0.559 0.36 0.614 1.452 0.01 1.878 0.01 1.252
1547.4 1.0 1.0 1.0 1.546 0.559 0.36 0.614 1.452 0.01 1.878 0.01 1.252
1547.5 1.0 1.0 1.0 1.546 0.559 0.36 0.614 1.452 0.01 1.878 0.01 1.252
1547.6 1.0 1.0 1.0 1.546 0.559 0.36 0.614 1.452 0.01 1.879 0.01 1.252
1547.7 1.0 1.0 1.0 1.546 0.559 0.36 0.614 1.452 0.01 1.879 0.01 1.252
1547.8 1.0 1.0 1.0 1.546 0.559 0.36 0.614 1.452 0.01 1.879 0.01 1.252
1547.9 1.0 1.0 1.0 1.546 0.559 0.36 0.614 1.452 0.01 1.879 0.01 1.252
1548.0 1.0 1.0 1.0 1.546 0.559 0.36 0.614 1.452 0.01 1.879 0.01 1.252
1548.1 1.0 1.0 1.0 1.546 0.559 0.36 0.614 1.452 0.01 1.879 0.01 1.252
1548.2 1.0 1.0 1.0 1.546 0.559 0.36 0.614 1.452 0.01 1.879 0.01 1.252
1548.3 1.0 1.0 1.0 1.546 0.559 0.36 0.614 1.452 0.01 1.879 0.01 1.252
1548.4 1.0 1.0 1.0 1.546 0.559 0.36 0.614 1.452 0.01 1.879 0.01 1.252
1548.5 1.0 1.0 1.0 1.546 0.559 0.36 0.614 1.452 0.01 1.879 0.01 1.252
1548.6 1.0 1.0 1.0 1.546 0.559 0.36 0.614 1.452 0.01 1.879 0.01 1.252
1548.7 1.0 1.0 1.0 1.546 0.559 0.36 0.614 1.452 0.01 1.879 0.01 1.252
1548.8 1.0 1.0 1.0 1.546 0.559 0.36 0.614 1.452 0.01 1.879 0.01 1.252
1548.9 1.0 1.0 1.0 1.546 0.559 0.36 0.614 1.452 0.01 1.879 0.01 1.252
1549.0 1.0 1.0 1.0 1.546 0.559 0.36 0.614 1.452 0.01 1.879 0.01 1.252
1549.1 1.0 1.0 1.0 1.546 0.559 0.36 0.614 1.452 0.01 1.879 0.01 1.252
1549.2 1.0 1.0 1.0 1.546 0.559 0.36 0.614 1.452 0.01 1.879 0.01 1.252
1549.3 1.0 1.0 1.0 1.546 0.559 0.36 0.614 1.452 0.01 1.879 0.01 1.252
1549.4 1.0 1.0 1.0 1.546 0.559 0.36 0.614 1.452 0.01 1.879 0.01 1.252
1549.5 1.0 1.0 1.0 1.546 0.559 0.36 0.614 1.452 0.01 1.879 0.01 1.252
1549.6 1.0 1.0 1.0 1.546 0.559 0.36 0.614 1.452 0.01 1.879 0.01 1.252
1549.7 1.0 1.0 1.0 1.546 0.559 0.36 0.614 1.452 0.01 1.879 0.01 1.252
1549.8 1.0 1.0 1.0 1.546 0.559 0.36 0.614 1.452 0.01 1.879 0.01 1.252
1549.9 1.0 1.0 1.0 1.546 0.559 0.36 0.614 1.452 0.01 1.879 0.01 1.252
1550.0 1.0 1.0 1.0 1.546 0.559 0.36 0.614 1.452 0.01 1.879 0.01 1.252
1550.1 1.0 1.0 1.0 1.546 0.559 0.36 0.614 1.452 0.01 1.879 0.01 1.252
1550.2 1.0 1.0 1.0 1.546 0.559 0.36 0.614 1.452 0.01 1.879 0.01 1.252
1550.3 1.0 1.0 1.0 1.546 0.559 0.36 0.614 1.452 0.01 1.879 0.01 1.252
1550.4 1.0 1.0 1.0 1.546 0.559 0.36 0.614 1.452 0.01 1.879 0.01 1.252
1550.5 1.0 1.0 1.0 1.546 0.559 0.36 0.614 1.452 0.01 1.879 0.01 1.252
1550.6 1.0 1.0 1.0 1.546 0.559 0.36 0.614 1.452 0.01 1.879 0.01 1.253
1550.7 1.0 1.0 1.0 1.546 0.559 0.36 0.614 1.452 0.01 1.879 0.01 1.253
1550.8 1.0 1.0 1.0 1.546 0.559 0.36 0.614 1.452 0.01 1.879 0.01 1.253
1550.9 1.0 1.0 1.0 1.546 0.559 0.36 0.614 1.452 0.01 1.879 0.01 1.253
1551.0 1.0 1.0 1.0 1.546 0.559 0.36 0.614 1.452 0.01 1.879 0.01 1.253
1551.1 1.0 1.0 1.0 1.546 0.559 0.36 0.614 1.452 0.01 1.879 0.01 1.253
1551.2 1.0 1.0 1.0 1.546 0.559 0.36 0.614 1.452 0.01 1.879 0.01 1.253
1551.3 1.0 1.0 1.0 1.546 0.559 0.36 0.614 1.452 0.01 1.879 0.01 1.253
1551.4 1.0 1.0 1.0 1.546 0.559 0.36 0.614 1.452 0.01 1.879 0.01 1.253
1551.5 1.0 1.0 1.0 1.546 0.559 0.36 0.614 1.452 0.01 1.879 0.01 1.253
1551.6 1.0 1.0 1.0 1.546 0.559 0.36 0.614 1.452 0.01 1.879 0.01 1.253
1551.7 1.0 1.0 1.0 1.546 0.559 0.36 0.614 1.452 0.01 1.879 0.01 1.253
1551.8 1.0 1.0 1.0 1.546 0.559 0.36 0.614 1.452 0.01 1.879 0.01 1.253
1551.9 1.0 1.0 1.0 1.546 0.559 0.36 0.614 1.452 0.01 1.879 0.01 1.253
1552.0 1.0 1.0 1.0 1.546 0.559 0.36 0.614 1.452 0.01 1.879 0.01 1.253
1552.1 1.0 1.0 1.0 1.546 0.559 0.36 0.614 1.452 0.01 1.879 0.01 1.253
1552.2 1.0 1.0 1.0 1.546 0.559 0.36 0.614 1.452 0.01 1.879 0.01 1.253
1552.3 1.0 1.0 1.0 1.546 0.559 0.36 0.614 1.452 0.01 1.88 0.01 1.253
1552.4 1.0 1.0 1.0 1.546 0.559 0.36 0.614 1.452 0.01 1.88 0.01 1.253
1552.5 1.0 1.0 1.0 1.546 0.559 0.36 0.614 1.452 0.01 1.88 0.01 1.253
1552.6 1.0 1.0 1.0 1.546 0.559 0.36 0.614 1.452 0.01 1.88 0.01 1.253
1552.7 1.0 1.0 1.0 1.546 0.559 0.36 0.614 1.452 0.01 1.88 0.01 1.253
1552.8 1.0 1.0 1.0 1.546 0.559 0.36 0.614 1.452 0.01 1.88 0.01 1.253
1552.9 1.0 1.0 1.0 1.546 0.559 0.36 0.614 1.452 0.01 1.88 0.01 1.253
1553.0 1.0 1.0 1.0 1.546 0.559 0.36 0.614 1.452 0.01 1.88 0.01 1.253
1553.1 1.0 1.0 1.0 1.546 0.559 0.36 0.614 1.452 0.01 1.88 0.01 1.253
1553.2 1.0 1.0 1.0 1.546 0.559 0.36 0.614 1.452 0.01 1.88 0.01 1.253
1553.3 1.0 1.0 1.0 1.546 0.559 0.36 0.614 1.452 0.01 1.88 0.01 1.253
1553.4 1.0 1.0 1.0 1.546 0.559 0.36 0.614 1.452 0.01 1.88 0.01 1.253
1553.5 1.0 1.0 1.0 1.546 0.559 0.36 0.614 1.452 0.01 1.88 0.01 1.253
1553.6 1.0 1.0 1.0 1.546 0.559 0.36 0.614 1.452 0.01 1.88 0.01 1.253
1553.7 1.0 1.0 1.0 1.546 0.559 0.36 0.614 1.452 0.01 1.88 0.01 1.253
1553.8 1.0 1.0 1.0 1.546 0.559 0.36 0.614 1.452 0.01 1.88 0.01 1.253
1553.9 1.0 1.0 1.0 1.546 0.559 0.36 0.614 1.452 0.01 1.88 0.01 1.253
1554.0 1.0 1.0 1.0 1.546 0.559 0.36 0.614 1.452 0.01 1.88 0.01 1.253
1554.1 1.0 1.0 1.0 1.546 0.559 0.36 0.614 1.452 0.01 1.88 0.01 1.253
1554.2 1.0 1.0 1.0 1.546 0.559 0.36 0.614 1.452 0.01 1.88 0.01 1.253
1554.3 1.0 1.0 1.0 1.546 0.559 0.36 0.614 1.452 0.01 1.88 0.01 1.253
1554.4 1.0 1.0 1.0 1.546 0.559 0.36 0.614 1.452 0.01 1.88 0.01 1.253
1554.5 1.0 1.0 1.0 1.546 0.559 0.36 0.614 1.452 0.01 1.88 0.01 1.253
1554.6 1.0 1.0 1.0 1.546 0.559 0.36 0.614 1.452 0.01 1.88 0.01 1.253
1554.7 1.0 1.0 1.0 1.546 0.559 0.36 0.614 1.452 0.01 1.88 0.01 1.253
1554.8 1.0 1.0 1.0 1.546 0.559 0.36 0.614 1.452 0.01 1.88 0.01 1.253
1554.9 1.0 1.0 1.0 1.546 0.559 0.36 0.614 1.452 0.01 1.88 0.01 1.253
1555.0 1.0 1.0 1.0 1.546 0.559 0.36 0.614 1.452 0.01 1.88 0.01 1.253
1555.1 1.0 1.0 1.0 1.546 0.559 0.36 0.614 1.452 0.01 1.88 0.01 1.253
1555.2 1.0 1.0 1.0 1.546 0.559 0.36 0.614 1.452 0.01 1.88 0.01 1.253
1555.3 1.0 1.0 1.0 1.546 0.559 0.36 0.614 1.452 0.01 1.88 0.01 1.253
1555.4 1.0 1.0 1.0 1.546 0.559 0.36 0.614 1.452 0.01 1.88 0.01 1.253
1555.5 1.0 1.0 1.0 1.546 0.559 0.36 0.614 1.452 0.01 1.88 0.01 1.253
1555.6 1.0 1.0 1.0 1.546 0.559 0.36 0.614 1.452 0.01 1.88 0.01 1.253
1555.7 1.0 1.0 1.0 1.546 0.559 0.36 0.614 1.452 0.01 1.88 0.01 1.253
1555.8 1.0 1.0 1.0 1.546 0.559 0.36 0.614 1.452 0.01 1.88 0.01 1.253
1555.9 1.0 1.0 1.0 1.546 0.559 0.36 0.614 1.452 0.01 1.88 0.01 1.253
1556.0 1.0 1.0 1.0 1.546 0.559 0.36 0.614 1.452 0.01 1.88 0.01 1.253
1556.1 1.0 1.0 1.0 1.546 0.559 0.36 0.614 1.452 0.01 1.88 0.01 1.253
1556.2 1.0 1.0 1.0 1.546 0.559 0.36 0.614 1.452 0.01 1.88 0.01 1.253
1556.3 1.0 1.0 1.0 1.546 0.559 0.36 0.614 1.452 0.01 1.88 0.01 1.253
1556.4 1.0 1.0 1.0 1.546 0.559 0.36 0.614 1.452 0.01 1.88 0.01 1.253
1556.5 1.0 1.0 1.0 1.546 0.559 0.36 0.614 1.452 0.01 1.88 0.01 1.253
1556.6 1.0 1.0 1.0 1.546 0.559 0.36 0.614 1.452 0.01 1.88 0.01 1.253
1556.7 1.0 1.0 1.0 1.546 0.559 0.36 0.614 1.452 0.01 1.88 0.01 1.253
1556.8 1.0 1.0 1.0 1.546 0.559 0.36 0.614 1.452 0.01 1.88 0.01 1.253
1556.9 1.0 1.0 1.0 1.546 0.559 0.36 0.614 1.452 0.01 1.88 0.01 1.253
1557.0 1.0 1.0 1.0 1.546 0.559 0.36 0.614 1.452 0.01 1.88 0.01 1.253
1557.1 1.0 1.0 1.0 1.546 0.559 0.36 0.614 1.452 0.01 1.88 0.01 1.253
1557.2 1.0 1.0 1.0 1.546 0.559 0.36 0.614 1.452 0.01 1.88 0.01 1.253
1557.3 1.0 1.0 1.0 1.546 0.559 0.36 0.614 1.452 0.01 1.88 0.01 1.253
1557.4 1.0 1.0 1.0 1.546 0.559 0.36 0.614 1.452 0.01 1.88 0.01 1.253
1557.5 1.0 1.0 1.0 1.546 0.559 0.36 0.614 1.452 0.01 1.88 0.01 1.253
1557.6 1.0 1.0 1.0 1.546 0.559 0.36 0.614 1.452 0.01 1.88 0.01 1.253
1557.7 1.0 1.0 1.0 1.546 0.559 0.36 0.614 1.452 0.01 1.88 0.01 1.253
1557.8 1.0 1.0 1.0 1.546 0.559 0.36 0.614 1.452 0.01 1.88 0.01 1.253
1557.9 1.0 1.0 1.0 1.546 0.559 0.36 0.614 1.452 0.01 1.88 0.01 1.253
1558.0 1.0 1.0 1.0 1.546 0.559 0.36 0.614 1.452 0.01 1.88 0.01 1.253
1558.1 1.0 1.0 1.0 1.546 0.559 0.36 0.614 1.452 0.01 1.88 0.01 1.253
1558.2 1.0 1.0 1.0 1.546 0.559 0.36 0.614 1.452 0.01 1.88 0.01 1.253
1558.3 1.0 1.0 1.0 1.546 0.559 0.36 0.614 1.452 0.01 1.88 0.01 1.253
1558.4 1.0 1.0 1.0 1.546 0.559 0.36 0.614 1.452 0.01 1.88 0.01 1.253
1558.5 1.0 1.0 1.0 1.546 0.559 0.36 0.614 1.452 0.01 1.88 0.01 1.253
1558.6 1.0 1.0 1.0 1.546 0.559 0.36 0.614 1.452 0.01 1.88 0.01 1.253
1558.7 1.0 1.0 1.0 1.546 0.559 0.36 0.614 1.452 0.01 1.88 0.01 1.253
1558.8 1.0 1.0 1.0 1.546 0.559 0.36 0.614 1.452 0.01 1.88 0.01 1.253
1558.9 1.0 1.0 1.0 1.546 0.559 0.36 0.614 1.452 0.01 1.88 0.01 1.253
1559.0 1.0 1.0 1.0 1.546 0.559 0.36 0.614 1.452 0.01 1.88 0.01 1.253
1559.1 1.0 1.0 1.0 1.546 0.559 0.36 0.614 1.452 0.01 1.88 0.01 1.253
1559.2 1.0 1.0 1.0 1.546 0.559 0.36 0.614 1.452 0.01 1.88 0.01 1.253
1559.3 1.0 1.0 1.0 1.546 0.559 0.36 0.614 1.452 0.01 1.88 0.01 1.253
1559.4 1.0 1.0 1.0 1.546 0.559 0.36 0.614 1.452 0.01 1.88 0.01 1.253
1559.5 1.0 1.0 1.0 1.546 0.559 0.36 0.614 1.452 0.01 1.88 0.01 1.253
1559.6 1.0 1.0 1.0 1.546 0.559 0.36 0.614 1.452 0.01 1.88 0.01 1.253
1559.7 1.0 1.0 1.0 1.546 0.559 0.36 0.614 1.452 0.01 1.88 0.01 1.253
1559.8 1.0 1.0 1.0 1.546 0.559 0.36 0.614 1.452 0.01 1.88 0.01 1.253
1559.9 1.0 1.0 1.0 1.546 0.559 0.36 0.614 1.452 0.01 1.88 0.01 1.253
1560.0 1.0 1.0 1.0 1.546 0.559 0.36 0.614 1.452 0.01 1.88 0.01 1.253
1560.1 1.0 1.0 1.0 1.546 0.559 0.36 0.614 1.452 0.01 1.88 0.01 1.253
1560.2 1.0 1.0 1.0 1.546 0.559 0.36 0.614 1.452 0.01 1.88 0.01 1.253
1560.3 1.0 1.0 1.0 1.546 0.559 0.36 0.614 1.452 0.01 1.88 0.01 1.253
1560.4 1.0 1.0 1.0 1.546 0.559 0.36 0.614 1.452 0.01 1.88 0.01 1.253
1560.5 1.0 1.0 1.0 1.546 0.559 0.36 0.614 1.452 0.01 1.88 0.01 1.253
1560.6 1.0 1.0 1.0 1.546 0.559 0.36 0.614 1.452 0.01 1.88 0.01 1.253
1560.7 1.0 1.0 1.0 1.546 0.559 0.36 0.614 1.452 0.01 1.88 0.01 1.253
1560.8 1.0 1.0 1.0 1.546 0.559 0.36 0.614 1.452 0.01 1.88 0.01 1.253
1560.9 1.0 1.0 1.0 1.546 0.559 0.36 0.614 1.452 0.01 1.88 0.01 1.253
1561.0 1.0 1.0 1.0 1.546 0.559 0.36 0.614 1.452 0.01 1.88 0.01 1.253
1561.1 1.0 1.0 1.0 1.546 0.559 0.36 0.614 1.452 0.01 1.88 0.01 1.253
1561.2 1.0 1.0 1.0 1.546 0.559 0.36 0.614 1.452 0.01 1.88 0.01 1.253
1561.3 1.0 1.0 1.0 1.546 0.559 0.36 0.614 1.452 0.01 1.88 0.01 1.253
1561.4 1.0 1.0 1.0 1.546 0.559 0.36 0.614 1.452 0.01 1.88 0.01 1.253
1561.5 1.0 1.0 1.0 1.546 0.559 0.36 0.614 1.452 0.01 1.88 0.01 1.253
1561.6 1.0 1.0 1.0 1.546 0.559 0.36 0.614 1.452 0.01 1.88 0.01 1.253
1561.7 1.0 1.0 1.0 1.546 0.559 0.36 0.614 1.452 0.01 1.88 0.01 1.253
1561.8 1.0 1.0 1.0 1.546 0.559 0.36 0.614 1.452 0.01 1.88 0.01 1.253
1561.9 1.0 1.0 1.0 1.546 0.559 0.36 0.614 1.452 0.01 1.88 0.01 1.253
1562.0 1.0 1.0 1.0 1.546 0.559 0.36 0.614 1.452 0.01 1.88 0.01 1.253
1562.1 1.0 1.0 1.0 1.546 0.559 0.36 0.614 1.452 0.01 1.88 0.01 1.253
1562.2 1.0 1.0 1.0 1.546 0.559 0.36 0.614 1.452 0.01 1.88 0.01 1.253
1562.3 1.0 1.0 1.0 1.546 0.559 0.36 0.614 1.452 0.01 1.88 0.01 1.253
1562.4 1.0 1.0 1.0 1.546 0.559 0.36 0.614 1.452 0.01 1.88 0.01 1.253
1562.5 1.0 1.0 1.0 1.546 0.559 0.36 0.614 1.452 0.01 1.88 0.01 1.253
1562.6 1.0 1.0 1.0 1.546 0.559 0.36 0.614 1.452 0.01 1.88 0.01 1.253
1562.7 1.0 1.0 1.0 1.546 0.559 0.36 0.614 1.452 0.01 1.88 0.01 1.253
1562.8 1.0 1.0 1.0 1.546 0.559 0.36 0.614 1.452 0.01 1.88 0.01 1.253
1562.9 1.0 1.0 1.0 1.546 0.559 0.36 0.614 1.452 0.01 1.88 0.01 1.253
1563.0 1.0 1.0 1.0 1.546 0.559 0.36 0.614 1.452 0.01 1.88 0.01 1.253
1563.1 1.0 1.0 1.0 1.546 0.559 0.36 0.614 1.452 0.01 1.88 0.01 1.253
1563.2 1.0 1.0 1.0 1.546 0.559 0.36 0.614 1.452 0.01 1.88 0.01 1.253
1563.3 1.0 1.0 1.0 1.546 0.559 0.36 0.614 1.452 0.01 1.88 0.01 1.253
1563.4 1.0 1.0 1.0 1.546 0.559 0.36 0.614 1.452 0.01 1.88 0.01 1.253
1563.5 1.0 1.0 1.0 1.546 0.559 0.36 0.614 1.452 0.01 1.88 0.01 1.253
1563.6 1.0 1.0 1.0 1.546 0.559 0.36 0.614 1.452 0.01 1.88 0.01 1.253
1563.7 1.0 1.0 1.0 1.546 0.559 0.36 0.614 1.452 0.01 1.88 0.01 1.253
1563.8 1.0 1.0 1.0 1.546 0.559 0.36 0.614 1.452 0.01 1.88 0.01 1.253
1563.9 1.0 1.0 1.0 1.546 0.559 0.36 0.614 1.452 0.01 1.88 0.01 1.253
1564.0 1.0 1.0 1.0 1.546 0.559 0.36 0.614 1.452 0.01 1.88 0.01 1.253
1564.1 1.0 1.0 1.0 1.546 0.559 0.36 0.614 1.452 0.01 1.88 0.01 1.253
1564.2 1.0 1.0 1.0 1.546 0.559 0.36 0.614 1.452 0.01 1.88 0.01 1.253
1564.3 1.0 1.0 1.0 1.546 0.559 0.36 0.614 1.452 0.01 1.88 0.01 1.253
1564.4 1.0 1.0 1.0 1.546 0.559 0.36 0.614 1.452 0.01 1.88 0.01 1.253
1564.5 1.0 1.0 1.0 1.546 0.559 0.36 0.614 1.452 0.01 1.88 0.01 1.253
1564.6 1.0 1.0 1.0 1.546 0.559 0.36 0.614 1.452 0.01 1.88 0.01 1.253
1564.7 1.0 1.0 1.0 1.546 0.559 0.36 0.614 1.452 0.01 1.88 0.01 1.253
1564.8 1.0 1.0 1.0 1.546 0.559 0.36 0.614 1.452 0.01 1.88 0.01 1.253
1564.9 1.0 1.0 1.0 1.546 0.559 0.36 0.614 1.452 0.01 1.88 0.01 1.253
1565.0 1.0 1.0 1.0 1.546 0.559 0.36 0.614 1.452 0.01 1.88 0.01 1.253
1565.1 1.0 1.0 1.0 1.546 0.559 0.36 0.614 1.452 0.01 1.88 0.01 1.253
1565.2 1.0 1.0 1.0 1.546 0.559 0.36 0.614 1.452 0.01 1.88 0.01 1.253
1565.3 1.0 1.0 1.0 1.546 0.559 0.36 0.614 1.452 0.01 1.88 0.01 1.253
1565.4 1.0 1.0 1.0 1.546 0.559 0.36 0.614 1.452 0.01 1.88 0.01 1.253
1565.5 1.0 1.0 1.0 1.546 0.559 0.36 0.614 1.452 0.01 1.88 0.01 1.253
1565.6 1.0 1.0 1.0 1.546 0.559 0.36 0.614 1.452 0.01 1.88 0.01 1.253
1565.7 1.0 1.0 1.0 1.546 0.559 0.36 0.614 1.452 0.01 1.88 0.01 1.253
1565.8 1.0 1.0 1.0 1.546 0.559 0.36 0.614 1.452 0.01 1.88 0.01 1.253
1565.9 1.0 1.0 1.0 1.546 0.559 0.36 0.614 1.452 0.01 1.88 0.01 1.253
1566.0 1.0 1.0 1.0 1.546 0.559 0.36 0.614 1.452 0.01 1.88 0.01 1.253
1566.1 1.0 1.0 1.0 1.546 0.559 0.36 0.614 1.452 0.01 1.88 0.01 1.253
1566.2 1.0 1.0 1.0 1.546 0.559 0.36 0.614 1.452 0.01 1.88 0.01 1.253
1566.3 1.0 1.0 1.0 1.546 0.559 0.36 0.614 1.452 0.01 1.88 0.01 1.253
1566.4 1.0 1.0 1.0 1.546 0.559 0.36 0.614 1.452 0.01 1.88 0.01 1.253
1566.5 1.0 1.0 1.0 1.546 0.559 0.36 0.614 1.452 0.01 1.88 0.01 1.253
1566.6 1.0 1.0 1.0 1.546 0.559 0.36 0.614 1.452 0.01 1.88 0.01 1.253
1566.7 1.0 1.0 1.0 1.546 0.559 0.36 0.614 1.452 0.01 1.88 0.01 1.253
1566.8 1.0 1.0 1.0 1.546 0.559 0.36 0.614 1.452 0.01 1.88 0.01 1.253
1566.9 1.0 1.0 1.0 1.546 0.559 0.36 0.614 1.452 0.01 1.88 0.01 1.253
1567.0 1.0 1.0 1.0 1.546 0.559 0.36 0.614 1.452 0.01 1.88 0.01 1.253
1567.1 1.0 1.0 1.0 1.546 0.559 0.36 0.614 1.452 0.01 1.88 0.01 1.253
1567.2 1.0 1.0 1.0 1.546 0.559 0.36 0.614 1.452 0.01 1.88 0.01 1.253
1567.3 1.0 1.0 1.0 1.546 0.559 0.36 0.614 1.452 0.01 1.88 0.01 1.253
1567.4 1.0 1.0 1.0 1.546 0.559 0.36 0.614 1.452 0.01 1.88 0.01 1.253
1567.5 1.0 1.0 1.0 1.546 0.559 0.36 0.614 1.452 0.01 1.88 0.01 1.253
1567.6 1.0 1.0 1.0 1.546 0.559 0.36 0.614 1.452 0.01 1.88 0.01 1.253
1567.7 1.0 1.0 1.0 1.546 0.559 0.36 0.614 1.452 0.01 1.88 0.01 1.253
1567.8 1.0 1.0 1.0 1.546 0.559 0.36 0.614 1.452 0.01 1.88 0.01 1.253
1567.9 1.0 1.0 1.0 1.546 0.559 0.36 0.614 1.452 0.01 1.88 0.01 1.253
1568.0 1.0 1.0 1.0 1.546 0.559 0.36 0.614 1.452 0.01 1.88 0.01 1.253
1568.1 1.0 1.0 1.0 1.546 0.559 0.36 0.614 1.452 0.01 1.88 0.01 1.253
1568.2 1.0 1.0 1.0 1.546 0.559 0.36 0.614 1.452 0.01 1.88 0.01 1.253
1568.3 1.0 1.0 1.0 1.546 0.559 0.36 0.614 1.452 0.01 1.88 0.01 1.253
1568.4 1.0 1.0 1.0 1.546 0.559 0.36 0.614 1.452 0.01 1.88 0.01 1.253
1568.5 1.0 1.0 1.0 1.546 0.559 0.36 0.614 1.452 0.01 1.88 0.01 1.253
1568.6 1.0 1.0 1.0 1.546 0.559 0.36 0.614 1.452 0.01 1.88 0.01 1.253
1568.7 1.0 1.0 1.0 1.546 0.559 0.36 0.614 1.452 0.01 1.88 0.01 1.253
1568.8 1.0 1.0 1.0 1.546 0.559 0.36 0.614 1.452 0.01 1.88 0.01 1.253
1568.9 1.0 1.0 1.0 1.546 0.559 0.36 0.614 1.452 0.01 1.88 0.01 1.253
1569.0 1.0 1.0 1.0 1.546 0.559 0.36 0.614 1.452 0.01 1.88 0.01 1.253
1569.1 1.0 1.0 1.0 1.546 0.559 0.36 0.614 1.452 0.01 1.88 0.01 1.253
1569.2 1.0 1.0 1.0 1.546 0.559 0.36 0.614 1.452 0.01 1.88 0.01 1.253
1569.3 1.0 1.0 1.0 1.546 0.559 0.36 0.614 1.452 0.01 1.88 0.01 1.253
1569.4 1.0 1.0 1.0 1.546 0.559 0.36 0.614 1.452 0.01 1.88 0.01 1.253
1569.5 1.0 1.0 1.0 1.546 0.559 0.36 0.614 1.452 0.01 1.88 0.01 1.253
1569.6 1.0 1.0 1.0 1.546 0.559 0.36 0.614 1.452 0.01 1.88 0.01 1.253
1569.7 1.0 1.0 1.0 1.546 0.559 0.36 0.614 1.452 0.01 1.88 0.01 1.253
1569.8 1.0 1.0 1.0 1.546 0.559 0.36 0.614 1.452 0.01 1.88 0.01 1.253
1569.9 1.0 1.0 1.0 1.546 0.559 0.36 0.614 1.452 0.01 1.88 0.01 1.253
1570.0 1.0 1.0 1.0 1.546 0.559 0.36 0.614 1.452 0.01 1.88 0.01 1.253
1570.1 1.0 1.0 1.0 1.546 0.559 0.36 0.614 1.452 0.01 1.88 0.01 1.253
1570.2 1.0 1.0 1.0 1.546 0.559 0.36 0.614 1.452 0.01 1.88 0.01 1.253
1570.3 1.0 1.0 1.0 1.546 0.559 0.36 0.614 1.452 0.01 1.88 0.01 1.253
1570.4 1.0 1.0 1.0 1.546 0.559 0.36 0.614 1.452 0.01 1.88 0.01 1.253
1570.5 1.0 1.0 1.0 1.546 0.559 0.36 0.614 1.452 0.01 1.88 0.01 1.253
1570.6 1.0 1.0 1.0 1.546 0.559 0.36 0.614 1.452 0.01 1.88 0.01 1.253
1570.7 1.0 1.0 1.0 1.546 0.559 0.36 0.614 1.452 0.01 1.88 0.01 1.253
1570.8 1.0 1.0 1.0 1.546 0.559 0.36 0.614 1.452 0.01 1.88 0.01 1.253
1570.9 1.0 1.0 1.0 1.546 0.559 0.36 0.614 1.452 0.01 1.88 0.01 1.253
1571.0 1.0 1.0 1.0 1.546 0.559 0.36 0.614 1.452 0.01 1.88 0.01 1.253
1571.1 1.0 1.0 1.0 1.546 0.559 0.36 0.614 1.452 0.01 1.88 0.01 1.253
1571.2 1.0 1.0 1.0 1.546 0.559 0.36 0.614 1.452 0.01 1.88 0.01 1.253
1571.3 1.0 1.0 1.0 1.546 0.559 0.36 0.614 1.452 0.01 1.88 0.01 1.253
1571.4 1.0 1.0 1.0 1.546 0.559 0.36 0.614 1.452 0.01 1.88 0.01 1.253
1571.5 1.0 1.0 1.0 1.546 0.559 0.36 0.614 1.452 0.01 1.88 0.01 1.253
1571.6 1.0 1.0 1.0 1.546 0.559 0.36 0.614 1.452 0.01 1.88 0.01 1.253
1571.7 1.0 1.0 1.0 1.546 0.559 0.36 0.614 1.452 0.01 1.88 0.01 1.253
1571.8 1.0 1.0 1.0 1.546 0.559 0.36 0.614 1.452 0.01 1.88 0.01 1.253
1571.9 1.0 1.0 1.0 1.546 0.559 0.36 0.614 1.452 0.01 1.88 0.01 1.253
1572.0 1.0 1.0 1.0 1.546 0.559 0.36 0.614 1.452 0.01 1.88 0.01 1.253
1572.1 1.0 1.0 1.0 1.546 0.559 0.36 0.614 1.452 0.01 1.88 0.01 1.253
1572.2 1.0 1.0 1.0 1.546 0.559 0.36 0.614 1.452 0.01 1.88 0.01 1.253
1572.3 1.0 1.0 1.0 1.546 0.559 0.36 0.614 1.452 0.01 1.88 0.01 1.253
1572.4 1.0 1.0 1.0 1.546 0.559 0.36 0.614 1.452 0.01 1.88 0.01 1.253
1572.5 1.0 1.0 1.0 1.546 0.559 0.36 0.614 1.452 0.01 1.88 0.01 1.253
1572.6 1.0 1.0 1.0 1.546 0.559 0.36 0.614 1.452 0.01 1.88 0.01 1.253
1572.7 1.0 1.0 1.0 1.546 0.559 0.36 0.614 1.452 0.01 1.88 0.01 1.253
1572.8 1.0 1.0 1.0 1.546 0.559 0.36 0.614 1.452 0.01 1.88 0.01 1.253
1572.9 1.0 1.0 1.0 1.546 0.559 0.36 0.614 1.452 0.01 1.88 0.01 1.253
1573.0 1.0 1.0 1.0 1.546 0.559 0.36 0.614 1.452 0.01 1.88 0.01 1.253
1573.1 1.0 1.0 1.0 1.546 0.559 0.36 0.614 1.452 0.01 1.88 0.01 1.253
1573.2 1.0 1.0 1.0 1.546 0.559 0.36 0.614 1.452 0.01 1.88 0.01 1.253
1573.3 1.0 1.0 1.0 1.546 0.559 0.36 0.614 1.452 0.01 1.88 0.01 1.253
1573.4 1.0 1.0 1.0 1.546 0.559 0.36 0.614 1.452 0.01 1.88 0.01 1.253
1573.5 1.0 1.0 1.0 1.546 0.559 0.36 0.614 1.452 0.01 1.88 0.01 1.253
1573.6 1.0 1.0 1.0 1.546 0.559 0.36 0.614 1.452 0.01 1.88 0.01 1.253
1573.7 1.0 1.0 1.0 1.546 0.559 0.36 0.614 1.452 0.01 1.88 0.01 1.253
1573.8 1.0 1.0 1.0 1.546 0.559 0.36 0.614 1.452 0.01 1.88 0.01 1.253
1573.9 1.0 1.0 1.0 1.546 0.559 0.36 0.614 1.452 0.01 1.88 0.01 1.253
1574.0 1.0 1.0 1.0 1.546 0.559 0.36 0.614 1.452 0.01 1.88 0.01 1.253
1574.1 1.0 1.0 1.0 1.546 0.559 0.36 0.614 1.452 0.01 1.88 0.01 1.253
1574.2 1.0 1.0 1.0 1.546 0.559 0.36 0.614 1.452 0.01 1.88 0.01 1.253
1574.3 1.0 1.0 1.0 1.546 0.559 0.36 0.614 1.452 0.01 1.88 0.01 1.253
1574.4 1.0 1.0 1.0 1.546 0.559 0.36 0.614 1.452 0.01 1.88 0.01 1.253
1574.5 1.0 1.0 1.0 1.546 0.559 0.36 0.614 1.452 0.01 1.88 0.01 1.253
1574.6 1.0 1.0 1.0 1.546 0.559 0.36 0.614 1.452 0.01 1.88 0.01 1.253
1574.7 1.0 1.0 1.0 1.546 0.559 0.36 0.614 1.452 0.01 1.88 0.01 1.253
1574.8 1.0 1.0 1.0 1.546 0.559 0.36 0.614 1.452 0.01 1.88 0.01 1.253
1574.9 1.0 1.0 1.0 1.546 0.559 0.36 0.614 1.452 0.01 1.88 0.01 1.253
1575.0 1.0 1.0 1.0 1.546 0.559 0.36 0.614 1.452 0.01 1.88 0.01 1.253
1575.1 1.0 1.0 1.0 1.546 0.559 0.36 0.614 1.452 0.01 1.88 0.01 1.253
1575.2 1.0 1.0 1.0 1.546 0.559 0.36 0.614 1.452 0.01 1.88 0.01 1.253
1575.3 1.0 1.0 1.0 1.546 0.559 0.36 0.614 1.452 0.01 1.88 0.01 1.253
1575.4 1.0 1.0 1.0 1.546 0.559 0.36 0.614 1.452 0.01 1.88 0.01 1.253
1575.5 1.0 1.0 1.0 1.546 0.559 0.36 0.614 1.452 0.01 1.88 0.01 1.253
1575.6 1.0 1.0 1.0 1.546 0.559 0.36 0.614 1.452 0.01 1.88 0.01 1.253
1575.7 1.0 1.0 1.0 1.546 0.559 0.36 0.614 1.452 0.01 1.88 0.01 1.253
1575.8 1.0 1.0 1.0 1.546 0.559 0.36 0.614 1.452 0.01 1.88 0.01 1.253
1575.9 1.0 1.0 1.0 1.546 0.559 0.36 0.614 1.452 0.01 1.88 0.01 1.253
1576.0 1.0 1.0 1.0 1.546 0.559 0.36 0.614 1.452 0.01 1.88 0.01 1.253
1576.1 1.0 1.0 1.0 1.546 0.559 0.36 0.614 1.452 0.01 1.88 0.01 1.253
1576.2 1.0 1.0 1.0 1.546 0.559 0.36 0.614 1.452 0.01 1.88 0.01 1.253
1576.3 1.0 1.0 1.0 1.546 0.559 0.36 0.614 1.452 0.01 1.88 0.01 1.253
1576.4 1.0 1.0 1.0 1.546 0.559 0.36 0.614 1.452 0.01 1.88 0.01 1.253
1576.5 1.0 1.0 1.0 1.546 0.559 0.36 0.614 1.452 0.01 1.88 0.01 1.253
1576.6 1.0 1.0 1.0 1.546 0.559 0.36 0.614 1.452 0.01 1.88 0.01 1.253
1576.7 1.0 1.0 1.0 1.546 0.559 0.36 0.614 1.452 0.01 1.88 0.01 1.253
1576.8 1.0 1.0 1.0 1.546 0.559 0.36 0.614 1.452 0.01 1.88 0.01 1.253
1576.9 1.0 1.0 1.0 1.546 0.559 0.36 0.614 1.452 0.01 1.88 0.01 1.253
1577.0 1.0 1.0 1.0 1.546 0.559 0.36 0.614 1.452 0.01 1.88 0.01 1.253
1577.1 1.0 1.0 1.0 1.546 0.559 0.36 0.614 1.452 0.01 1.88 0.01 1.253
1577.2 1.0 1.0 1.0 1.546 0.559 0.36 0.614 1.452 0.01 1.88 0.01 1.253
1577.3 1.0 1.0 1.0 1.546 0.559 0.36 0.614 1.452 0.01 1.88 0.01 1.253
1577.4 1.0 1.0 1.0 1.546 0.559 0.36 0.614 1.452 0.01 1.88 0.01 1.253
1577.5 1.0 1.0 1.0 1.546 0.559 0.36 0.614 1.452 0.01 1.88 0.01 1.253
1577.6 1.0 1.0 1.0 1.546 0.559 0.36 0.614 1.452 0.01 1.88 0.01 1.253
1577.7 1.0 1.0 1.0 1.546 0.559 0.36 0.614 1.452 0.01 1.88 0.01 1.253
1577.8 1.0 1.0 1.0 1.546 0.559 0.36 0.614 1.452 0.01 1.88 0.01 1.253
1577.9 1.0 1.0 1.0 1.546 0.559 0.36 0.614 1.452 0.01 1.88 0.01 1.253
1578.0 1.0 1.0 1.0 1.546 0.559 0.36 0.614 1.452 0.01 1.88 0.01 1.253
1578.1 1.0 1.0 1.0 1.546 0.559 0.36 0.614 1.452 0.01 1.88 0.01 1.253
1578.2 1.0 1.0 1.0 1.546 0.559 0.36 0.614 1.452 0.01 1.88 0.01 1.253
1578.3 1.0 1.0 1.0 1.546 0.559 0.36 0.614 1.452 0.01 1.88 0.01 1.253
1578.4 1.0 1.0 1.0 1.546 0.559 0.36 0.614 1.452 0.01 1.88 0.01 1.253
1578.5 1.0 1.0 1.0 1.546 0.559 0.36 0.614 1.452 0.01 1.88 0.01 1.253
1578.6 1.0 1.0 1.0 1.546 0.559 0.36 0.614 1.452 0.01 1.88 0.01 1.253
1578.7 1.0 1.0 1.0 1.546 0.559 0.36 0.614 1.452 0.01 1.88 0.01 1.253
1578.8 1.0 1.0 1.0 1.546 0.559 0.36 0.614 1.452 0.01 1.88 0.01 1.253
1578.9 1.0 1.0 1.0 1.546 0.559 0.36 0.614 1.452 0.01 1.88 0.01 1.253
1579.0 1.0 1.0 1.0 1.546 0.559 0.36 0.614 1.452 0.01 1.88 0.01 1.253
1579.1 1.0 1.0 1.0 1.546 0.559 0.36 0.614 1.452 0.01 1.88 0.01 1.253
1579.2 1.0 1.0 1.0 1.546 0.559 0.36 0.614 1.452 0.01 1.88 0.01 1.253
1579.3 1.0 1.0 1.0 1.546 0.559 0.36 0.614 1.452 0.01 1.88 0.01 1.253
1579.4 1.0 1.0 1.0 1.546 0.559 0.36 0.614 1.452 0.01 1.88 0.01 1.253
1579.5 1.0 1.0 1.0 1.546 0.559 0.36 0.614 1.452 0.01 1.88 0.01 1.253
1579.6 1.0 1.0 1.0 1.546 0.559 0.36 0.614 1.452 0.01 1.88 0.01 1.253
1579.7 1.0 1.0 1.0 1.546 0.559 0.36 0.614 1.452 0.01 1.88 0.01 1.253
1579.8 1.0 1.0 1.0 1.546 0.559 0.36 0.614 1.452 0.01 1.88 0.01 1.253
1579.9 1.0 1.0 1.0 1.546 0.559 0.36 0.614 1.452 0.01 1.88 0.01 1.253
1580.0 1.0 1.0 1.0 1.546 0.559 0.36 0.614 1.452 0.01 1.88 0.01 1.253
1580.1 1.0 1.0 1.0 1.546 0.559 0.36 0.614 1.452 0.01 1.88 0.01 1.253
1580.2 1.0 1.0 1.0 1.546 0.559 0.36 0.614 1.452 0.01 1.88 0.01 1.253
1580.3 1.0 1.0 1.0 1.546 0.559 0.36 0.614 1.452 0.01 1.88 0.01 1.253
1580.4 1.0 1.0 1.0 1.546 0.559 0.36 0.614 1.452 0.01 1.88 0.01 1.253
1580.5 1.0 1.0 1.0 1.546 0.559 0.36 0.614 1.452 0.01 1.88 0.01 1.253
1580.6 1.0 1.0 1.0 1.546 0.559 0.36 0.614 1.452 0.01 1.88 0.01 1.253
1580.7 1.0 1.0 1.0 1.546 0.559 0.36 0.614 1.452 0.01 1.88 0.01 1.253
1580.8 1.0 1.0 1.0 1.546 0.559 0.36 0.614 1.452 0.01 1.88 0.01 1.253
1580.9 1.0 1.0 1.0 1.546 0.559 0.36 0.614 1.452 0.01 1.88 0.01 1.253
1581.0 1.0 1.0 1.0 1.546 0.559 0.36 0.614 1.452 0.01 1.88 0.01 1.253
1581.1 1.0 1.0 1.0 1.546 0.559 0.36 0.614 1.452 0.01 1.88 0.01 1.253
1581.2 1.0 1.0 1.0 1.546 0.559 0.36 0.614 1.452 0.01 1.88 0.01 1.253
1581.3 1.0 1.0 1.0 1.546 0.559 0.36 0.614 1.452 0.01 1.88 0.01 1.253
1581.4 1.0 1.0 1.0 1.546 0.559 0.36 0.614 1.452 0.01 1.88 0.01 1.253
1581.5 1.0 1.0 1.0 1.546 0.559 0.36 0.614 1.452 0.01 1.88 0.01 1.253
1581.6 1.0 1.0 1.0 1.546 0.559 0.36 0.614 1.452 0.01 1.88 0.01 1.253
1581.7 1.0 1.0 1.0 1.546 0.559 0.36 0.614 1.452 0.01 1.88 0.01 1.253
1581.8 1.0 1.0 1.0 1.546 0.559 0.36 0.614 1.452 0.01 1.88 0.01 1.253
1581.9 1.0 1.0 1.0 1.546 0.559 0.36 0.614 1.452 0.01 1.88 0.01 1.253
1582.0 1.0 1.0 1.0 1.546 0.559 0.36 0.614 1.452 0.01 1.88 0.01 1.253
1582.1 1.0 1.0 1.0 1.546 0.559 0.36 0.614 1.452 0.01 1.88 0.01 1.253
1582.2 1.0 1.0 1.0 1.546 0.559 0.36 0.614 1.452 0.01 1.88 0.01 1.253
1582.3 1.0 1.0 1.0 1.546 0.559 0.36 0.614 1.452 0.01 1.88 0.01 1.253
1582.4 1.0 1.0 1.0 1.546 0.559 0.36 0.614 1.452 0.01 1.88 0.01 1.253
1582.5 1.0 1.0 1.0 1.546 0.559 0.36 0.614 1.452 0.01 1.88 0.01 1.253
1582.6 1.0 1.0 1.0 1.546 0.559 0.36 0.614 1.452 0.01 1.88 0.01 1.253
1582.7 1.0 1.0 1.0 1.546 0.559 0.36 0.614 1.452 0.01 1.88 0.01 1.253
1582.8 1.0 1.0 1.0 1.546 0.559 0.36 0.614 1.452 0.01 1.88 0.01 1.253
1582.9 1.0 1.0 1.0 1.546 0.559 0.36 0.614 1.452 0.01 1.88 0.01 1.253
1583.0 1.0 1.0 1.0 1.546 0.559 0.36 0.614 1.452 0.01 1.88 0.01 1.253
1583.1 1.0 1.0 1.0 1.546 0.559 0.36 0.614 1.452 0.01 1.88 0.01 1.253
1583.2 1.0 1.0 1.0 1.546 0.559 0.36 0.614 1.452 0.01 1.88 0.01 1.253
1583.3 1.0 1.0 1.0 1.546 0.559 0.36 0.614 1.452 0.01 1.88 0.01 1.253
1583.4 1.0 1.0 1.0 1.546 0.559 0.36 0.614 1.452 0.01 1.88 0.01 1.253
1583.5 1.0 1.0 1.0 1.546 0.559 0.36 0.614 1.452 0.01 1.88 0.01 1.253
1583.6 1.0 1.0 1.0 1.546 0.559 0.36 0.614 1.452 0.01 1.88 0.01 1.253
1583.7 1.0 1.0 1.0 1.546 0.559 0.36 0.614 1.452 0.01 1.88 0.01 1.253
1583.8 1.0 1.0 1.0 1.546 0.559 0.36 0.614 1.452 0.01 1.88 0.01 1.253
1583.9 1.0 1.0 1.0 1.546 0.559 0.36 0.614 1.452 0.01 1.88 0.01 1.253
1584.0 1.0 1.0 1.0 1.546 0.559 0.36 0.614 1.452 0.01 1.88 0.01 1.253
1584.1 1.0 1.0 1.0 1.546 0.559 0.36 0.614 1.452 0.01 1.88 0.01 1.253
1584.2 1.0 1.0 1.0 1.546 0.559 0.36 0.614 1.452 0.01 1.88 0.01 1.253
1584.3 1.0 1.0 1.0 1.546 0.559 0.36 0.614 1.452 0.01 1.88 0.01 1.253
1584.4 1.0 1.0 1.0 1.546 0.559 0.36 0.614 1.452 0.01 1.88 0.01 1.253
1584.5 1.0 1.0 1.0 1.546 0.559 0.36 0.614 1.452 0.01 1.88 0.01 1.253
1584.6 1.0 1.0 1.0 1.546 0.559 0.36 0.614 1.452 0.01 1.88 0.01 1.253
1584.7 1.0 1.0 1.0 1.546 0.559 0.36 0.614 1.452 0.01 1.88 0.01 1.253
1584.8 1.0 1.0 1.0 1.546 0.559 0.36 0.614 1.452 0.01 1.88 0.01 1.253
1584.9 1.0 1.0 1.0 1.546 0.559 0.36 0.614 1.452 0.01 1.88 0.01 1.253
1585.0 1.0 1.0 1.0 1.546 0.559 0.36 0.614 1.452 0.01 1.88 0.01 1.253
1585.1 1.0 1.0 1.0 1.546 0.559 0.36 0.614 1.452 0.01 1.88 0.01 1.253
1585.2 1.0 1.0 1.0 1.546 0.559 0.36 0.614 1.452 0.01 1.88 0.01 1.253
1585.3 1.0 1.0 1.0 1.546 0.559 0.36 0.614 1.452 0.01 1.88 0.01 1.253
1585.4 1.0 1.0 1.0 1.546 0.559 0.36 0.614 1.452 0.01 1.88 0.01 1.253
1585.5 1.0 1.0 1.0 1.546 0.559 0.36 0.614 1.452 0.01 1.88 0.01 1.253
1585.6 1.0 1.0 1.0 1.546 0.559 0.36 0.614 1.452 0.01 1.88 0.01 1.253
1585.7 1.0 1.0 1.0 1.546 0.559 0.36 0.614 1.452 0.01 1.88 0.01 1.253
1585.8 1.0 1.0 1.0 1.546 0.559 0.36 0.614 1.452 0.01 1.88 0.01 1.253
1585.9 1.0 1.0 1.0 1.546 0.559 0.36 0.614 1.452 0.01 1.88 0.01 1.253
1586.0 1.0 1.0 1.0 1.546 0.559 0.36 0.614 1.452 0.01 1.88 0.01 1.253
1586.1 1.0 1.0 1.0 1.546 0.559 0.36 0.614 1.452 0.01 1.88 0.01 1.253
1586.2 1.0 1.0 1.0 1.546 0.559 0.36 0.614 1.452 0.01 1.88 0.01 1.253
1586.3 1.0 1.0 1.0 1.546 0.559 0.36 0.614 1.452 0.01 1.88 0.01 1.253
1586.4 1.0 1.0 1.0 1.546 0.559 0.36 0.614 1.452 0.01 1.88 0.01 1.253
1586.5 1.0 1.0 1.0 1.546 0.559 0.36 0.614 1.452 0.01 1.88 0.01 1.253
1586.6 1.0 1.0 1.0 1.546 0.559 0.36 0.614 1.452 0.01 1.88 0.01 1.253
1586.7 1.0 1.0 1.0 1.546 0.559 0.36 0.614 1.452 0.01 1.88 0.01 1.253
1586.8 1.0 1.0 1.0 1.546 0.559 0.36 0.614 1.452 0.01 1.88 0.01 1.253
1586.9 1.0 1.0 1.0 1.546 0.559 0.36 0.614 1.452 0.01 1.88 0.01 1.253
1587.0 1.0 1.0 1.0 1.546 0.559 0.36 0.614 1.452 0.01 1.88 0.01 1.253
1587.1 1.0 1.0 1.0 1.546 0.559 0.36 0.614 1.452 0.01 1.88 0.01 1.253
1587.2 1.0 1.0 1.0 1.546 0.559 0.36 0.614 1.452 0.01 1.88 0.01 1.253
1587.3 1.0 1.0 1.0 1.546 0.559 0.36 0.614 1.452 0.01 1.88 0.01 1.253
1587.4 1.0 1.0 1.0 1.546 0.559 0.36 0.614 1.452 0.01 1.88 0.01 1.253
1587.5 1.0 1.0 1.0 1.546 0.559 0.36 0.614 1.452 0.01 1.88 0.01 1.253
1587.6 1.0 1.0 1.0 1.546 0.559 0.36 0.614 1.452 0.01 1.88 0.01 1.253
1587.7 1.0 1.0 1.0 1.546 0.559 0.36 0.614 1.452 0.01 1.88 0.01 1.253
1587.8 1.0 1.0 1.0 1.546 0.559 0.36 0.614 1.452 0.01 1.88 0.01 1.253
1587.9 1.0 1.0 1.0 1.546 0.559 0.36 0.614 1.452 0.01 1.88 0.01 1.253
1588.0 1.0 1.0 1.0 1.546 0.559 0.36 0.614 1.452 0.01 1.88 0.01 1.253
1588.1 1.0 1.0 1.0 1.546 0.559 0.36 0.614 1.452 0.01 1.88 0.01 1.253
1588.2 1.0 1.0 1.0 1.546 0.559 0.36 0.614 1.452 0.01 1.88 0.01 1.253
1588.3 1.0 1.0 1.0 1.546 0.559 0.36 0.614 1.452 0.01 1.88 0.01 1.253
1588.4 1.0 1.0 1.0 1.546 0.559 0.36 0.614 1.452 0.01 1.88 0.01 1.253
1588.5 1.0 1.0 1.0 1.546 0.559 0.36 0.614 1.452 0.01 1.88 0.01 1.253
1588.6 1.0 1.0 1.0 1.546 0.559 0.36 0.614 1.452 0.01 1.88 0.01 1.253
1588.7 1.0 1.0 1.0 1.546 0.559 0.36 0.614 1.452 0.01 1.88 0.01 1.253
1588.8 1.0 1.0 1.0 1.546 0.559 0.36 0.614 1.452 0.01 1.88 0.01 1.253
1588.9 1.0 1.0 1.0 1.546 0.559 0.36 0.614 1.452 0.01 1.88 0.01 1.253
1589.0 1.0 1.0 1.0 1.546 0.559 0.36 0.614 1.452 0.01 1.88 0.01 1.253
1589.1 1.0 1.0 1.0 1.546 0.559 0.36 0.614 1.452 0.01 1.88 0.01 1.253
1589.2 1.0 1.0 1.0 1.546 0.559 0.36 0.614 1.452 0.01 1.88 0.01 1.253
1589.3 1.0 1.0 1.0 1.546 0.559 0.36 0.614 1.452 0.01 1.88 0.01 1.253
1589.4 1.0 1.0 1.0 1.546 0.559 0.36 0.614 1.452 0.01 1.88 0.01 1.253
1589.5 1.0 1.0 1.0 1.546 0.559 0.36 0.614 1.452 0.01 1.88 0.01 1.253
1589.6 1.0 1.0 1.0 1.546 0.559 0.36 0.614 1.452 0.01 1.88 0.01 1.253
1589.7 1.0 1.0 1.0 1.546 0.559 0.36 0.614 1.452 0.01 1.88 0.01 1.253
1589.8 1.0 1.0 1.0 1.546 0.559 0.36 0.614 1.452 0.01 1.88 0.01 1.253
1589.9 1.0 1.0 1.0 1.546 0.559 0.36 0.614 1.452 0.01 1.88 0.01 1.253
1590.0 1.0 1.0 1.0 1.546 0.559 0.36 0.614 1.452 0.01 1.88 0.01 1.253
1590.1 1.0 1.0 1.0 1.546 0.559 0.36 0.614 1.452 0.01 1.88 0.01 1.253
1590.2 1.0 1.0 1.0 1.546 0.559 0.36 0.614 1.452 0.01 1.88 0.01 1.253
1590.3 1.0 1.0 1.0 1.546 0.559 0.36 0.614 1.452 0.01 1.88 0.01 1.253
1590.4 1.0 1.0 1.0 1.546 0.559 0.36 0.614 1.452 0.01 1.88 0.01 1.253
1590.5 1.0 1.0 1.0 1.546 0.559 0.36 0.614 1.452 0.01 1.88 0.01 1.253
1590.6 1.0 1.0 1.0 1.546 0.559 0.36 0.614 1.452 0.01 1.88 0.01 1.253
1590.7 1.0 1.0 1.0 1.546 0.559 0.36 0.614 1.452 0.01 1.88 0.01 1.253
1590.8 1.0 1.0 1.0 1.546 0.559 0.36 0.614 1.452 0.01 1.88 0.01 1.253
1590.9 1.0 1.0 1.0 1.546 0.559 0.36 0.614 1.452 0.01 1.88 0.01 1.253
1591.0 1.0 1.0 1.0 1.546 0.559 0.36 0.614 1.452 0.01 1.88 0.01 1.253
1591.1 1.0 1.0 1.0 1.546 0.559 0.36 0.614 1.452 0.01 1.88 0.01 1.253
1591.2 1.0 1.0 1.0 1.546 0.559 0.36 0.614 1.452 0.01 1.88 0.01 1.253
1591.3 1.0 1.0 1.0 1.546 0.559 0.36 0.614 1.452 0.01 1.88 0.01 1.253
1591.4 1.0 1.0 1.0 1.546 0.559 0.36 0.614 1.452 0.01 1.88 0.01 1.253
1591.5 1.0 1.0 1.0 1.546 0.559 0.36 0.614 1.452 0.01 1.88 0.01 1.253
1591.6 1.0 1.0 1.0 1.546 0.559 0.36 0.614 1.452 0.01 1.88 0.01 1.253
1591.7 1.0 1.0 1.0 1.546 0.559 0.36 0.614 1.452 0.01 1.88 0.01 1.253
1591.8 1.0 1.0 1.0 1.546 0.559 0.36 0.614 1.452 0.01 1.88 0.01 1.253
1591.9 1.0 1.0 1.0 1.546 0.559 0.36 0.614 1.452 0.01 1.88 0.01 1.253
1592.0 1.0 1.0 1.0 1.546 0.559 0.36 0.614 1.452 0.01 1.88 0.01 1.253
1592.1 1.0 1.0 1.0 1.546 0.559 0.36 0.614 1.452 0.01 1.88 0.01 1.253
1592.2 1.0 1.0 1.0 1.546 0.559 0.36 0.614 1.452 0.01 1.88 0.01 1.253
1592.3 1.0 1.0 1.0 1.546 0.559 0.36 0.614 1.452 0.01 1.88 0.01 1.253
1592.4 1.0 1.0 1.0 1.546 0.559 0.36 0.614 1.452 0.01 1.88 0.01 1.253
1592.5 1.0 1.0 1.0 1.546 0.559 0.36 0.614 1.452 0.01 1.88 0.01 1.253
1592.6 1.0 1.0 1.0 1.546 0.559 0.36 0.614 1.452 0.01 1.88 0.01 1.253
1592.7 1.0 1.0 1.0 1.546 0.559 0.36 0.614 1.452 0.01 1.88 0.01 1.253
1592.8 1.0 1.0 1.0 1.546 0.559 0.36 0.614 1.452 0.01 1.88 0.01 1.253
1592.9 1.0 1.0 1.0 1.546 0.559 0.36 0.614 1.452 0.01 1.88 0.01 1.253
1593.0 1.0 1.0 1.0 1.546 0.559 0.36 0.614 1.452 0.01 1.88 0.01 1.253
1593.1 1.0 1.0 1.0 1.546 0.559 0.36 0.614 1.452 0.01 1.88 0.01 1.253
1593.2 1.0 1.0 1.0 1.546 0.559 0.36 0.614 1.452 0.01 1.88 0.01 1.253
1593.3 1.0 1.0 1.0 1.546 0.559 0.36 0.614 1.452 0.01 1.88 0.01 1.253
1593.4 1.0 1.0 1.0 1.546 0.559 0.36 0.614 1.452 0.01 1.88 0.01 1.253
1593.5 1.0 1.0 1.0 1.546 0.559 0.36 0.614 1.452 0.01 1.88 0.01 1.253
1593.6 1.0 1.0 1.0 1.546 0.559 0.36 0.614 1.452 0.01 1.88 0.01 1.253
1593.7 1.0 1.0 1.0 1.546 0.559 0.36 0.614 1.452 0.01 1.88 0.01 1.253
1593.8 1.0 1.0 1.0 1.546 0.559 0.36 0.614 1.452 0.01 1.88 0.01 1.253
1593.9 1.0 1.0 1.0 1.546 0.559 0.36 0.614 1.452 0.01 1.88 0.01 1.253
1594.0 1.0 1.0 1.0 1.546 0.559 0.36 0.614 1.452 0.01 1.88 0.01 1.253
1594.1 1.0 1.0 1.0 1.546 0.559 0.36 0.614 1.452 0.01 1.88 0.01 1.253
1594.2 1.0 1.0 1.0 1.546 0.559 0.36 0.614 1.452 0.01 1.88 0.01 1.253
1594.3 1.0 1.0 1.0 1.546 0.559 0.36 0.614 1.452 0.01 1.88 0.01 1.253
1594.4 1.0 1.0 1.0 1.546 0.559 0.36 0.614 1.452 0.01 1.88 0.01 1.253
1594.5 1.0 1.0 1.0 1.546 0.559 0.36 0.614 1.452 0.01 1.88 0.01 1.253
1594.6 1.0 1.0 1.0 1.546 0.559 0.36 0.614 1.452 0.01 1.88 0.01 1.253
1594.7 1.0 1.0 1.0 1.546 0.559 0.36 0.614 1.452 0.01 1.88 0.01 1.253
1594.8 1.0 1.0 1.0 1.546 0.559 0.36 0.614 1.452 0.01 1.88 0.01 1.253
1594.9 1.0 1.0 1.0 1.546 0.559 0.36 0.614 1.452 0.01 1.88 0.01 1.253
1595.0 1.0 1.0 1.0 1.546 0.559 0.36 0.614 1.452 0.01 1.88 0.01 1.253
1595.1 1.0 1.0 1.0 1.546 0.559 0.36 0.614 1.452 0.01 1.88 0.01 1.253
1595.2 1.0 1.0 1.0 1.546 0.559 0.36 0.614 1.452 0.01 1.88 0.01 1.253
1595.3 1.0 1.0 1.0 1.546 0.559 0.36 0.614 1.452 0.01 1.88 0.01 1.253
1595.4 1.0 1.0 1.0 1.546 0.559 0.36 0.614 1.452 0.01 1.88 0.01 1.253
1595.5 1.0 1.0 1.0 1.546 0.559 0.36 0.614 1.452 0.01 1.88 0.01 1.253
1595.6 1.0 1.0 1.0 1.546 0.559 0.36 0.614 1.452 0.01 1.88 0.01 1.253
1595.7 1.0 1.0 1.0 1.546 0.559 0.36 0.614 1.452 0.01 1.88 0.01 1.253
1595.8 1.0 1.0 1.0 1.546 0.559 0.36 0.614 1.452 0.01 1.88 0.01 1.253
1595.9 1.0 1.0 1.0 1.546 0.559 0.36 0.614 1.452 0.01 1.88 0.01 1.253
1596.0 1.0 1.0 1.0 1.546 0.559 0.36 0.614 1.452 0.01 1.88 0.01 1.253
1596.1 1.0 1.0 1.0 1.546 0.559 0.36 0.614 1.452 0.01 1.88 0.01 1.253
1596.2 1.0 1.0 1.0 1.546 0.559 0.36 0.614 1.452 0.01 1.88 0.01 1.253
1596.3 1.0 1.0 1.0 1.546 0.559 0.36 0.614 1.452 0.01 1.88 0.01 1.253
1596.4 1.0 1.0 1.0 1.546 0.559 0.36 0.614 1.452 0.01 1.88 0.01 1.253
1596.5 1.0 1.0 1.0 1.546 0.559 0.36 0.614 1.452 0.01 1.88 0.01 1.253
1596.6 1.0 1.0 1.0 1.546 0.559 0.36 0.614 1.452 0.01 1.88 0.01 1.253
1596.7 1.0 1.0 1.0 1.546 0.559 0.36 0.614 1.452 0.01 1.88 0.01 1.253
1596.8 1.0 1.0 1.0 1.546 0.559 0.36 0.614 1.452 0.01 1.88 0.01 1.253
1596.9 1.0 1.0 1.0 1.546 0.559 0.36 0.614 1.452 0.01 1.88 0.01 1.253
1597.0 1.0 1.0 1.0 1.546 0.559 0.36 0.614 1.452 0.01 1.88 0.01 1.253
1597.1 1.0 1.0 1.0 1.546 0.559 0.36 0.614 1.452 0.01 1.88 0.01 1.253
1597.2 1.0 1.0 1.0 1.546 0.559 0.36 0.614 1.452 0.01 1.88 0.01 1.253
1597.3 1.0 1.0 1.0 1.546 0.559 0.36 0.614 1.452 0.01 1.88 0.01 1.253
1597.4 1.0 1.0 1.0 1.546 0.559 0.36 0.614 1.452 0.01 1.88 0.01 1.253
1597.5 1.0 1.0 1.0 1.546 0.559 0.36 0.614 1.452 0.01 1.88 0.01 1.253
1597.6 1.0 1.0 1.0 1.546 0.559 0.36 0.614 1.452 0.01 1.88 0.01 1.253
1597.7 1.0 1.0 1.0 1.546 0.559 0.36 0.614 1.452 0.01 1.88 0.01 1.253
1597.8 1.0 1.0 1.0 1.546 0.559 0.36 0.614 1.452 0.01 1.88 0.01 1.253
1597.9 1.0 1.0 1.0 1.546 0.559 0.36 0.614 1.452 0.01 1.88 0.01 1.253
1598.0 1.0 1.0 1.0 1.546 0.559 0.36 0.614 1.452 0.01 1.88 0.01 1.253
1598.1 1.0 1.0 1.0 1.546 0.559 0.36 0.614 1.452 0.01 1.88 0.01 1.253
1598.2 1.0 1.0 1.0 1.546 0.559 0.36 0.614 1.452 0.01 1.88 0.01 1.253
1598.3 1.0 1.0 1.0 1.546 0.559 0.36 0.614 1.452 0.01 1.88 0.01 1.253
1598.4 1.0 1.0 1.0 1.546 0.559 0.36 0.614 1.452 0.01 1.88 0.01 1.253
1598.5 1.0 1.0 1.0 1.546 0.559 0.36 0.614 1.452 0.01 1.88 0.01 1.253
1598.6 1.0 1.0 1.0 1.546 0.559 0.36 0.614 1.452 0.01 1.88 0.01 1.253
1598.7 1.0 1.0 1.0 1.546 0.559 0.36 0.614 1.452 0.01 1.88 0.01 1.253
1598.8 1.0 1.0 1.0 1.546 0.559 0.36 0.614 1.452 0.01 1.88 0.01 1.253
1598.9 1.0 1.0 1.0 1.546 0.559 0.36 0.614 1.452 0.01 1.88 0.01 1.253
1599.0 1.0 1.0 1.0 1.546 0.559 0.36 0.614 1.452 0.01 1.88 0.01 1.253
1599.1 1.0 1.0 1.0 1.546 0.559 0.36 0.614 1.452 0.01 1.88 0.01 1.253
1599.2 1.0 1.0 1.0 1.546 0.559 0.36 0.614 1.452 0.01 1.88 0.01 1.253
1599.3 1.0 1.0 1.0 1.546 0.559 0.36 0.614 1.452 0.01 1.88 0.01 1.253
1599.4 1.0 1.0 1.0 1.546 0.559 0.36 0.614 1.452 0.01 1.88 0.01 1.253
1599.5 1.0 1.0 1.0 1.546 0.559 0.36 0.614 1.452 0.01 1.88 0.01 1.253
1599.6 1.0 1.0 1.0 1.546 0.559 0.36 0.614 1.452 0.01 1.88 0.01 1.253
1599.7 1.0 1.0 1.0 1.546 0.559 0.36 0.614 1.452 0.01 1.88 0.01 1.253
1599.8 1.0 1.0 1.0 1.546 0.559 0.36 0.614 1.452 0.01 1.88 0.01 1.253
