1600.0 1.0 1.0 1.0 1.546 0.559 0.361 0.614 1.452 0.01 1.88 0.01 1.253 0.01 0.01 0.01
1600.1 1.0 1.0 1.0 1.547 0.559 0.361 0.614 1.452 0.01 1.88 0.01 1.253 0.011 0.009 0.009
1600.2 1.0 1.0 1.0 1.548 0.559 0.361 0.614 1.452 0.01 1.88 0.01 1.253 0.012 0.009 0.009
1600.3 1.0 1.0 1.0 1.548 0.559 0.361 0.614 1.452 0.01 1.88 0.01 1.253 0.012 0.009 0.009
1600.4 1.0 1.0 1.0 1.549 0.559 0.361 0.614 1.452 0.01 1.88 0.01 1.253 0.013 0.008 0.008
1600.5 1.0 1.0 1.0 1.549 0.559 0.362 0.614 1.452 0.01 1.88 0.01 1.253 0.013 0.008 0.008
1600.6 1.0 1.0 1.0 1.55 0.559 0.362 0.614 1.452 0.01 1.88 0.01 1.253 0.014 0.008 0.008
1600.7 1.0 1.0 1.0 1.55 0.559 0.362 0.614 1.452 0.01 1.88 0.01 1.253 0.014 0.008 0.008
1600.8 1.0 1.0 1.0 1.551 0.56 0.362 0.614 1.452 0.01 1.88 0.01 1.253 0.015 0.007 0.008
1600.9 1.0 1.0 1.0 1.551 0.56 0.362 0.614 1.452 0.01 1.88 0.01 1.253 0.015 0.007 0.007
1601.0 1.0 1.0 1.0 1.551 0.56 0.362 0.614 1.452 0.01 1.88 0.01 1.253 0.016 0.007 0.007
1601.1 1.0 1.0 1.0 1.552 0.56 0.362 0.614 1.452 0.01 1.88 0.01 1.253 0.016 0.007 0.007
1601.2 1.0 1.0 1.0 1.552 0.56 0.362 0.614 1.452 0.01 1.88 0.01 1.253 0.016 0.006 0.007
1601.3 1.0 1.0 1.0 1.552 0.56 0.362 0.614 1.452 0.01 1.88 0.01 1.253 0.017 0.006 0.007
1601.4 1.0 1.0 1.0 1.552 0.56 0.362 0.614 1.452 0.01 1.88 0.01 1.253 0.017 0.006 0.007
1601.5 1.0 1.0 1.0 1.553 0.56 0.362 0.614 1.452 0.01 1.88 0.01 1.253 0.017 0.006 0.006
1601.6 1.0 1.0 1.0 1.553 0.56 0.362 0.614 1.452 0.01 1.88 0.01 1.253 0.017 0.006 0.006
1601.7 1.0 1.0 1.0 1.553 0.56 0.362 0.614 1.452 0.01 1.88 0.01 1.253 0.018 0.006 0.006
1601.8 1.0 1.0 1.0 1.553 0.56 0.362 0.614 1.452 0.01 1.88 0.01 1.253 0.018 0.006 0.006
1601.9 1.0 1.0 1.0 1.553 0.56 0.362 0.614 1.452 0.01 1.88 0.01 1.253 0.018 0.006 0.006
1602.0 1.0 1.0 1.0 1.554 0.56 0.362 0.614 1.452 0.01 1.88 0.01 1.253 0.018 0.005 0.006
1602.1 1.0 1.0 1.0 1.554 0.56 0.362 0.614 1.452 0.01 1.88 0.01 1.253 0.018 0.005 0.006
1602.2 1.0 1.0 1.0 1.554 0.56 0.362 0.614 1.452 0.01 1.88 0.01 1.253 0.018 0.005 0.006
1602.3 1.0 1.0 1.0 1.554 0.56 0.362 0.614 1.452 0.01 1.88 0.01 1.253 0.019 0.005 0.006
1602.4 1.0 1.0 1.0 1.554 0.56 0.362 0.614 1.452 0.01 1.88 0.01 1.253 0.019 0.005 0.006
1602.5 1.0 1.0 1.0 1.554 0.56 0.362 0.614 1.452 0.01 1.88 0.01 1.253 0.019 0.005 0.006
1602.6 1.0 1.0 1.0 1.554 0.56 0.362 0.614 1.452 0.01 1.88 0.01 1.253 0.019 0.005 0.006
1602.7 1.0 1.0 1.0 1.554 0.56 0.362 0.614 1.452 0.01 1.88 0.01 1.253 0.019 0.005 0.006
1602.8 1.0 1.0 1.0 1.554 0.56 0.362 0.614 1.452 0.01 1.88 0.01 1.253 0.019 0.005 0.005
1602.9 1.0 1.0 1.0 1.554 0.56 0.362 0.614 1.452 0.01 1.88 0.01 1.253 0.019 0.005 0.005
1603.0 1.0 1.0 1.0 1.554 0.56 0.362 0.614 1.452 0.01 1.88 0.01 1.253 0.019 0.005 0.005
1603.1 1.0 1.0 1.0 1.554 0.56 0.362 0.614 1.452 0.01 1.88 0.01 1.253 0.02 0.005 0.005
1603.2 1.0 1.0 1.0 1.554 0.56 0.362 0.614 1.452 0.01 1.88 0.01 1.253 0.02 0.005 0.005
1603.3 1.0 1.0 1.0 1.554 0.56 0.362 0.614 1.452 0.01 1.88 0.01 1.253 0.02 0.005 0.005
1603.4 1.0 1.0 1.0 1.554 0.56 0.362 0.614 1.452 0.01 1.88 0.01 1.253 0.02 0.005 0.005
1603.5 1.0 1.0 1.0 1.554 0.56 0.362 0.614 1.452 0.01 1.88 0.01 1.253 0.02 0.004 0.005
1603.6 1.0 1.0 1.0 1.554 0.56 0.362 0.614 1.452 0.01 1.88 0.01 1.253 0.02 0.004 0.005
1603.7 1.0 1.0 1.0 1.554 0.56 0.362 0.614 1.452 0.01 1.88 0.01 1.253 0.02 0.004 0.005
1603.8 1.0 1.0 1.0 1.554 0.56 0.362 0.614 1.452 0.01 1.88 0.01 1.253 0.02 0.004 0.005
1603.9 1.0 1.0 1.0 1.554 0.56 0.362 0.614 1.452 0.01 1.88 0.01 1.253 0.02 0.004 0.005
1604.0 1.0 1.0 1.0 1.554 0.56 0.362 0.614 1.452 0.01 1.88 0.01 1.253 0.02 0.004 0.005
1604.1 1.0 1.0 1.0 1.554 0.56 0.362 0.614 1.452 0.01 1.88 0.01 1.253 0.02 0.004 0.005
1604.2 1.0 1.0 1.0 1.554 0.56 0.362 0.614 1.452 0.01 1.88 0.01 1.253 0.02 0.004 0.005
1604.3 1.0 1.0 1.0 1.554 0.56 0.362 0.614 1.452 0.01 1.88 0.01 1.253 0.02 0.004 0.005
1604.4 1.0 1.0 1.0 1.554 0.56 0.362 0.614 1.452 0.01 1.88 0.01 1.253 0.02 0.004 0.005
1604.5 1.0 1.0 1.0 1.554 0.56 0.362 0.614 1.452 0.01 1.88 0.01 1.253 0.02 0.004 0.005
1604.6 1.0 1.0 1.0 1.554 0.56 0.362 0.614 1.452 0.01 1.88 0.01 1.253 0.02 0.004 0.005
1604.7 1.0 1.0 1.0 1.554 0.56 0.362 0.614 1.452 0.01 1.88 0.01 1.253 0.02 0.004 0.005
1604.8 1.0 1.0 1.0 1.554 0.56 0.362 0.614 1.452 0.01 1.88 0.01 1.253 0.02 0.004 0.005
1604.9 1.0 1.0 1.0 1.554 0.56 0.362 0.614 1.452 0.01 1.88 0.01 1.253 0.02 0.004 0.005
1605.0 1.0 1.0 1.0 1.554 0.56 0.362 0.614 1.452 0.01 1.88 0.01 1.253 0.02 0.004 0.005
1605.1 1.0 1.0 1.0 1.554 0.56 0.362 0.614 1.452 0.01 1.88 0.01 1.253 0.02 0.004 0.005
1605.2 1.0 1.0 1.0 1.554 0.56 0.362 0.614 1.452 0.01 1.88 0.01 1.253 0.021 0.004 0.005
1605.3 1.0 1.0 1.0 1.554 0.56 0.362 0.614 1.452 0.01 1.88 0.01 1.253 0.021 0.004 0.005
1605.4 1.0 1.0 1.0 1.554 0.56 0.362 0.614 1.452 0.01 1.88 0.01 1.253 0.021 0.004 0.005
1605.5 1.0 1.0 1.0 1.554 0.56 0.362 0.614 1.452 0.01 1.88 0.01 1.253 0.021 0.004 0.005
1605.6 1.0 1.0 1.0 1.554 0.56 0.362 0.614 1.452 0.01 1.88 0.01 1.253 0.021 0.004 0.005
1605.7 1.0 1.0 1.0 1.554 0.56 0.362 0.614 1.452 0.01 1.88 0.01 1.253 0.021 0.004 0.005
1605.8 1.0 1.0 1.0 1.554 0.56 0.362 0.614 1.452 0.01 1.88 0.01 1.253 0.021 0.004 0.005
1605.9 1.0 1.0 1.0 1.554 0.56 0.362 0.614 1.452 0.01 1.88 0.01 1.253 0.021 0.004 0.005
1606.0 1.0 1.0 1.0 1.554 0.56 0.362 0.614 1.452 0.01 1.88 0.01 1.253 0.021 0.004 0.005
1606.1 1.0 1.0 1.0 1.554 0.56 0.362 0.614 1.452 0.01 1.88 0.01 1.253 0.021 0.004 0.005
1606.2 1.0 1.0 1.0 1.554 0.56 0.362 0.614 1.452 0.01 1.88 0.01 1.253 0.021 0.004 0.005
1606.3 1.0 1.0 1.0 1.554 0.56 0.362 0.614 1.452 0.01 1.88 0.01 1.253 0.021 0.004 0.005
1606.4 1.0 1.0 1.0 1.554 0.56 0.362 0.614 1.452 0.01 1.88 0.01 1.253 0.021 0.004 0.005
1606.5 1.0 1.0 1.0 1.554 0.56 0.362 0.614 1.452 0.01 1.88 0.01 1.253 0.021 0.004 0.005
1606.6 1.0 1.0 1.0 1.554 0.56 0.362 0.614 1.452 0.01 1.88 0.01 1.253 0.021 0.004 0.005
1606.7 1.0 1.0 1.0 1.554 0.56 0.362 0.614 1.452 0.01 1.88 0.01 1.253 0.021 0.004 0.005
1606.8 1.0 1.0 1.0 1.554 0.56 0.362 0.614 1.452 0.01 1.88 0.01 1.253 0.021 0.004 0.005
1606.9 1.0 1.0 1.0 1.554 0.56 0.362 0.614 1.452 0.01 1.88 0.01 1.253 0.021 0.004 0.005
1607.0 1.0 1.0 1.0 1.553 0.56 0.362 0.614 1.452 0.01 1.88 0.01 1.253 0.021 0.004 0.005
1607.1 1.0 1.0 1.0 1.553 0.56 0.362 0.614 1.452 0.01 1.88 0.01 1.253 0.021 0.004 0.005
1607.2 1.0 1.0 1.0 1.553 0.56 0.362 0.614 1.452 0.01 1.88 0.01 1.253 0.021 0.004 0.005
1607.3 1.0 1.0 1.0 1.553 0.56 0.362 0.614 1.452 0.01 1.88 0.01 1.253 0.021 0.004 0.005
1607.4 1.0 1.0 1.0 1.553 0.56 0.362 0.614 1.452 0.01 1.88 0.01 1.253 0.021 0.004 0.005
1607.5 1.0 1.0 1.0 1.553 0.56 0.362 0.614 1.452 0.01 1.88 0.01 1.253 0.021 0.004 0.005
1607.6 1.0 1.0 1.0 1.553 0.56 0.362 0.614 1.452 0.01 1.88 0.01 1.253 0.021 0.004 0.005
1607.7 1.0 1.0 1.0 1.553 0.56 0.362 0.614 1.452 0.01 1.88 0.01 1.253 0.021 0.004 0.005
1607.8 1.0 1.0 1.0 1.553 0.56 0.362 0.614 1.452 0.01 1.88 0.01 1.253 0.021 0.004 0.005
1607.9 1.0 1.0 1.0 1.553 0.56 0.362 0.614 1.452 0.01 1.88 0.01 1.253 0.021 0.004 0.005
1608.0 1.0 1.0 1.0 1.553 0.56 0.362 0.614 1.452 0.01 1.88 0.01 1.253 0.021 0.004 0.005
1608.1 1.0 1.0 1.0 1.553 0.56 0.362 0.614 1.452 0.01 1.88 0.01 1.253 0.021 0.004 0.005
1608.2 1.0 1.0 1.0 1.553 0.56 0.362 0.614 1.452 0.01 1.88 0.01 1.253 0.021 0.004 0.005
1608.3 1.0 1.0 1.0 1.553 0.56 0.361 0.614 1.452 0.01 1.88 0.01 1.253 0.021 0.004 0.005
1608.4 1.0 1.0 1.0 1.553 0.56 0.361 0.614 1.452 0.01 1.88 0.01 1.253 0.021 0.004 0.005
1608.5 1.0 1.0 1.0 1.553 0.56 0.361 0.614 1.452 0.01 1.88 0.01 1.253 0.021 0.004 0.005
1608.6 1.0 1.0 1.0 1.553 0.56 0.361 0.614 1.452 0.01 1.88 0.01 1.253 0.021 0.004 0.005
1608.7 1.0 1.0 1.0 1.553 0.56 0.361 0.614 1.452 0.01 1.88 0.01 1.253 0.021 0.004 0.005
1608.8 1.0 1.0 1.0 1.553 0.56 0.361 0.614 1.452 0.01 1.88 0.01 1.253 0.021 0.004 0.005
1608.9 1.0 1.0 1.0 1.553 0.56 0.361 0.614 1.452 0.01 1.88 0.01 1.253 0.021 0.004 0.005
1609.0 1.0 1.0 1.0 1.553 0.56 0.361 0.614 1.452 0.01 1.88 0.01 1.253 0.021 0.004 0.005
1609.1 1.0 1.0 1.0 1.553 0.56 0.361 0.614 1.452 0.01 1.88 0.01 1.253 0.021 0.004 0.005
1609.2 1.0 1.0 1.0 1.553 0.56 0.361 0.614 1.452 0.01 1.88 0.01 1.253 0.021 0.004 0.005
1609.3 1.0 1.0 1.0 1.553 0.56 0.361 0.614 1.452 0.01 1.88 0.01 1.253 0.021 0.004 0.005
1609.4 1.0 1.0 1.0 1.553 0.56 0.361 0.614 1.452 0.01 1.88 0.01 1.253 0.021 0.004 0.005
1609.5 1.0 1.0 1.0 1.552 0.56 0.361 0.614 1.452 0.01 1.88 0.01 1.253 0.021 0.004 0.005
1609.6 1.0 1.0 1.0 1.552 0.56 0.361 0.614 1.452 0.01 1.88 0.01 1.253 0.021 0.004 0.005
1609.7 1.0 1.0 1.0 1.552 0.56 0.361 0.614 1.452 0.01 1.88 0.01 1.253 0.021 0.004 0.005
1609.8 1.0 1.0 1.0 1.552 0.56 0.361 0.614 1.452 0.01 1.88 0.01 1.253 0.021 0.004 0.005
1609.9 1.0 1.0 1.0 1.552 0.56 0.361 0.614 1.452 0.01 1.88 0.01 1.253 0.021 0.004 0.005
1610.0 1.0 1.0 1.0 1.552 0.56 0.361 0.614 1.452 0.01 1.88 0.01 1.253 0.021 0.004 0.005
1610.1 1.0 1.0 1.0 1.552 0.56 0.361 0.614 1.452 0.01 1.88 0.01 1.253 0.021 0.004 0.005
1610.2 1.0 1.0 1.0 1.552 0.56 0.361 0.614 1.452 0.01 1.88 0.01 1.253 0.021 0.004 0.005
1610.3 1.0 1.0 1.0 1.552 0.56 0.361 0.614 1.452 0.01 1.88 0.01 1.253 0.021 0.004 0.005
1610.4 1.0 1.0 1.0 1.552 0.56 0.361 0.614 1.452 0.01 1.88 0.01 1.253 0.021 0.004 0.005
1610.5 1.0 1.0 1.0 1.552 0.56 0.361 0.614 1.452 0.01 1.88 0.01 1.253 0.021 0.004 0.005
1610.6 1.0 1.0 1.0 1.552 0.56 0.361 0.614 1.452 0.01 1.88 0.01 1.253 0.021 0.004 0.005
1610.7 1.0 1.0 1.0 1.552 0.56 0.361 0.614 1.452 0.01 1.88 0.01 1.253 0.021 0.004 0.005
1610.8 1.0 1.0 1.0 1.552 0.56 0.361 0.614 1.452 0.01 1.88 0.01 1.253 0.021 0.004 0.005
1610.9 1.0 1.0 1.0 1.552 0.56 0.361 0.614 1.452 0.01 1.88 0.01 1.253 0.021 0.004 0.005
1611.0 1.0 1.0 1.0 1.552 0.56 0.361 0.614 1.452 0.01 1.88 0.01 1.253 0.021 0.004 0.005
1611.1 1.0 1.0 1.0 1.552 0.56 0.361 0.614 1.452 0.01 1.88 0.01 1.253 0.021 0.004 0.005
1611.2 1.0 1.0 1.0 1.552 0.56 0.361 0.614 1.452 0.01 1.88 0.01 1.253 0.021 0.004 0.005
1611.3 1.0 1.0 1.0 1.552 0.56 0.361 0.614 1.452 0.01 1.88 0.01 1.253 0.021 0.004 0.005
1611.4 1.0 1.0 1.0 1.552 0.56 0.361 0.614 1.452 0.01 1.88 0.01 1.253 0.021 0.004 0.005
1611.5 1.0 1.0 1.0 1.552 0.56 0.361 0.614 1.452 0.01 1.88 0.01 1.253 0.021 0.004 0.005
1611.6 1.0 1.0 1.0 1.552 0.56 0.361 0.614 1.452 0.01 1.88 0.01 1.253 0.021 0.004 0.005
1611.7 1.0 1.0 1.0 1.552 0.56 0.361 0.614 1.452 0.01 1.88 0.01 1.253 0.021 0.004 0.005
1611.8 1.0 1.0 1.0 1.552 0.56 0.361 0.614 1.452 0.01 1.88 0.01 1.253 0.021 0.004 0.005
1611.9 1.0 1.0 1.0 1.552 0.56 0.361 0.614 1.452 0.01 1.88 0.01 1.253 0.021 0.004 0.005
1612.0 1.0 1.0 1.0 1.552 0.56 0.361 0.614 1.452 0.01 1.88 0.01 1.253 0.021 0.004 0.005
1612.1 1.0 1.0 1.0 1.552 0.56 0.361 0.614 1.452 0.01 1.88 0.01 1.253 0.021 0.004 0.005
1612.2 1.0 1.0 1.0 1.552 0.56 0.361 0.614 1.452 0.01 1.88 0.01 1.253 0.021 0.004 0.005
1612.3 1.0 1.0 1.0 1.552 0.56 0.361 0.614 1.452 0.01 1.88 0.01 1.253 0.021 0.004 0.005
1612.4 1.0 1.0 1.0 1.552 0.56 0.361 0.614 1.452 0.01 1.88 0.01 1.253 0.021 0.004 0.005
1612.5 1.0 1.0 1.0 1.551 0.56 0.361 0.614 1.452 0.01 1.88 0.01 1.253 0.021 0.004 0.005
1612.6 1.0 1.0 1.0 1.551 0.56 0.361 0.614 1.452 0.01 1.88 0.01 1.253 0.021 0.004 0.005
1612.7 1.0 1.0 1.0 1.551 0.56 0.361 0.614 1.452 0.01 1.88 0.01 1.253 0.021 0.004 0.005
1612.8 1.0 1.0 1.0 1.551 0.56 0.361 0.614 1.452 0.01 1.88 0.01 1.253 0.021 0.004 0.005
1612.9 1.0 1.0 1.0 1.551 0.56 0.361 0.614 1.452 0.01 1.88 0.01 1.253 0.021 0.004 0.005
1613.0 1.0 1.0 1.0 1.551 0.56 0.361 0.614 1.452 0.01 1.88 0.01 1.253 0.021 0.004 0.005
1613.1 1.0 1.0 1.0 1.551 0.56 0.361 0.614 1.452 0.01 1.88 0.01 1.253 0.021 0.004 0.005
1613.2 1.0 1.0 1.0 1.551 0.56 0.361 0.614 1.452 0.01 1.88 0.01 1.253 0.021 0.004 0.005
1613.3 1.0 1.0 1.0 1.551 0.56 0.361 0.614 1.452 0.01 1.88 0.01 1.253 0.021 0.004 0.005
1613.4 1.0 1.0 1.0 1.551 0.56 0.361 0.614 1.452 0.01 1.88 0.01 1.253 0.021 0.004 0.005
1613.5 1.0 1.0 1.0 1.551 0.56 0.361 0.614 1.452 0.01 1.88 0.01 1.253 0.021 0.004 0.005
1613.6 1.0 1.0 1.0 1.551 0.56 0.361 0.614 1.452 0.01 1.88 0.01 1.253 0.021 0.004 0.005
1613.7 1.0 1.0 1.0 1.551 0.56 0.361 0.614 1.452 0.01 1.88 0.01 1.253 0.021 0.004 0.005
1613.8 1.0 1.0 1.0 1.551 0.56 0.361 0.614 1.452 0.01 1.88 0.01 1.253 0.021 0.004 0.005
1613.9 1.0 1.0 1.0 1.551 0.56 0.361 0.614 1.452 0.01 1.88 0.01 1.253 0.021 0.004 0.005
1614.0 1.0 1.0 1.0 1.551 0.56 0.361 0.614 1.452 0.01 1.88 0.01 1.253 0.021 0.004 0.005
1614.1 1.0 1.0 1.0 1.551 0.56 0.361 0.614 1.452 0.01 1.88 0.01 1.253 0.021 0.004 0.005
1614.2 1.0 1.0 1.0 1.551 0.56 0.361 0.614 1.452 0.01 1.88 0.01 1.253 0.021 0.004 0.005
1614.3 1.0 1.0 1.0 1.551 0.56 0.361 0.614 1.452 0.01 1.88 0.01 1.253 0.021 0.004 0.005
1614.4 1.0 1.0 1.0 1.551 0.56 0.361 0.614 1.452 0.01 1.88 0.01 1.253 0.021 0.004 0.005
1614.5 1.0 1.0 1.0 1.551 0.56 0.361 0.614 1.452 0.01 1.88 0.01 1.253 0.021 0.004 0.005
1614.6 1.0 1.0 1.0 1.551 0.56 0.361 0.614 1.452 0.01 1.88 0.01 1.253 0.021 0.004 0.005
1614.7 1.0 1.0 1.0 1.551 0.56 0.361 0.614 1.452 0.01 1.88 0.01 1.253 0.021 0.004 0.005
1614.8 1.0 1.0 1.0 1.551 0.56 0.361 0.614 1.452 0.01 1.88 0.01 1.253 0.021 0.004 0.005
1614.9 1.0 1.0 1.0 1.551 0.56 0.361 0.614 1.452 0.01 1.88 0.01 1.253 0.021 0.004 0.005
1615.0 1.0 1.0 1.0 1.551 0.56 0.361 0.614 1.452 0.01 1.88 0.01 1.253 0.021 0.004 0.005
1615.1 1.0 1.0 1.0 1.551 0.56 0.361 0.614 1.452 0.01 1.88 0.01 1.253 0.021 0.004 0.005
1615.2 1.0 1.0 1.0 1.551 0.56 0.361 0.614 1.452 0.01 1.88 0.01 1.253 0.021 0.004 0.005
1615.3 1.0 1.0 1.0 1.551 0.56 0.361 0.614 1.452 0.01 1.88 0.01 1.253 0.021 0.004 0.005
1615.4 1.0 1.0 1.0 1.551 0.56 0.361 0.614 1.452 0.01 1.88 0.01 1.253 0.021 0.004 0.005
1615.5 1.0 1.0 1.0 1.551 0.56 0.361 0.614 1.452 0.01 1.88 0.01 1.253 0.021 0.004 0.005
1615.6 1.0 1.0 1.0 1.551 0.56 0.361 0.614 1.452 0.01 1.88 0.01 1.253 0.021 0.004 0.005
1615.7 1.0 1.0 1.0 1.551 0.56 0.361 0.614 1.452 0.01 1.88 0.01 1.253 0.021 0.004 0.005
1615.8 1.0 1.0 1.0 1.551 0.56 0.361 0.614 1.452 0.01 1.88 0.01 1.253 0.021 0.004 0.005
1615.9 1.0 1.0 1.0 1.551 0.56 0.361 0.614 1.452 0.01 1.88 0.01 1.253 0.021 0.004 0.005
1616.0 1.0 1.0 1.0 1.551 0.56 0.361 0.614 1.452 0.01 1.88 0.01 1.253 0.021 0.004 0.005
1616.1 1.0 1.0 1.0 1.551 0.56 0.361 0.614 1.452 0.01 1.88 0.01 1.253 0.021 0.004 0.005
1616.2 1.0 1.0 1.0 1.551 0.56 0.361 0.614 1.452 0.01 1.88 0.01 1.253 0.021 0.004 0.005
1616.3 1.0 1.0 1.0 1.551 0.56 0.361 0.614 1.452 0.01 1.88 0.01 1.253 0.021 0.004 0.005
1616.4 1.0 1.0 1.0 1.551 0.56 0.361 0.614 1.452 0.01 1.88 0.01 1.253 0.021 0.004 0.005
1616.5 1.0 1.0 1.0 1.551 0.56 0.361 0.614 1.452 0.01 1.88 0.01 1.253 0.021 0.004 0.005
1616.6 1.0 1.0 1.0 1.551 0.56 0.361 0.614 1.452 0.01 1.88 0.01 1.253 0.021 0.004 0.005
1616.7 1.0 1.0 1.0 1.551 0.56 0.361 0.614 1.452 0.01 1.88 0.01 1.253 0.021 0.004 0.005
1616.8 1.0 1.0 1.0 1.55 0.56 0.361 0.614 1.452 0.01 1.88 0.01 1.253 0.021 0.004 0.005
1616.9 1.0 1.0 1.0 1.55 0.56 0.361 0.614 1.452 0.01 1.88 0.01 1.253 0.021 0.004 0.005
1617.0 1.0 1.0 1.0 1.55 0.56 0.361 0.614 1.452 0.01 1.88 0.01 1.253 0.021 0.004 0.005
1617.1 1.0 1.0 1.0 1.55 0.56 0.361 0.614 1.452 0.01 1.88 0.01 1.253 0.021 0.004 0.005
1617.2 1.0 1.0 1.0 1.55 0.56 0.361 0.614 1.452 0.01 1.88 0.01 1.253 0.021 0.004 0.005
1617.3 1.0 1.0 1.0 1.55 0.56 0.361 0.614 1.452 0.01 1.88 0.01 1.253 0.021 0.004 0.005
1617.4 1.0 1.0 1.0 1.55 0.56 0.361 0.614 1.452 0.01 1.88 0.01 1.253 0.021 0.004 0.005
1617.5 1.0 1.0 1.0 1.55 0.56 0.361 0.614 1.452 0.01 1.88 0.01 1.253 0.021 0.004 0.005
1617.6 1.0 1.0 1.0 1.55 0.56 0.361 0.614 1.452 0.01 1.88 0.01 1.253 0.021 0.004 0.005
1617.7 1.0 1.0 1.0 1.55 0.559 0.361 0.614 1.452 0.01 1.88 0.01 1.253 0.021 0.004 0.005
1617.8 1.0 1.0 1.0 1.55 0.559 0.361 0.614 1.452 0.01 1.88 0.01 1.253 0.021 0.004 0.005
1617.9 1.0 1.0 1.0 1.55 0.559 0.361 0.614 1.452 0.01 1.88 0.01 1.253 0.021 0.004 0.005
1618.0 1.0 1.0 1.0 1.55 0.559 0.361 0.614 1.452 0.01 1.88 0.01 1.253 0.021 0.004 0.005
1618.1 1.0 1.0 1.0 1.55 0.559 0.361 0.614 1.452 0.01 1.88 0.01 1.253 0.021 0.004 0.005
1618.2 1.0 1.0 1.0 1.55 0.559 0.361 0.614 1.452 0.01 1.88 0.01 1.253 0.021 0.004 0.005
1618.3 1.0 1.0 1.0 1.55 0.559 0.361 0.614 1.452 0.01 1.88 0.01 1.253 0.021 0.004 0.005
1618.4 1.0 1.0 1.0 1.55 0.559 0.361 0.614 1.452 0.01 1.88 0.01 1.253 0.021 0.004 0.005
1618.5 1.0 1.0 1.0 1.55 0.559 0.361 0.614 1.452 0.01 1.88 0.01 1.253 0.021 0.004 0.005
1618.6 1.0 1.0 1.0 1.55 0.559 0.361 0.614 1.452 0.01 1.88 0.01 1.253 0.021 0.004 0.005
1618.7 1.0 1.0 1.0 1.55 0.559 0.361 0.614 1.452 0.01 1.88 0.01 1.253 0.021 0.004 0.005
1618.8 1.0 1.0 1.0 1.55 0.559 0.361 0.614 1.452 0.01 1.88 0.01 1.253 0.021 0.004 0.005
1618.9 1.0 1.0 1.0 1.55 0.559 0.361 0.614 1.452 0.01 1.88 0.01 1.253 0.021 0.004 0.005
1619.0 1.0 1.0 1.0 1.55 0.559 0.361 0.614 1.452 0.01 1.88 0.01 1.253 0.021 0.004 0.005
1619.1 1.0 1.0 1.0 1.55 0.559 0.361 0.614 1.452 0.01 1.88 0.01 1.253 0.021 0.004 0.005
1619.2 1.0 1.0 1.0 1.55 0.559 0.361 0.614 1.452 0.01 1.88 0.01 1.253 0.021 0.004 0.005
1619.3 1.0 1.0 1.0 1.55 0.559 0.361 0.614 1.452 0.01 1.88 0.01 1.253 0.021 0.004 0.005
1619.4 1.0 1.0 1.0 1.55 0.559 0.361 0.614 1.452 0.01 1.88 0.01 1.253 0.021 0.004 0.005
1619.5 1.0 1.0 1.0 1.55 0.559 0.361 0.614 1.452 0.01 1.88 0.01 1.253 0.021 0.004 0.005
1619.6 1.0 1.0 1.0 1.55 0.559 0.361 0.614 1.452 0.01 1.88 0.01 1.253 0.021 0.004 0.005
1619.7 1.0 1.0 1.0 1.55 0.559 0.361 0.614 1.452 0.01 1.88 0.01 1.253 0.021 0.004 0.005
1619.8 1.0 1.0 1.0 1.55 0.559 0.361 0.614 1.452 0.01 1.88 0.01 1.253 0.021 0.004 0.005
1619.9 1.0 1.0 1.0 1.55 0.559 0.361 0.614 1.452 0.01 1.88 0.01 1.253 0.021 0.004 0.005
1620.0 1.0 1.0 1.0 1.55 0.559 0.361 0.614 1.452 0.01 1.88 0.01 1.253 0.021 0.004 0.005
1620.1 1.0 1.0 1.0 1.55 0.559 0.361 0.614 1.452 0.01 1.88 0.01 1.253 0.021 0.004 0.005
1620.2 1.0 1.0 1.0 1.55 0.559 0.361 0.614 1.452 0.01 1.88 0.01 1.253 0.021 0.004 0.005
1620.3 1.0 1.0 1.0 1.55 0.559 0.361 0.614 1.452 0.01 1.88 0.01 1.253 0.021 0.004 0.005
1620.4 1.0 1.0 1.0 1.55 0.559 0.361 0.614 1.452 0.01 1.88 0.01 1.253 0.021 0.004 0.005
1620.5 1.0 1.0 1.0 1.55 0.559 0.361 0.614 1.452 0.01 1.88 0.01 1.253 0.021 0.004 0.005
1620.6 1.0 1.0 1.0 1.55 0.559 0.361 0.614 1.452 0.01 1.88 0.01 1.253 0.021 0.004 0.005
1620.7 1.0 1.0 1.0 1.55 0.559 0.361 0.614 1.452 0.01 1.88 0.01 1.253 0.021 0.004 0.005
1620.8 1.0 1.0 1.0 1.55 0.559 0.361 0.614 1.452 0.01 1.88 0.01 1.253 0.021 0.004 0.005
1620.9 1.0 1.0 1.0 1.55 0.559 0.361 0.614 1.452 0.01 1.88 0.01 1.253 0.021 0.004 0.005
1621.0 1.0 1.0 1.0 1.55 0.559 0.361 0.614 1.452 0.01 1.88 0.01 1.253 0.021 0.004 0.005
1621.1 1.0 1.0 1.0 1.55 0.559 0.361 0.614 1.452 0.01 1.88 0.01 1.253 0.021 0.004 0.005
1621.2 1.0 1.0 1.0 1.55 0.559 0.361 0.614 1.452 0.01 1.88 0.01 1.253 0.021 0.004 0.005
1621.3 1.0 1.0 1.0 1.55 0.559 0.361 0.614 1.452 0.01 1.88 0.01 1.253 0.021 0.004 0.005
1621.4 1.0 1.0 1.0 1.55 0.559 0.361 0.614 1.452 0.01 1.88 0.01 1.253 0.021 0.004 0.005
1621.5 1.0 1.0 1.0 1.55 0.559 0.361 0.614 1.452 0.01 1.88 0.01 1.253 0.021 0.004 0.005
1621.6 1.0 1.0 1.0 1.55 0.559 0.361 0.614 1.452 0.01 1.88 0.01 1.253 0.021 0.004 0.005
1621.7 1.0 1.0 1.0 1.55 0.559 0.361 0.614 1.452 0.01 1.88 0.01 1.253 0.021 0.004 0.005
1621.8 1.0 1.0 1.0 1.55 0.559 0.361 0.614 1.452 0.01 1.88 0.01 1.253 0.021 0.004 0.005
1621.9 1.0 1.0 1.0 1.55 0.559 0.361 0.614 1.452 0.01 1.88 0.01 1.253 0.021 0.004 0.005
1622.0 1.0 1.0 1.0 1.55 0.559 0.361 0.614 1.452 0.01 1.88 0.01 1.253 0.021 0.004 0.005
1622.1 1.0 1.0 1.0 1.55 0.559 0.361 0.614 1.452 0.01 1.88 0.01 1.253 0.021 0.004 0.005
1622.2 1.0 1.0 1.0 1.55 0.559 0.361 0.614 1.452 0.01 1.88 0.01 1.253 0.021 0.004 0.005
1622.3 1.0 1.0 1.0 1.55 0.559 0.361 0.614 1.452 0.01 1.88 0.01 1.253 0.021 0.004 0.005
1622.4 1.0 1.0 1.0 1.55 0.559 0.361 0.614 1.452 0.01 1.88 0.01 1.253 0.021 0.004 0.005
1622.5 1.0 1.0 1.0 1.55 0.559 0.361 0.614 1.452 0.01 1.88 0.01 1.253 0.021 0.004 0.005
1622.6 1.0 1.0 1.0 1.55 0.559 0.361 0.614 1.452 0.01 1.88 0.01 1.253 0.021 0.004 0.005
1622.7 1.0 1.0 1.0 1.55 0.559 0.361 0.614 1.452 0.01 1.88 0.01 1.253 0.021 0.004 0.005
1622.8 1.0 1.0 1.0 1.55 0.559 0.361 0.614 1.452 0.01 1.88 0.01 1.253 0.021 0.004 0.005
1622.9 1.0 1.0 1.0 1.55 0.559 0.361 0.614 1.452 0.01 1.88 0.01 1.253 0.021 0.004 0.005
1623.0 1.0 1.0 1.0 1.55 0.559 0.361 0.614 1.452 0.01 1.88 0.01 1.253 0.021 0.004 0.005
1623.1 1.0 1.0 1.0 1.55 0.559 0.361 0.614 1.452 0.01 1.88 0.01 1.253 0.021 0.004 0.005
1623.2 1.0 1.0 1.0 1.55 0.559 0.361 0.614 1.452 0.01 1.88 0.01 1.253 0.021 0.004 0.005
1623.3 1.0 1.0 1.0 1.55 0.559 0.361 0.614 1.452 0.01 1.88 0.01 1.253 0.021 0.004 0.005
1623.4 1.0 1.0 1.0 1.55 0.559 0.361 0.614 1.452 0.01 1.88 0.01 1.253 0.021 0.004 0.005
1623.5 1.0 1.0 1.0 1.55 0.559 0.361 0.614 1.452 0.01 1.88 0.01 1.253 0.021 0.004 0.005
1623.6 1.0 1.0 1.0 1.55 0.559 0.361 0.614 1.452 0.01 1.88 0.01 1.253 0.021 0.004 0.005
1623.7 1.0 1.0 1.0 1.55 0.559 0.361 0.614 1.452 0.01 1.88 0.01 1.253 0.021 0.004 0.005
1623.8 1.0 1.0 1.0 1.55 0.559 0.361 0.614 1.452 0.01 1.88 0.01 1.253 0.021 0.004 0.005
1623.9 1.0 1.0 1.0 1.55 0.559 0.361 0.614 1.452 0.01 1.88 0.01 1.253 0.021 0.004 0.005
1624.0 1.0 1.0 1.0 1.55 0.559 0.361 0.614 1.452 0.01 1.88 0.01 1.253 0.021 0.004 0.005
1624.1 1.0 1.0 1.0 1.549 0.559 0.361 0.614 1.452 0.01 1.88 0.01 1.253 0.021 0.004 0.005
1624.2 1.0 1.0 1.0 1.549 0.559 0.361 0.614 1.452 0.01 1.88 0.01 1.253 0.021 0.004 0.005
1624.3 1.0 1.0 1.0 1.549 0.559 0.361 0.614 1.452 0.01 1.88 0.01 1.253 0.021 0.004 0.005
1624.4 1.0 1.0 1.0 1.549 0.559 0.361 0.614 1.452 0.01 1.88 0.01 1.253 0.021 0.004 0.005
1624.5 1.0 1.0 1.0 1.549 0.559 0.361 0.614 1.452 0.01 1.88 0.01 1.253 0.021 0.004 0.005
1624.6 1.0 1.0 1.0 1.549 0.559 0.361 0.614 1.452 0.01 1.88 0.01 1.253 0.021 0.004 0.005
1624.7 1.0 1.0 1.0 1.549 0.559 0.361 0.614 1.452 0.01 1.88 0.01 1.253 0.021 0.004 0.005
1624.8 1.0 1.0 1.0 1.549 0.559 0.361 0.614 1.452 0.01 1.88 0.01 1.253 0.021 0.004 0.005
1624.9 1.0 1.0 1.0 1.549 0.559 0.361 0.614 1.452 0.01 1.88 0.01 1.253 0.021 0.004 0.005
1625.0 1.0 1.0 1.0 1.549 0.559 0.361 0.614 1.452 0.01 1.88 0.01 1.253 0.021 0.004 0.005
1625.1 1.0 1.0 1.0 1.549 0.559 0.361 0.614 1.452 0.01 1.88 0.01 1.253 0.021 0.004 0.005
1625.2 1.0 1.0 1.0 1.549 0.559 0.361 0.614 1.452 0.01 1.88 0.01 1.253 0.021 0.004 0.005
1625.3 1.0 1.0 1.0 1.549 0.559 0.361 0.614 1.452 0.01 1.88 0.01 1.253 0.021 0.004 0.005
1625.4 1.0 1.0 1.0 1.549 0.559 0.361 0.614 1.452 0.01 1.88 0.01 1.253 0.021 0.004 0.005
1625.5 1.0 1.0 1.0 1.549 0.559 0.361 0.614 1.452 0.01 1.88 0.01 1.253 0.021 0.004 0.005
1625.6 1.0 1.0 1.0 1.549 0.559 0.361 0.614 1.452 0.01 1.88 0.01 1.253 0.021 0.004 0.005
1625.7 1.0 1.0 1.0 1.549 0.559 0.361 0.614 1.452 0.01 1.88 0.01 1.253 0.021 0.004 0.005
1625.8 1.0 1.0 1.0 1.549 0.559 0.361 0.614 1.452 0.01 1.88 0.01 1.253 0.021 0.004 0.005
1625.9 1.0 1.0 1.0 1.549 0.559 0.361 0.614 1.452 0.01 1.88 0.01 1.253 0.021 0.004 0.005
1626.0 1.0 1.0 1.0 1.549 0.559 0.361 0.614 1.452 0.01 1.88 0.01 1.253 0.021 0.004 0.005
1626.1 1.0 1.0 1.0 1.549 0.559 0.361 0.614 1.452 0.01 1.88 0.01 1.253 0.021 0.004 0.005
1626.2 1.0 1.0 1.0 1.549 0.559 0.361 0.614 1.452 0.01 1.88 0.01 1.253 0.021 0.004 0.005
1626.3 1.0 1.0 1.0 1.549 0.559 0.361 0.614 1.452 0.01 1.88 0.01 1.253 0.021 0.004 0.005
1626.4 1.0 1.0 1.0 1.549 0.559 0.361 0.614 1.452 0.01 1.88 0.01 1.253 0.021 0.004 0.005
1626.5 1.0 1.0 1.0 1.549 0.559 0.361 0.614 1.452 0.01 1.88 0.01 1.253 0.021 0.004 0.005
1626.6 1.0 1.0 1.0 1.549 0.559 0.361 0.614 1.452 0.01 1.88 0.01 1.253 0.021 0.004 0.005
1626.7 1.0 1.0 1.0 1.549 0.559 0.361 0.614 1.452 0.01 1.88 0.01 1.253 0.021 0.004 0.005
1626.8 1.0 1.0 1.0 1.549 0.559 0.361 0.614 1.452 0.01 1.88 0.01 1.253 0.021 0.004 0.005
1626.9 1.0 1.0 1.0 1.549 0.559 0.361 0.614 1.452 0.01 1.88 0.01 1.253 0.021 0.004 0.005
1627.0 1.0 1.0 1.0 1.549 0.559 0.361 0.614 1.452 0.01 1.88 0.01 1.253 0.021 0.004 0.005
1627.1 1.0 1.0 1.0 1.549 0.559 0.361 0.614 1.452 0.01 1.88 0.01 1.253 0.021 0.004 0.005
1627.2 1.0 1.0 1.0 1.549 0.559 0.361 0.614 1.452 0.01 1.88 0.01 1.253 0.021 0.004 0.005
1627.3 1.0 1.0 1.0 1.549 0.559 0.361 0.614 1.452 0.01 1.88 0.01 1.253 0.021 0.004 0.005
1627.4 1.0 1.0 1.0 1.549 0.559 0.361 0.614 1.452 0.01 1.88 0.01 1.253 0.021 0.004 0.005
1627.5 1.0 1.0 1.0 1.549 0.559 0.361 0.614 1.452 0.01 1.88 0.01 1.253 0.021 0.004 0.005
1627.6 1.0 1.0 1.0 1.549 0.559 0.361 0.614 1.452 0.01 1.88 0.01 1.253 0.021 0.004 0.005
1627.7 1.0 1.0 1.0 1.549 0.559 0.361 0.614 1.452 0.01 1.88 0.01 1.253 0.021 0.004 0.005
1627.8 1.0 1.0 1.0 1.549 0.559 0.361 0.614 1.452 0.01 1.88 0.01 1.253 0.021 0.004 0.005
1627.9 1.0 1.0 1.0 1.549 0.559 0.361 0.614 1.452 0.01 1.88 0.01 1.253 0.021 0.004 0.005
1628.0 1.0 1.0 1.0 1.549 0.559 0.361 0.614 1.452 0.01 1.88 0.01 1.253 0.021 0.004 0.005
1628.1 1.0 1.0 1.0 1.549 0.559 0.361 0.614 1.452 0.01 1.88 0.01 1.253 0.021 0.004 0.005
1628.2 1.0 1.0 1.0 1.549 0.559 0.361 0.614 1.452 0.01 1.88 0.01 1.253 0.021 0.004 0.005
1628.3 1.0 1.0 1.0 1.549 0.559 0.361 0.614 1.452 0.01 1.88 0.01 1.253 0.021 0.004 0.005
1628.4 1.0 1.0 1.0 1.549 0.559 0.361 0.614 1.452 0.01 1.88 0.01 1.253 0.021 0.004 0.005
1628.5 1.0 1.0 1.0 1.549 0.559 0.361 0.614 1.452 0.01 1.88 0.01 1.253 0.021 0.004 0.005
1628.6 1.0 1.0 1.0 1.549 0.559 0.361 0.614 1.452 0.01 1.88 0.01 1.253 0.021 0.004 0.005
1628.7 1.0 1.0 1.0 1.549 0.559 0.361 0.614 1.452 0.01 1.88 0.01 1.253 0.021 0.004 0.005
1628.8 1.0 1.0 1.0 1.549 0.559 0.361 0.614 1.452 0.01 1.88 0.01 1.253 0.021 0.004 0.005
1628.9 1.0 1.0 1.0 1.549 0.559 0.361 0.614 1.452 0.01 1.88 0.01 1.253 0.021 0.004 0.005
1629.0 1.0 1.0 1.0 1.549 0.559 0.361 0.614 1.452 0.01 1.88 0.01 1.253 0.021 0.004 0.005
1629.1 1.0 1.0 1.0 1.549 0.559 0.361 0.614 1.452 0.01 1.88 0.01 1.253 0.021 0.004 0.005
1629.2 1.0 1.0 1.0 1.549 0.559 0.361 0.614 1.452 0.01 1.88 0.01 1.253 0.021 0.004 0.005
1629.3 1.0 1.0 1.0 1.549 0.559 0.361 0.614 1.452 0.01 1.88 0.01 1.253 0.021 0.004 0.005
1629.4 1.0 1.0 1.0 1.549 0.559 0.361 0.614 1.452 0.01 1.88 0.01 1.253 0.021 0.004 0.005
1629.5 1.0 1.0 1.0 1.549 0.559 0.361 0.614 1.452 0.01 1.88 0.01 1.253 0.021 0.004 0.005
1629.6 1.0 1.0 1.0 1.549 0.559 0.361 0.614 1.452 0.01 1.88 0.01 1.253 0.021 0.004 0.005
1629.7 1.0 1.0 1.0 1.549 0.559 0.361 0.614 1.452 0.01 1.88 0.01 1.253 0.021 0.004 0.005
1629.8 1.0 1.0 1.0 1.549 0.559 0.361 0.614 1.452 0.01 1.88 0.01 1.253 0.021 0.004 0.005
1629.9 1.0 1.0 1.0 1.549 0.559 0.361 0.614 1.452 0.01 1.88 0.01 1.253 0.021 0.004 0.005
1630.0 1.0 1.0 1.0 1.549 0.559 0.361 0.614 1.452 0.01 1.88 0.01 1.253 0.021 0.004 0.005
1630.1 1.0 1.0 1.0 1.549 0.559 0.361 0.614 1.452 0.01 1.88 0.01 1.253 0.021 0.004 0.005
1630.2 1.0 1.0 1.0 1.549 0.559 0.361 0.614 1.452 0.01 1.88 0.01 1.253 0.021 0.004 0.005
1630.3 1.0 1.0 1.0 1.549 0.559 0.361 0.614 1.452 0.01 1.88 0.01 1.253 0.021 0.004 0.005
1630.4 1.0 1.0 1.0 1.549 0.559 0.361 0.614 1.452 0.01 1.88 0.01 1.253 0.021 0.004 0.005
1630.5 1.0 1.0 1.0 1.549 0.559 0.361 0.614 1.452 0.01 1.88 0.01 1.253 0.021 0.004 0.005
1630.6 1.0 1.0 1.0 1.549 0.559 0.361 0.614 1.452 0.01 1.88 0.01 1.253 0.021 0.004 0.005
1630.7 1.0 1.0 1.0 1.549 0.559 0.361 0.614 1.452 0.01 1.88 0.01 1.253 0.021 0.004 0.005
1630.8 1.0 1.0 1.0 1.549 0.559 0.361 0.614 1.452 0.01 1.88 0.01 1.253 0.021 0.004 0.005
1630.9 1.0 1.0 1.0 1.549 0.559 0.361 0.614 1.452 0.01 1.88 0.01 1.253 0.021 0.004 0.005
1631.0 1.0 1.0 1.0 1.549 0.559 0.361 0.614 1.452 0.01 1.88 0.01 1.253 0.021 0.004 0.005
1631.1 1.0 1.0 1.0 1.549 0.559 0.361 0.614 1.452 0.01 1.88 0.01 1.253 0.021 0.004 0.005
1631.2 1.0 1.0 1.0 1.549 0.559 0.361 0.614 1.452 0.01 1.88 0.01 1.253 0.021 0.004 0.005
1631.3 1.0 1.0 1.0 1.549 0.559 0.361 0.614 1.452 0.01 1.88 0.01 1.253 0.021 0.004 0.005
1631.4 1.0 1.0 1.0 1.549 0.559 0.361 0.614 1.452 0.01 1.88 0.01 1.253 0.021 0.004 0.005
1631.5 1.0 1.0 1.0 1.549 0.559 0.361 0.614 1.452 0.01 1.88 0.01 1.253 0.021 0.004 0.005
1631.6 1.0 1.0 1.0 1.549 0.559 0.361 0.614 1.452 0.01 1.88 0.01 1.253 0.021 0.004 0.005
1631.7 1.0 1.0 1.0 1.549 0.559 0.361 0.614 1.452 0.01 1.88 0.01 1.253 0.021 0.004 0.005
1631.8 1.0 1.0 1.0 1.549 0.559 0.361 0.614 1.452 0.01 1.88 0.01 1.253 0.021 0.004 0.005
1631.9 1.0 1.0 1.0 1.549 0.559 0.361 0.614 1.452 0.01 1.88 0.01 1.253 0.021 0.004 0.005
1632.0 1.0 1.0 1.0 1.549 0.559 0.361 0.614 1.452 0.01 1.88 0.01 1.253 0.021 0.004 0.005
1632.1 1.0 1.0 1.0 1.549 0.559 0.361 0.614 1.452 0.01 1.88 0.01 1.253 0.021 0.004 0.005
1632.2 1.0 1.0 1.0 1.549 0.559 0.361 0.614 1.452 0.01 1.88 0.01 1.253 0.021 0.004 0.005
1632.3 1.0 1.0 1.0 1.549 0.559 0.361 0.614 1.452 0.01 1.88 0.01 1.253 0.021 0.004 0.005
1632.4 1.0 1.0 1.0 1.549 0.559 0.361 0.614 1.452 0.01 1.88 0.01 1.253 0.021 0.004 0.005
1632.5 1.0 1.0 1.0 1.549 0.559 0.361 0.614 1.452 0.01 1.88 0.01 1.253 0.021 0.004 0.005
1632.6 1.0 1.0 1.0 1.549 0.559 0.361 0.614 1.452 0.01 1.88 0.01 1.253 0.021 0.004 0.005
1632.7 1.0 1.0 1.0 1.549 0.559 0.361 0.614 1.452 0.01 1.88 0.01 1.253 0.021 0.004 0.005
1632.8 1.0 1.0 1.0 1.549 0.559 0.361 0.614 1.452 0.01 1.88 0.01 1.253 0.021 0.004 0.005
1632.9 1.0 1.0 1.0 1.549 0.559 0.361 0.614 1.452 0.01 1.88 0.01 1.253 0.021 0.004 0.005
1633.0 1.0 1.0 1.0 1.549 0.559 0.361 0.614 1.452 0.01 1.88 0.01 1.253 0.021 0.004 0.005
1633.1 1.0 1.0 1.0 1.549 0.559 0.361 0.614 1.452 0.01 1.88 0.01 1.253 0.021 0.004 0.005
1633.2 1.0 1.0 1.0 1.549 0.559 0.361 0.614 1.452 0.01 1.88 0.01 1.253 0.021 0.004 0.005
1633.3 1.0 1.0 1.0 1.549 0.559 0.361 0.614 1.452 0.01 1.88 0.01 1.253 0.021 0.004 0.005
1633.4 1.0 1.0 1.0 1.549 0.559 0.361 0.614 1.452 0.01 1.88 0.01 1.253 0.021 0.004 0.005
1633.5 1.0 1.0 1.0 1.549 0.559 0.361 0.614 1.452 0.01 1.88 0.01 1.253 0.021 0.004 0.005
1633.6 1.0 1.0 1.0 1.549 0.559 0.361 0.614 1.452 0.01 1.88 0.01 1.253 0.021 0.004 0.005
1633.7 1.0 1.0 1.0 1.549 0.559 0.361 0.614 1.452 0.01 1.88 0.01 1.253 0.021 0.004 0.005
1633.8 1.0 1.0 1.0 1.549 0.559 0.361 0.614 1.452 0.01 1.88 0.01 1.253 0.021 0.004 0.005
1633.9 1.0 1.0 1.0 1.549 0.559 0.361 0.614 1.452 0.01 1.88 0.01 1.253 0.021 0.004 0.005
1634.0 1.0 1.0 1.0 1.549 0.559 0.361 0.614 1.452 0.01 1.88 0.01 1.253 0.021 0.004 0.005
1634.1 1.0 1.0 1.0 1.549 0.559 0.361 0.614 1.452 0.01 1.88 0.01 1.253 0.021 0.004 0.005
1634.2 1.0 1.0 1.0 1.549 0.559 0.361 0.614 1.452 0.01 1.88 0.01 1.253 0.021 0.004 0.005
1634.3 1.0 1.0 1.0 1.549 0.559 0.361 0.614 1.452 0.01 1.88 0.01 1.253 0.021 0.004 0.005
1634.4 1.0 1.0 1.0 1.549 0.559 0.361 0.614 1.452 0.01 1.88 0.01 1.253 0.021 0.004 0.005
1634.5 1.0 1.0 1.0 1.549 0.559 0.361 0.614 1.452 0.01 1.88 0.01 1.253 0.021 0.004 0.005
1634.6 1.0 1.0 1.0 1.549 0.559 0.361 0.614 1.452 0.01 1.88 0.01 1.253 0.021 0.004 0.005
1634.7 1.0 1.0 1.0 1.549 0.559 0.361 0.614 1.452 0.01 1.88 0.01 1.253 0.021 0.004 0.005
1634.8 1.0 1.0 1.0 1.549 0.559 0.361 0.614 1.452 0.01 1.88 0.01 1.253 0.021 0.004 0.005
1634.9 1.0 1.0 1.0 1.549 0.559 0.361 0.614 1.452 0.01 1.88 0.01 1.253 0.021 0.004 0.005
1635.0 1.0 1.0 1.0 1.549 0.559 0.361 0.614 1.452 0.01 1.88 0.01 1.253 0.021 0.004 0.005
1635.1 1.0 1.0 1.0 1.549 0.559 0.361 0.614 1.452 0.01 1.88 0.01 1.253 0.021 0.004 0.005
1635.2 1.0 1.0 1.0 1.549 0.559 0.361 0.614 1.452 0.01 1.88 0.01 1.253 0.021 0.004 0.005
1635.3 1.0 1.0 1.0 1.549 0.559 0.361 0.614 1.452 0.01 1.88 0.01 1.253 0.021 0.004 0.005
1635.4 1.0 1.0 1.0 1.549 0.559 0.361 0.614 1.452 0.01 1.88 0.01 1.253 0.021 0.004 0.005
1635.5 1.0 1.0 1.0 1.549 0.559 0.361 0.614 1.452 0.01 1.88 0.01 1.253 0.021 0.004 0.005
1635.6 1.0 1.0 1.0 1.549 0.559 0.361 0.614 1.452 0.01 1.88 0.01 1.253 0.021 0.004 0.005
1635.7 1.0 1.0 1.0 1.549 0.559 0.361 0.614 1.452 0.01 1.88 0.01 1.253 0.021 0.004 0.005
1635.8 1.0 1.0 1.0 1.549 0.559 0.361 0.614 1.452 0.01 1.88 0.01 1.253 0.021 0.004 0.005
1635.9 1.0 1.0 1.0 1.549 0.559 0.361 0.614 1.452 0.01 1.88 0.01 1.253 0.021 0.004 0.005
1636.0 1.0 1.0 1.0 1.549 0.559 0.361 0.614 1.452 0.01 1.88 0.01 1.253 0.021 0.004 0.005
1636.1 1.0 1.0 1.0 1.549 0.559 0.361 0.614 1.452 0.01 1.88 0.01 1.253 0.021 0.004 0.005
1636.2 1.0 1.0 1.0 1.549 0.559 0.361 0.614 1.452 0.01 1.88 0.01 1.253 0.021 0.004 0.005
1636.3 1.0 1.0 1.0 1.549 0.559 0.361 0.614 1.452 0.01 1.88 0.01 1.253 0.021 0.004 0.005
1636.4 1.0 1.0 1.0 1.549 0.559 0.361 0.614 1.452 0.01 1.88 0.01 1.253 0.021 0.004 0.005
1636.5 1.0 1.0 1.0 1.549 0.559 0.361 0.614 1.452 0.01 1.88 0.01 1.253 0.021 0.004 0.005
1636.6 1.0 1.0 1.0 1.549 0.559 0.361 0.614 1.452 0.01 1.88 0.01 1.253 0.021 0.004 0.005
1636.7 1.0 1.0 1.0 1.549 0.559 0.361 0.614 1.452 0.01 1.88 0.01 1.253 0.021 0.004 0.005
1636.8 1.0 1.0 1.0 1.549 0.559 0.361 0.614 1.452 0.01 1.88 0.01 1.253 0.021 0.004 0.005
1636.9 1.0 1.0 1.0 1.549 0.559 0.361 0.614 1.452 0.01 1.88 0.01 1.253 0.021 0.004 0.005
1637.0 1.0 1.0 1.0 1.549 0.559 0.361 0.614 1.452 0.01 1.88 0.01 1.253 0.021 0.004 0.005
1637.1 1.0 1.0 1.0 1.549 0.559 0.361 0.614 1.452 0.01 1.88 0.01 1.253 0.021 0.004 0.005
1637.2 1.0 1.0 1.0 1.549 0.559 0.361 0.614 1.452 0.01 1.88 0.01 1.253 0.021 0.004 0.005
1637.3 1.0 1.0 1.0 1.549 0.559 0.361 0.614 1.452 0.01 1.88 0.01 1.253 0.021 0.004 0.005
1637.4 1.0 1.0 1.0 1.549 0.559 0.361 0.614 1.452 0.01 1.88 0.01 1.253 0.021 0.004 0.005
1637.5 1.0 1.0 1.0 1.549 0.559 0.361 0.614 1.452 0.01 1.88 0.01 1.253 0.021 0.004 0.005
1637.6 1.0 1.0 1.0 1.549 0.559 0.361 0.614 1.452 0.01 1.88 0.01 1.253 0.021 0.004 0.005
1637.7 1.0 1.0 1.0 1.549 0.559 0.361 0.614 1.452 0.01 1.88 0.01 1.253 0.021 0.004 0.005
1637.8 1.0 1.0 1.0 1.549 0.559 0.361 0.614 1.452 0.01 1.88 0.01 1.253 0.021 0.004 0.005
1637.9 1.0 1.0 1.0 1.549 0.559 0.361 0.614 1.452 0.01 1.88 0.01 1.253 0.021 0.004 0.005
1638.0 1.0 1.0 1.0 1.549 0.559 0.361 0.614 1.452 0.01 1.88 0.01 1.253 0.021 0.004 0.005
1638.1 1.0 1.0 1.0 1.549 0.559 0.361 0.614 1.452 0.01 1.88 0.01 1.253 0.021 0.004 0.005
1638.2 1.0 1.0 1.0 1.549 0.559 0.361 0.614 1.452 0.01 1.88 0.01 1.253 0.021 0.004 0.005
1638.3 1.0 1.0 1.0 1.549 0.559 0.361 0.614 1.452 0.01 1.88 0.01 1.253 0.021 0.004 0.005
1638.4 1.0 1.0 1.0 1.549 0.559 0.361 0.614 1.452 0.01 1.88 0.01 1.253 0.021 0.004 0.005
1638.5 1.0 1.0 1.0 1.549 0.559 0.361 0.614 1.452 0.01 1.88 0.01 1.253 0.021 0.004 0.005
1638.6 1.0 1.0 1.0 1.549 0.559 0.361 0.614 1.452 0.01 1.88 0.01 1.253 0.021 0.004 0.005
1638.7 1.0 1.0 1.0 1.549 0.559 0.361 0.614 1.452 0.01 1.88 0.01 1.253 0.021 0.004 0.005
1638.8 1.0 1.0 1.0 1.549 0.559 0.361 0.614 1.452 0.01 1.88 0.01 1.253 0.021 0.004 0.005
1638.9 1.0 1.0 1.0 1.549 0.559 0.361 0.614 1.452 0.01 1.88 0.01 1.253 0.021 0.004 0.005
1639.0 1.0 1.0 1.0 1.549 0.559 0.361 0.614 1.452 0.01 1.88 0.01 1.253 0.021 0.004 0.005
1639.1 1.0 1.0 1.0 1.549 0.559 0.361 0.614 1.452 0.01 1.88 0.01 1.253 0.021 0.004 0.005
1639.2 1.0 1.0 1.0 1.549 0.559 0.361 0.614 1.452 0.01 1.88 0.01 1.253 0.021 0.004 0.005
1639.3 1.0 1.0 1.0 1.549 0.559 0.361 0.614 1.452 0.01 1.88 0.01 1.253 0.021 0.004 0.005
1639.4 1.0 1.0 1.0 1.549 0.559 0.361 0.614 1.452 0.01 1.88 0.01 1.253 0.021 0.004 0.005
1639.5 1.0 1.0 1.0 1.549 0.559 0.361 0.614 1.452 0.01 1.88 0.01 1.253 0.021 0.004 0.005
1639.6 1.0 1.0 1.0 1.549 0.559 0.361 0.614 1.452 0.01 1.88 0.01 1.253 0.021 0.004 0.005
1639.7 1.0 1.0 1.0 1.549 0.559 0.361 0.614 1.452 0.01 1.88 0.01 1.253 0.021 0.004 0.005
1639.8 1.0 1.0 1.0 1.549 0.559 0.361 0.614 1.452 0.01 1.88 0.01 1.253 0.021 0.004 0.005
1639.9 1.0 1.0 1.0 1.549 0.559 0.361 0.614 1.452 0.01 1.88 0.01 1.253 0.021 0.004 0.005
1640.0 1.0 1.0 1.0 1.549 0.559 0.361 0.614 1.452 0.01 1.88 0.01 1.253 0.021 0.004 0.005
1640.1 1.0 1.0 1.0 1.549 0.559 0.361 0.614 1.452 0.01 1.88 0.01 1.253 0.021 0.004 0.005
1640.2 1.0 1.0 1.0 1.549 0.559 0.361 0.614 1.452 0.01 1.88 0.01 1.253 0.021 0.004 0.005
1640.3 1.0 1.0 1.0 1.549 0.559 0.361 0.614 1.452 0.01 1.88 0.01 1.253 0.021 0.004 0.005
1640.4 1.0 1.0 1.0 1.549 0.559 0.361 0.614 1.452 0.01 1.88 0.01 1.253 0.021 0.004 0.005
1640.5 1.0 1.0 1.0 1.549 0.559 0.361 0.614 1.452 0.01 1.88 0.01 1.253 0.021 0.004 0.005
1640.6 1.0 1.0 1.0 1.549 0.559 0.361 0.614 1.452 0.01 1.88 0.01 1.253 0.021 0.004 0.005
1640.7 1.0 1.0 1.0 1.549 0.559 0.361 0.614 1.452 0.01 1.88 0.01 1.253 0.021 0.004 0.005
1640.8 1.0 1.0 1.0 1.549 0.559 0.361 0.614 1.452 0.01 1.88 0.01 1.253 0.021 0.004 0.005
1640.9 1.0 1.0 1.0 1.549 0.559 0.361 0.614 1.452 0.01 1.88 0.01 1.253 0.021 0.004 0.005
1641.0 1.0 1.0 1.0 1.549 0.559 0.361 0.614 1.452 0.01 1.88 0.01 1.253 0.021 0.004 0.005
1641.1 1.0 1.0 1.0 1.549 0.559 0.361 0.614 1.452 0.01 1.88 0.01 1.253 0.021 0.004 0.005
1641.2 1.0 1.0 1.0 1.549 0.559 0.361 0.614 1.452 0.01 1.88 0.01 1.253 0.021 0.004 0.005
1641.3 1.0 1.0 1.0 1.549 0.559 0.361 0.614 1.452 0.01 1.88 0.01 1.253 0.021 0.004 0.005
1641.4 1.0 1.0 1.0 1.549 0.559 0.361 0.614 1.452 0.01 1.88 0.01 1.253 0.021 0.004 0.005
1641.5 1.0 1.0 1.0 1.549 0.559 0.361 0.614 1.452 0.01 1.88 0.01 1.253 0.021 0.004 0.005
1641.6 1.0 1.0 1.0 1.549 0.559 0.361 0.614 1.452 0.01 1.88 0.01 1.253 0.021 0.004 0.005
1641.7 1.0 1.0 1.0 1.549 0.559 0.361 0.614 1.452 0.01 1.88 0.01 1.253 0.021 0.004 0.005
1641.8 1.0 1.0 1.0 1.549 0.559 0.361 0.614 1.452 0.01 1.88 0.01 1.253 0.021 0.004 0.005
1641.9 1.0 1.0 1.0 1.549 0.559 0.361 0.614 1.452 0.01 1.88 0.01 1.253 0.021 0.004 0.005
1642.0 1.0 1.0 1.0 1.549 0.559 0.361 0.614 1.452 0.01 1.88 0.01 1.253 0.021 0.004 0.005
1642.1 1.0 1.0 1.0 1.549 0.559 0.361 0.614 1.452 0.01 1.88 0.01 1.253 0.021 0.004 0.005
1642.2 1.0 1.0 1.0 1.549 0.559 0.361 0.614 1.452 0.01 1.88 0.01 1.253 0.021 0.004 0.005
1642.3 1.0 1.0 1.0 1.549 0.559 0.361 0.614 1.452 0.01 1.88 0.01 1.253 0.021 0.004 0.005
1642.4 1.0 1.0 1.0 1.549 0.559 0.361 0.614 1.452 0.01 1.88 0.01 1.253 0.021 0.004 0.005
1642.5 1.0 1.0 1.0 1.549 0.559 0.361 0.614 1.452 0.01 1.88 0.01 1.253 0.021 0.004 0.005
1642.6 1.0 1.0 1.0 1.549 0.559 0.361 0.614 1.452 0.01 1.88 0.01 1.253 0.021 0.004 0.005
1642.7 1.0 1.0 1.0 1.549 0.559 0.361 0.614 1.452 0.01 1.88 0.01 1.253 0.021 0.004 0.005
1642.8 1.0 1.0 1.0 1.549 0.559 0.361 0.614 1.452 0.01 1.88 0.01 1.253 0.021 0.004 0.005
1642.9 1.0 1.0 1.0 1.549 0.559 0.361 0.614 1.452 0.01 1.88 0.01 1.253 0.021 0.004 0.005
1643.0 1.0 1.0 1.0 1.549 0.559 0.361 0.614 1.452 0.01 1.88 0.01 1.253 0.021 0.004 0.005
1643.1 1.0 1.0 1.0 1.549 0.559 0.361 0.614 1.452 0.01 1.88 0.01 1.253 0.021 0.004 0.005
1643.2 1.0 1.0 1.0 1.549 0.559 0.361 0.614 1.452 0.01 1.88 0.01 1.253 0.021 0.004 0.005
1643.3 1.0 1.0 1.0 1.549 0.559 0.361 0.614 1.452 0.01 1.88 0.01 1.253 0.021 0.004 0.005
1643.4 1.0 1.0 1.0 1.549 0.559 0.361 0.614 1.452 0.01 1.88 0.01 1.253 0.021 0.004 0.005
1643.5 1.0 1.0 1.0 1.549 0.559 0.361 0.614 1.452 0.01 1.88 0.01 1.253 0.021 0.004 0.005
1643.6 1.0 1.0 1.0 1.549 0.559 0.361 0.614 1.452 0.01 1.88 0.01 1.253 0.021 0.004 0.005
1643.7 1.0 1.0 1.0 1.549 0.559 0.361 0.614 1.452 0.01 1.88 0.01 1.253 0.021 0.004 0.005
1643.8 1.0 1.0 1.0 1.549 0.559 0.361 0.614 1.452 0.01 1.88 0.01 1.253 0.021 0.004 0.005
1643.9 1.0 1.0 1.0 1.549 0.559 0.361 0.614 1.452 0.01 1.88 0.01 1.253 0.021 0.004 0.005
1644.0 1.0 1.0 1.0 1.549 0.559 0.361 0.614 1.452 0.01 1.88 0.01 1.253 0.021 0.004 0.005
1644.1 1.0 1.0 1.0 1.549 0.559 0.361 0.614 1.452 0.01 1.88 0.01 1.253 0.021 0.004 0.005
1644.2 1.0 1.0 1.0 1.549 0.559 0.361 0.614 1.452 0.01 1.88 0.01 1.253 0.021 0.004 0.005
1644.3 1.0 1.0 1.0 1.549 0.559 0.361 0.614 1.452 0.01 1.88 0.01 1.253 0.021 0.004 0.005
1644.4 1.0 1.0 1.0 1.549 0.559 0.361 0.614 1.452 0.01 1.88 0.01 1.253 0.021 0.004 0.005
1644.5 1.0 1.0 1.0 1.549 0.559 0.361 0.614 1.452 0.01 1.88 0.01 1.253 0.021 0.004 0.005
1644.6 1.0 1.0 1.0 1.549 0.559 0.361 0.614 1.452 0.01 1.88 0.01 1.253 0.021 0.004 0.005
1644.7 1.0 1.0 1.0 1.549 0.559 0.361 0.614 1.452 0.01 1.88 0.01 1.253 0.021 0.004 0.005
1644.8 1.0 1.0 1.0 1.549 0.559 0.361 0.614 1.452 0.01 1.88 0.01 1.253 0.021 0.004 0.005
1644.9 1.0 1.0 1.0 1.549 0.559 0.361 0.614 1.452 0.01 1.88 0.01 1.253 0.021 0.004 0.005
1645.0 1.0 1.0 1.0 1.549 0.559 0.361 0.614 1.452 0.01 1.88 0.01 1.253 0.021 0.004 0.005
1645.1 1.0 1.0 1.0 1.549 0.559 0.361 0.614 1.452 0.01 1.88 0.01 1.253 0.021 0.004 0.005
1645.2 1.0 1.0 1.0 1.549 0.559 0.361 0.614 1.452 0.01 1.88 0.01 1.253 0.021 0.004 0.005
1645.3 1.0 1.0 1.0 1.549 0.559 0.361 0.614 1.452 0.01 1.88 0.01 1.253 0.021 0.004 0.005
1645.4 1.0 1.0 1.0 1.549 0.559 0.361 0.614 1.452 0.01 1.88 0.01 1.253 0.021 0.004 0.005
1645.5 1.0 1.0 1.0 1.549 0.559 0.361 0.614 1.452 0.01 1.88 0.01 1.253 0.021 0.004 0.005
1645.6 1.0 1.0 1.0 1.549 0.559 0.361 0.614 1.452 0.01 1.88 0.01 1.253 0.021 0.004 0.005
1645.7 1.0 1.0 1.0 1.549 0.559 0.361 0.614 1.452 0.01 1.88 0.01 1.253 0.021 0.004 0.005
1645.8 1.0 1.0 1.0 1.549 0.559 0.361 0.614 1.452 0.01 1.88 0.01 1.253 0.021 0.004 0.005
1645.9 1.0 1.0 1.0 1.549 0.559 0.361 0.614 1.452 0.01 1.88 0.01 1.253 0.021 0.004 0.005
1646.0 1.0 1.0 1.0 1.549 0.559 0.361 0.614 1.452 0.01 1.88 0.01 1.253 0.021 0.004 0.005
1646.1 1.0 1.0 1.0 1.549 0.559 0.361 0.614 1.452 0.01 1.88 0.01 1.253 0.021 0.004 0.005
1646.2 1.0 1.0 1.0 1.549 0.559 0.361 0.614 1.452 0.01 1.88 0.01 1.253 0.021 0.004 0.005
1646.3 1.0 1.0 1.0 1.549 0.559 0.361 0.614 1.452 0.01 1.88 0.01 1.253 0.021 0.004 0.005
1646.4 1.0 1.0 1.0 1.549 0.559 0.361 0.614 1.452 0.01 1.88 0.01 1.253 0.021 0.004 0.005
1646.5 1.0 1.0 1.0 1.549 0.559 0.361 0.614 1.452 0.01 1.88 0.01 1.253 0.021 0.004 0.005
1646.6 1.0 1.0 1.0 1.549 0.559 0.361 0.614 1.452 0.01 1.88 0.01 1.253 0.021 0.004 0.005
1646.7 1.0 1.0 1.0 1.549 0.559 0.361 0.614 1.452 0.01 1.88 0.01 1.253 0.021 0.004 0.005
1646.8 1.0 1.0 1.0 1.549 0.559 0.361 0.614 1.452 0.01 1.88 0.01 1.253 0.021 0.004 0.005
1646.9 1.0 1.0 1.0 1.549 0.559 0.361 0.614 1.452 0.01 1.88 0.01 1.253 0.021 0.004 0.005
1647.0 1.0 1.0 1.0 1.549 0.559 0.361 0.614 1.452 0.01 1.88 0.01 1.253 0.021 0.004 0.005
1647.1 1.0 1.0 1.0 1.549 0.559 0.361 0.614 1.452 0.01 1.88 0.01 1.253 0.021 0.004 0.005
1647.2 1.0 1.0 1.0 1.549 0.559 0.361 0.614 1.452 0.01 1.88 0.01 1.253 0.021 0.004 0.005
1647.3 1.0 1.0 1.0 1.549 0.559 0.361 0.614 1.452 0.01 1.88 0.01 1.253 0.021 0.004 0.005
1647.4 1.0 1.0 1.0 1.549 0.559 0.361 0.614 1.452 0.01 1.88 0.01 1.253 0.021 0.004 0.005
1647.5 1.0 1.0 1.0 1.549 0.559 0.361 0.614 1.452 0.01 1.88 0.01 1.253 0.021 0.004 0.005
1647.6 1.0 1.0 1.0 1.549 0.559 0.361 0.614 1.452 0.01 1.88 0.01 1.253 0.021 0.004 0.005
1647.7 1.0 1.0 1.0 1.549 0.559 0.361 0.614 1.452 0.01 1.88 0.01 1.253 0.021 0.004 0.005
1647.8 1.0 1.0 1.0 1.549 0.559 0.361 0.614 1.452 0.01 1.88 0.01 1.253 0.021 0.004 0.005
1647.9 1.0 1.0 1.0 1.549 0.559 0.361 0.614 1.452 0.01 1.88 0.01 1.253 0.021 0.004 0.005
1648.0 1.0 1.0 1.0 1.549 0.559 0.361 0.614 1.452 0.01 1.88 0.01 1.253 0.021 0.004 0.005
1648.1 1.0 1.0 1.0 1.549 0.559 0.361 0.614 1.452 0.01 1.88 0.01 1.253 0.021 0.004 0.005
1648.2 1.0 1.0 1.0 1.549 0.559 0.361 0.614 1.452 0.01 1.88 0.01 1.253 0.021 0.004 0.005
1648.3 1.0 1.0 1.0 1.549 0.559 0.361 0.614 1.452 0.01 1.88 0.01 1.253 0.021 0.004 0.005
1648.4 1.0 1.0 1.0 1.549 0.559 0.361 0.614 1.452 0.01 1.88 0.01 1.253 0.021 0.004 0.005
1648.5 1.0 1.0 1.0 1.549 0.559 0.361 0.614 1.452 0.01 1.88 0.01 1.253 0.021 0.004 0.005
1648.6 1.0 1.0 1.0 1.549 0.559 0.361 0.614 1.452 0.01 1.88 0.01 1.253 0.021 0.004 0.005
1648.7 1.0 1.0 1.0 1.549 0.559 0.361 0.614 1.452 0.01 1.88 0.01 1.253 0.021 0.004 0.005
1648.8 1.0 1.0 1.0 1.549 0.559 0.361 0.614 1.452 0.01 1.88 0.01 1.253 0.021 0.004 0.005
1648.9 1.0 1.0 1.0 1.549 0.559 0.361 0.614 1.452 0.01 1.88 0.01 1.253 0.021 0.004 0.005
1649.0 1.0 1.0 1.0 1.549 0.559 0.361 0.614 1.452 0.01 1.88 0.01 1.253 0.021 0.004 0.005
1649.1 1.0 1.0 1.0 1.549 0.559 0.361 0.614 1.452 0.01 1.88 0.01 1.253 0.021 0.004 0.005
1649.2 1.0 1.0 1.0 1.549 0.559 0.361 0.614 1.452 0.01 1.88 0.01 1.253 0.021 0.004 0.005
1649.3 1.0 1.0 1.0 1.549 0.559 0.361 0.614 1.452 0.01 1.88 0.01 1.253 0.021 0.004 0.005
1649.4 1.0 1.0 1.0 1.549 0.559 0.361 0.614 1.452 0.01 1.88 0.01 1.253 0.021 0.004 0.005
1649.5 1.0 1.0 1.0 1.549 0.559 0.361 0.614 1.452 0.01 1.88 0.01 1.253 0.021 0.004 0.005
1649.6 1.0 1.0 1.0 1.549 0.559 0.361 0.614 1.452 0.01 1.88 0.01 1.253 0.021 0.004 0.005
1649.7 1.0 1.0 1.0 1.549 0.559 0.361 0.614 1.452 0.01 1.88 0.01 1.253 0.021 0.004 0.005
1649.8 1.0 1.0 1.0 1.549 0.559 0.361 0.614 1.452 0.01 1.88 0.01 1.253 0.021 0.004 0.005
1649.9 1.0 1.0 1.0 1.549 0.559 0.361 0.614 1.452 0.01 1.88 0.01 1.253 0.021 0.004 0.005
1650.0 1.0 1.0 1.0 1.549 0.559 0.361 0.614 1.452 0.01 1.88 0.01 1.253 0.021 0.004 0.005
1650.1 1.0 1.0 1.0 1.549 0.559 0.361 0.614 1.452 0.01 1.88 0.01 1.253 0.021 0.004 0.005
1650.2 1.0 1.0 1.0 1.549 0.559 0.361 0.614 1.452 0.01 1.88 0.01 1.253 0.021 0.004 0.005
1650.3 1.0 1.0 1.0 1.549 0.559 0.361 0.614 1.452 0.01 1.88 0.01 1.253 0.021 0.004 0.005
1650.4 1.0 1.0 1.0 1.549 0.559 0.361 0.614 1.452 0.01 1.88 0.01 1.253 0.021 0.004 0.005
1650.5 1.0 1.0 1.0 1.549 0.559 0.361 0.614 1.452 0.01 1.88 0.01 1.253 0.021 0.004 0.005
1650.6 1.0 1.0 1.0 1.549 0.559 0.361 0.614 1.452 0.01 1.88 0.01 1.253 0.021 0.004 0.005
1650.7 1.0 1.0 1.0 1.549 0.559 0.361 0.614 1.452 0.01 1.88 0.01 1.253 0.021 0.004 0.005
1650.8 1.0 1.0 1.0 1.549 0.559 0.361 0.614 1.452 0.01 1.88 0.01 1.253 0.021 0.004 0.005
1650.9 1.0 1.0 1.0 1.549 0.559 0.361 0.614 1.452 0.01 1.88 0.01 1.253 0.021 0.004 0.005
1651.0 1.0 1.0 1.0 1.549 0.559 0.361 0.614 1.452 0.01 1.88 0.01 1.253 0.021 0.004 0.005
1651.1 1.0 1.0 1.0 1.549 0.559 0.361 0.614 1.452 0.01 1.88 0.01 1.253 0.021 0.004 0.005
1651.2 1.0 1.0 1.0 1.549 0.559 0.361 0.614 1.452 0.01 1.88 0.01 1.253 0.021 0.004 0.005
1651.3 1.0 1.0 1.0 1.549 0.559 0.361 0.614 1.452 0.01 1.88 0.01 1.253 0.021 0.004 0.005
1651.4 1.0 1.0 1.0 1.549 0.559 0.361 0.614 1.452 0.01 1.88 0.01 1.253 0.021 0.004 0.005
1651.5 1.0 1.0 1.0 1.549 0.559 0.361 0.614 1.452 0.01 1.88 0.01 1.253 0.021 0.004 0.005
1651.6 1.0 1.0 1.0 1.549 0.559 0.361 0.614 1.452 0.01 1.88 0.01 1.253 0.021 0.004 0.005
1651.7 1.0 1.0 1.0 1.549 0.559 0.361 0.614 1.452 0.01 1.88 0.01 1.253 0.021 0.004 0.005
1651.8 1.0 1.0 1.0 1.549 0.559 0.361 0.614 1.452 0.01 1.88 0.01 1.253 0.021 0.004 0.005
1651.9 1.0 1.0 1.0 1.549 0.559 0.361 0.614 1.452 0.01 1.88 0.01 1.253 0.021 0.004 0.005
1652.0 1.0 1.0 1.0 1.549 0.559 0.361 0.614 1.452 0.01 1.88 0.01 1.253 0.021 0.004 0.005
1652.1 1.0 1.0 1.0 1.549 0.559 0.361 0.614 1.452 0.01 1.88 0.01 1.253 0.021 0.004 0.005
1652.2 1.0 1.0 1.0 1.549 0.559 0.361 0.614 1.452 0.01 1.88 0.01 1.253 0.021 0.004 0.005
1652.3 1.0 1.0 1.0 1.549 0.559 0.361 0.614 1.452 0.01 1.88 0.01 1.253 0.021 0.004 0.005
1652.4 1.0 1.0 1.0 1.549 0.559 0.361 0.614 1.452 0.01 1.88 0.01 1.253 0.021 0.004 0.005
1652.5 1.0 1.0 1.0 1.549 0.559 0.361 0.614 1.452 0.01 1.88 0.01 1.253 0.021 0.004 0.005
1652.6 1.0 1.0 1.0 1.549 0.559 0.361 0.614 1.452 0.01 1.88 0.01 1.253 0.021 0.004 0.005
1652.7 1.0 1.0 1.0 1.549 0.559 0.361 0.614 1.452 0.01 1.88 0.01 1.253 0.021 0.004 0.005
1652.8 1.0 1.0 1.0 1.549 0.559 0.361 0.614 1.452 0.01 1.88 0.01 1.253 0.021 0.004 0.005
1652.9 1.0 1.0 1.0 1.549 0.559 0.361 0.614 1.452 0.01 1.88 0.01 1.253 0.021 0.004 0.005
1653.0 1.0 1.0 1.0 1.549 0.559 0.361 0.614 1.452 0.01 1.88 0.01 1.253 0.021 0.004 0.005
1653.1 1.0 1.0 1.0 1.549 0.559 0.361 0.614 1.452 0.01 1.88 0.01 1.253 0.021 0.004 0.005
1653.2 1.0 1.0 1.0 1.549 0.559 0.361 0.614 1.452 0.01 1.88 0.01 1.253 0.021 0.004 0.005
1653.3 1.0 1.0 1.0 1.549 0.559 0.361 0.614 1.452 0.01 1.88 0.01 1.253 0.021 0.004 0.005
1653.4 1.0 1.0 1.0 1.549 0.559 0.361 0.614 1.452 0.01 1.88 0.01 1.253 0.021 0.004 0.005
1653.5 1.0 1.0 1.0 1.549 0.559 0.361 0.614 1.452 0.01 1.88 0.01 1.253 0.021 0.004 0.005
1653.6 1.0 1.0 1.0 1.549 0.559 0.361 0.614 1.452 0.01 1.88 0.01 1.253 0.021 0.004 0.005
1653.7 1.0 1.0 1.0 1.549 0.559 0.361 0.614 1.452 0.01 1.88 0.01 1.253 0.021 0.004 0.005
1653.8 1.0 1.0 1.0 1.549 0.559 0.361 0.614 1.452 0.01 1.88 0.01 1.253 0.021 0.004 0.005
1653.9 1.0 1.0 1.0 1.549 0.559 0.361 0.614 1.452 0.01 1.88 0.01 1.253 0.021 0.004 0.005
1654.0 1.0 1.0 1.0 1.549 0.559 0.361 0.614 1.452 0.01 1.88 0.01 1.253 0.021 0.004 0.005
1654.1 1.0 1.0 1.0 1.549 0.559 0.361 0.614 1.452 0.01 1.88 0.01 1.253 0.021 0.004 0.005
1654.2 1.0 1.0 1.0 1.549 0.559 0.361 0.614 1.452 0.01 1.88 0.01 1.253 0.021 0.004 0.005
1654.3 1.0 1.0 1.0 1.549 0.559 0.361 0.614 1.452 0.01 1.88 0.01 1.253 0.021 0.004 0.005
1654.4 1.0 1.0 1.0 1.549 0.559 0.361 0.614 1.452 0.01 1.88 0.01 1.253 0.021 0.004 0.005
1654.5 1.0 1.0 1.0 1.549 0.559 0.361 0.614 1.452 0.01 1.88 0.01 1.253 0.021 0.004 0.005
1654.6 1.0 1.0 1.0 1.549 0.559 0.361 0.614 1.452 0.01 1.88 0.01 1.253 0.021 0.004 0.005
1654.7 1.0 1.0 1.0 1.549 0.559 0.361 0.614 1.452 0.01 1.88 0.01 1.253 0.021 0.004 0.005
1654.8 1.0 1.0 1.0 1.549 0.559 0.361 0.614 1.452 0.01 1.88 0.01 1.253 0.021 0.004 0.005
1654.9 1.0 1.0 1.0 1.549 0.559 0.361 0.614 1.452 0.01 1.88 0.01 1.253 0.021 0.004 0.005
1655.0 1.0 1.0 1.0 1.549 0.559 0.361 0.614 1.452 0.01 1.88 0.01 1.253 0.021 0.004 0.005
1655.1 1.0 1.0 1.0 1.549 0.559 0.361 0.614 1.452 0.01 1.88 0.01 1.253 0.021 0.004 0.005
1655.2 1.0 1.0 1.0 1.549 0.559 0.361 0.614 1.452 0.01 1.88 0.01 1.253 0.021 0.004 0.005
1655.3 1.0 1.0 1.0 1.549 0.559 0.361 0.614 1.452 0.01 1.88 0.01 1.253 0.021 0.004 0.005
1655.4 1.0 1.0 1.0 1.549 0.559 0.361 0.614 1.452 0.01 1.88 0.01 1.253 0.021 0.004 0.005
1655.5 1.0 1.0 1.0 1.549 0.559 0.361 0.614 1.452 0.01 1.88 0.01 1.253 0.021 0.004 0.005
1655.6 1.0 1.0 1.0 1.549 0.559 0.361 0.614 1.452 0.01 1.88 0.01 1.253 0.021 0.004 0.005
1655.7 1.0 1.0 1.0 1.549 0.559 0.361 0.614 1.452 0.01 1.88 0.01 1.253 0.021 0.004 0.005
1655.8 1.0 1.0 1.0 1.549 0.559 0.361 0.614 1.452 0.01 1.88 0.01 1.253 0.021 0.004 0.005
1655.9 1.0 1.0 1.0 1.549 0.559 0.361 0.614 1.452 0.01 1.88 0.01 1.253 0.021 0.004 0.005
1656.0 1.0 1.0 1.0 1.549 0.559 0.361 0.614 1.452 0.01 1.88 0.01 1.253 0.021 0.004 0.005
1656.1 1.0 1.0 1.0 1.549 0.559 0.361 0.614 1.452 0.01 1.88 0.01 1.253 0.021 0.004 0.005
1656.2 1.0 1.0 1.0 1.549 0.559 0.361 0.614 1.452 0.01 1.88 0.01 1.253 0.021 0.004 0.005
1656.3 1.0 1.0 1.0 1.549 0.559 0.361 0.614 1.452 0.01 1.88 0.01 1.253 0.021 0.004 0.005
1656.4 1.0 1.0 1.0 1.549 0.559 0.361 0.614 1.452 0.01 1.88 0.01 1.253 0.021 0.004 0.005
1656.5 1.0 1.0 1.0 1.549 0.559 0.361 0.614 1.452 0.01 1.88 0.01 1.253 0.021 0.004 0.005
1656.6 1.0 1.0 1.0 1.549 0.559 0.361 0.614 1.452 0.01 1.88 0.01 1.253 0.021 0.004 0.005
1656.7 1.0 1.0 1.0 1.549 0.559 0.361 0.614 1.452 0.01 1.88 0.01 1.253 0.021 0.004 0.005
1656.8 1.0 1.0 1.0 1.549 0.559 0.361 0.614 1.452 0.01 1.88 0.01 1.253 0.021 0.004 0.005
1656.9 1.0 1.0 1.0 1.549 0.559 0.361 0.614 1.452 0.01 1.88 0.01 1.253 0.021 0.004 0.005
1657.0 1.0 1.0 1.0 1.549 0.559 0.361 0.614 1.452 0.01 1.88 0.01 1.253 0.021 0.004 0.005
1657.1 1.0 1.0 1.0 1.549 0.559 0.361 0.614 1.452 0.01 1.88 0.01 1.253 0.021 0.004 0.005
1657.2 1.0 1.0 1.0 1.549 0.559 0.361 0.614 1.452 0.01 1.88 0.01 1.253 0.021 0.004 0.005
1657.3 1.0 1.0 1.0 1.549 0.559 0.361 0.614 1.452 0.01 1.88 0.01 1.253 0.021 0.004 0.005
1657.4 1.0 1.0 1.0 1.549 0.559 0.361 0.614 1.452 0.01 1.88 0.01 1.253 0.021 0.004 0.005
1657.5 1.0 1.0 1.0 1.549 0.559 0.361 0.614 1.452 0.01 1.88 0.01 1.253 0.021 0.004 0.005
1657.6 1.0 1.0 1.0 1.549 0.559 0.361 0.614 1.452 0.01 1.88 0.01 1.253 0.021 0.004 0.005
1657.7 1.0 1.0 1.0 1.549 0.559 0.361 0.614 1.452 0.01 1.88 0.01 1.253 0.021 0.004 0.005
1657.8 1.0 1.0 1.0 1.549 0.559 0.361 0.614 1.452 0.01 1.88 0.01 1.253 0.021 0.004 0.005
1657.9 1.0 1.0 1.0 1.549 0.559 0.361 0.614 1.452 0.01 1.88 0.01 1.253 0.021 0.004 0.005
1658.0 1.0 1.0 1.0 1.549 0.559 0.361 0.614 1.452 0.01 1.88 0.01 1.253 0.021 0.004 0.005
1658.1 1.0 1.0 1.0 1.549 0.559 0.361 0.614 1.452 0.01 1.88 0.01 1.253 0.021 0.004 0.005
1658.2 1.0 1.0 1.0 1.549 0.559 0.361 0.614 1.452 0.01 1.88 0.01 1.253 0.021 0.004 0.005
1658.3 1.0 1.0 1.0 1.549 0.559 0.361 0.614 1.452 0.01 1.88 0.01 1.253 0.021 0.004 0.005
1658.4 1.0 1.0 1.0 1.549 0.559 0.361 0.614 1.452 0.01 1.88 0.01 1.253 0.021 0.004 0.005
1658.5 1.0 1.0 1.0 1.549 0.559 0.361 0.614 1.452 0.01 1.88 0.01 1.253 0.021 0.004 0.005
1658.6 1.0 1.0 1.0 1.549 0.559 0.361 0.614 1.452 0.01 1.88 0.01 1.253 0.021 0.004 0.005
1658.7 1.0 1.0 1.0 1.549 0.559 0.361 0.614 1.452 0.01 1.88 0.01 1.253 0.021 0.004 0.005
1658.8 1.0 1.0 1.0 1.549 0.559 0.361 0.614 1.452 0.01 1.88 0.01 1.253 0.021 0.004 0.005
1658.9 1.0 1.0 1.0 1.549 0.559 0.361 0.614 1.452 0.01 1.88 0.01 1.253 0.021 0.004 0.005
1659.0 1.0 1.0 1.0 1.549 0.559 0.361 0.614 1.452 0.01 1.88 0.01 1.253 0.021 0.004 0.005
1659.1 1.0 1.0 1.0 1.549 0.559 0.361 0.614 1.452 0.01 1.88 0.01 1.253 0.021 0.004 0.005
1659.2 1.0 1.0 1.0 1.549 0.559 0.361 0.614 1.452 0.01 1.88 0.01 1.253 0.021 0.004 0.005
1659.3 1.0 1.0 1.0 1.549 0.559 0.361 0.614 1.452 0.01 1.88 0.01 1.253 0.021 0.004 0.005
1659.4 1.0 1.0 1.0 1.549 0.559 0.361 0.614 1.452 0.01 1.88 0.01 1.253 0.021 0.004 0.005
1659.5 1.0 1.0 1.0 1.549 0.559 0.361 0.614 1.452 0.01 1.88 0.01 1.253 0.021 0.004 0.005
1659.6 1.0 1.0 1.0 1.549 0.559 0.361 0.614 1.452 0.01 1.88 0.01 1.253 0.021 0.004 0.005
1659.7 1.0 1.0 1.0 1.549 0.559 0.361 0.614 1.452 0.01 1.88 0.01 1.253 0.021 0.004 0.005
1659.8 1.0 1.0 1.0 1.549 0.559 0.361 0.614 1.452 0.01 1.88 0.01 1.253 0.021 0.004 0.005
1659.9 1.0 1.0 1.0 1.549 0.559 0.361 0.614 1.452 0.01 1.88 0.01 1.253 0.021 0.004 0.005
1660.0 1.0 1.0 1.0 1.549 0.559 0.361 0.614 1.452 0.01 1.88 0.01 1.253 0.021 0.004 0.005
1660.1 1.0 1.0 1.0 1.549 0.559 0.361 0.614 1.452 0.01 1.88 0.01 1.253 0.021 0.004 0.005
1660.2 1.0 1.0 1.0 1.549 0.559 0.361 0.614 1.452 0.01 1.88 0.01 1.253 0.021 0.004 0.005
1660.3 1.0 1.0 1.0 1.549 0.559 0.361 0.614 1.452 0.01 1.88 0.01 1.253 0.021 0.004 0.005
1660.4 1.0 1.0 1.0 1.549 0.559 0.361 0.614 1.452 0.01 1.88 0.01 1.253 0.021 0.004 0.005
1660.5 1.0 1.0 1.0 1.549 0.559 0.361 0.614 1.452 0.01 1.88 0.01 1.253 0.021 0.004 0.005
1660.6 1.0 1.0 1.0 1.549 0.559 0.361 0.614 1.452 0.01 1.88 0.01 1.253 0.021 0.004 0.005
1660.7 1.0 1.0 1.0 1.549 0.559 0.361 0.614 1.452 0.01 1.88 0.01 1.253 0.021 0.004 0.005
1660.8 1.0 1.0 1.0 1.549 0.559 0.361 0.614 1.452 0.01 1.88 0.01 1.253 0.021 0.004 0.005
1660.9 1.0 1.0 1.0 1.549 0.559 0.361 0.614 1.452 0.01 1.88 0.01 1.253 0.021 0.004 0.005
1661.0 1.0 1.0 1.0 1.549 0.559 0.361 0.614 1.452 0.01 1.88 0.01 1.253 0.021 0.004 0.005
1661.1 1.0 1.0 1.0 1.549 0.559 0.361 0.614 1.452 0.01 1.88 0.01 1.253 0.021 0.004 0.005
1661.2 1.0 1.0 1.0 1.549 0.559 0.361 0.614 1.452 0.01 1.88 0.01 1.253 0.021 0.004 0.005
1661.3 1.0 1.0 1.0 1.549 0.559 0.361 0.614 1.452 0.01 1.88 0.01 1.253 0.021 0.004 0.005
1661.4 1.0 1.0 1.0 1.549 0.559 0.361 0.614 1.452 0.01 1.88 0.01 1.253 0.021 0.004 0.005
1661.5 1.0 1.0 1.0 1.549 0.559 0.361 0.614 1.452 0.01 1.88 0.01 1.253 0.021 0.004 0.005
1661.6 1.0 1.0 1.0 1.549 0.559 0.361 0.614 1.452 0.01 1.88 0.01 1.253 0.021 0.004 0.005
1661.7 1.0 1.0 1.0 1.549 0.559 0.361 0.614 1.452 0.01 1.88 0.01 1.253 0.021 0.004 0.005
1661.8 1.0 1.0 1.0 1.549 0.559 0.361 0.614 1.452 0.01 1.88 0.01 1.253 0.021 0.004 0.005
1661.9 1.0 1.0 1.0 1.549 0.559 0.361 0.614 1.452 0.01 1.88 0.01 1.253 0.021 0.004 0.005
1662.0 1.0 1.0 1.0 1.549 0.559 0.361 0.614 1.452 0.01 1.88 0.01 1.253 0.021 0.004 0.005
1662.1 1.0 1.0 1.0 1.549 0.559 0.361 0.614 1.452 0.01 1.88 0.01 1.253 0.021 0.004 0.005
1662.2 1.0 1.0 1.0 1.549 0.559 0.361 0.614 1.452 0.01 1.88 0.01 1.253 0.021 0.004 0.005
1662.3 1.0 1.0 1.0 1.549 0.559 0.361 0.614 1.452 0.01 1.88 0.01 1.253 0.021 0.004 0.005
1662.4 1.0 1.0 1.0 1.549 0.559 0.361 0.614 1.452 0.01 1.88 0.01 1.253 0.021 0.004 0.005
1662.5 1.0 1.0 1.0 1.549 0.559 0.361 0.614 1.452 0.01 1.88 0.01 1.253 0.021 0.004 0.005
1662.6 1.0 1.0 1.0 1.549 0.559 0.361 0.614 1.452 0.01 1.88 0.01 1.253 0.021 0.004 0.005
1662.7 1.0 1.0 1.0 1.549 0.559 0.361 0.614 1.452 0.01 1.88 0.01 1.253 0.021 0.004 0.005
1662.8 1.0 1.0 1.0 1.549 0.559 0.361 0.614 1.452 0.01 1.88 0.01 1.253 0.021 0.004 0.005
1662.9 1.0 1.0 1.0 1.549 0.559 0.361 0.614 1.452 0.01 1.88 0.01 1.253 0.021 0.004 0.005
1663.0 1.0 1.0 1.0 1.549 0.559 0.361 0.614 1.452 0.01 1.88 0.01 1.253 0.021 0.004 0.005
1663.1 1.0 1.0 1.0 1.549 0.559 0.361 0.614 1.452 0.01 1.88 0.01 1.253 0.021 0.004 0.005
1663.2 1.0 1.0 1.0 1.549 0.559 0.361 0.614 1.452 0.01 1.88 0.01 1.253 0.021 0.004 0.005
1663.3 1.0 1.0 1.0 1.549 0.559 0.361 0.614 1.452 0.01 1.88 0.01 1.253 0.021 0.004 0.005
1663.4 1.0 1.0 1.0 1.549 0.559 0.361 0.614 1.452 0.01 1.88 0.01 1.253 0.021 0.004 0.005
1663.5 1.0 1.0 1.0 1.549 0.559 0.361 0.614 1.452 0.01 1.88 0.01 1.253 0.021 0.004 0.005
1663.6 1.0 1.0 1.0 1.549 0.559 0.361 0.614 1.452 0.01 1.88 0.01 1.253 0.021 0.004 0.005
1663.7 1.0 1.0 1.0 1.549 0.559 0.361 0.614 1.452 0.01 1.88 0.01 1.253 0.021 0.004 0.005
1663.8 1.0 1.0 1.0 1.549 0.559 0.361 0.614 1.452 0.01 1.88 0.01 1.253 0.021 0.004 0.005
1663.9 1.0 1.0 1.0 1.549 0.559 0.361 0.614 1.452 0.01 1.88 0.01 1.253 0.021 0.004 0.005
1664.0 1.0 1.0 1.0 1.549 0.559 0.361 0.614 1.452 0.01 1.88 0.01 1.253 0.021 0.004 0.005
1664.1 1.0 1.0 1.0 1.549 0.559 0.361 0.614 1.452 0.01 1.88 0.01 1.253 0.021 0.004 0.005
1664.2 1.0 1.0 1.0 1.549 0.559 0.361 0.614 1.452 0.01 1.88 0.01 1.253 0.021 0.004 0.005
1664.3 1.0 1.0 1.0 1.549 0.559 0.361 0.614 1.452 0.01 1.88 0.01 1.253 0.021 0.004 0.005
1664.4 1.0 1.0 1.0 1.549 0.559 0.361 0.614 1.452 0.01 1.88 0.01 1.253 0.021 0.004 0.005
1664.5 1.0 1.0 1.0 1.549 0.559 0.361 0.614 1.452 0.01 1.88 0.01 1.253 0.021 0.004 0.005
1664.6 1.0 1.0 1.0 1.549 0.559 0.361 0.614 1.452 0.01 1.88 0.01 1.253 0.021 0.004 0.005
1664.7 1.0 1.0 1.0 1.549 0.559 0.361 0.614 1.452 0.01 1.88 0.01 1.253 0.021 0.004 0.005
1664.8 1.0 1.0 1.0 1.549 0.559 0.361 0.614 1.452 0.01 1.88 0.01 1.253 0.021 0.004 0.005
1664.9 1.0 1.0 1.0 1.549 0.559 0.361 0.614 1.452 0.01 1.88 0.01 1.253 0.021 0.004 0.005
1665.0 1.0 1.0 1.0 1.549 0.559 0.361 0.614 1.452 0.01 1.88 0.01 1.253 0.021 0.004 0.005
1665.1 1.0 1.0 1.0 1.549 0.559 0.361 0.614 1.452 0.01 1.88 0.01 1.253 0.021 0.004 0.005
1665.2 1.0 1.0 1.0 1.549 0.559 0.361 0.614 1.452 0.01 1.88 0.01 1.253 0.021 0.004 0.005
1665.3 1.0 1.0 1.0 1.549 0.559 0.361 0.614 1.452 0.01 1.88 0.01 1.253 0.021 0.004 0.005
1665.4 1.0 1.0 1.0 1.549 0.559 0.361 0.614 1.452 0.01 1.88 0.01 1.253 0.021 0.004 0.005
1665.5 1.0 1.0 1.0 1.549 0.559 0.361 0.614 1.452 0.01 1.88 0.01 1.253 0.021 0.004 0.005
1665.6 1.0 1.0 1.0 1.549 0.559 0.361 0.614 1.452 0.01 1.88 0.01 1.253 0.021 0.004 0.005
1665.7 1.0 1.0 1.0 1.549 0.559 0.361 0.614 1.452 0.01 1.88 0.01 1.253 0.021 0.004 0.005
1665.8 1.0 1.0 1.0 1.549 0.559 0.361 0.614 1.452 0.01 1.88 0.01 1.253 0.021 0.004 0.005
1665.9 1.0 1.0 1.0 1.549 0.559 0.361 0.614 1.452 0.01 1.88 0.01 1.253 0.021 0.004 0.005
1666.0 1.0 1.0 1.0 1.549 0.559 0.361 0.614 1.452 0.01 1.88 0.01 1.253 0.021 0.004 0.005
1666.1 1.0 1.0 1.0 1.549 0.559 0.361 0.614 1.452 0.01 1.88 0.01 1.253 0.021 0.004 0.005
1666.2 1.0 1.0 1.0 1.549 0.559 0.361 0.614 1.452 0.01 1.88 0.01 1.253 0.021 0.004 0.005
1666.3 1.0 1.0 1.0 1.549 0.559 0.361 0.614 1.452 0.01 1.88 0.01 1.253 0.021 0.004 0.005
1666.4 1.0 1.0 1.0 1.549 0.559 0.361 0.614 1.452 0.01 1.88 0.01 1.253 0.021 0.004 0.005
1666.5 1.0 1.0 1.0 1.549 0.559 0.361 0.614 1.452 0.01 1.88 0.01 1.253 0.021 0.004 0.005
1666.6 1.0 1.0 1.0 1.549 0.559 0.361 0.614 1.452 0.01 1.88 0.01 1.253 0.021 0.004 0.005
1666.7 1.0 1.0 1.0 1.549 0.559 0.361 0.614 1.452 0.01 1.88 0.01 1.253 0.021 0.004 0.005
1666.8 1.0 1.0 1.0 1.549 0.559 0.361 0.614 1.452 0.01 1.88 0.01 1.253 0.021 0.004 0.005
1666.9 1.0 1.0 1.0 1.549 0.559 0.361 0.614 1.452 0.01 1.88 0.01 1.253 0.021 0.004 0.005
1667.0 1.0 1.0 1.0 1.549 0.559 0.361 0.614 1.452 0.01 1.88 0.01 1.253 0.021 0.004 0.005
1667.1 1.0 1.0 1.0 1.549 0.559 0.361 0.614 1.452 0.01 1.88 0.01 1.253 0.021 0.004 0.005
1667.2 1.0 1.0 1.0 1.549 0.559 0.361 0.614 1.452 0.01 1.88 0.01 1.253 0.021 0.004 0.005
1667.3 1.0 1.0 1.0 1.549 0.559 0.361 0.614 1.452 0.01 1.88 0.01 1.253 0.021 0.004 0.005
1667.4 1.0 1.0 1.0 1.549 0.559 0.361 0.614 1.452 0.01 1.88 0.01 1.253 0.021 0.004 0.005
1667.5 1.0 1.0 1.0 1.549 0.559 0.361 0.614 1.452 0.01 1.88 0.01 1.253 0.021 0.004 0.005
1667.6 1.0 1.0 1.0 1.549 0.559 0.361 0.614 1.452 0.01 1.88 0.01 1.253 0.021 0.004 0.005
1667.7 1.0 1.0 1.0 1.549 0.559 0.361 0.614 1.452 0.01 1.88 0.01 1.253 0.021 0.004 0.005
1667.8 1.0 1.0 1.0 1.549 0.559 0.361 0.614 1.452 0.01 1.88 0.01 1.253 0.021 0.004 0.005
1667.9 1.0 1.0 1.0 1.549 0.559 0.361 0.614 1.452 0.01 1.88 0.01 1.253 0.021 0.004 0.005
1668.0 1.0 1.0 1.0 1.549 0.559 0.361 0.614 1.452 0.01 1.88 0.01 1.253 0.021 0.004 0.005
1668.1 1.0 1.0 1.0 1.549 0.559 0.361 0.614 1.452 0.01 1.88 0.01 1.253 0.021 0.004 0.005
1668.2 1.0 1.0 1.0 1.549 0.559 0.361 0.614 1.452 0.01 1.88 0.01 1.253 0.021 0.004 0.005
1668.3 1.0 1.0 1.0 1.549 0.559 0.361 0.614 1.452 0.01 1.88 0.01 1.253 0.021 0.004 0.005
1668.4 1.0 1.0 1.0 1.549 0.559 0.361 0.614 1.452 0.01 1.88 0.01 1.253 0.021 0.004 0.005
1668.5 1.0 1.0 1.0 1.549 0.559 0.361 0.614 1.452 0.01 1.88 0.01 1.253 0.021 0.004 0.005
1668.6 1.0 1.0 1.0 1.549 0.559 0.361 0.614 1.452 0.01 1.88 0.01 1.253 0.021 0.004 0.005
1668.7 1.0 1.0 1.0 1.549 0.559 0.361 0.614 1.452 0.01 1.88 0.01 1.253 0.021 0.004 0.005
1668.8 1.0 1.0 1.0 1.549 0.559 0.361 0.614 1.452 0.01 1.88 0.01 1.253 0.021 0.004 0.005
1668.9 1.0 1.0 1.0 1.549 0.559 0.361 0.614 1.452 0.01 1.88 0.01 1.253 0.021 0.004 0.005
1669.0 1.0 1.0 1.0 1.549 0.559 0.361 0.614 1.452 0.01 1.88 0.01 1.253 0.021 0.004 0.005
1669.1 1.0 1.0 1.0 1.549 0.559 0.361 0.614 1.452 0.01 1.88 0.01 1.253 0.021 0.004 0.005
1669.2 1.0 1.0 1.0 1.549 0.559 0.361 0.614 1.452 0.01 1.88 0.01 1.253 0.021 0.004 0.005
1669.3 1.0 1.0 1.0 1.549 0.559 0.361 0.614 1.452 0.01 1.88 0.01 1.253 0.021 0.004 0.005
1669.4 1.0 1.0 1.0 1.549 0.559 0.361 0.614 1.452 0.01 1.88 0.01 1.253 0.021 0.004 0.005
1669.5 1.0 1.0 1.0 1.549 0.559 0.361 0.614 1.452 0.01 1.88 0.01 1.253 0.021 0.004 0.005
1669.6 1.0 1.0 1.0 1.549 0.559 0.361 0.614 1.452 0.01 1.88 0.01 1.253 0.021 0.004 0.005
1669.7 1.0 1.0 1.0 1.549 0.559 0.361 0.614 1.452 0.01 1.88 0.01 1.253 0.021 0.004 0.005
1669.8 1.0 1.0 1.0 1.549 0.559 0.361 0.614 1.452 0.01 1.88 0.01 1.253 0.021 0.004 0.005
1669.9 1.0 1.0 1.0 1.549 0.559 0.361 0.614 1.452 0.01 1.88 0.01 1.253 0.021 0.004 0.005
1670.0 1.0 1.0 1.0 1.549 0.559 0.361 0.614 1.452 0.01 1.88 0.01 1.253 0.021 0.004 0.005
1670.1 1.0 1.0 1.0 1.549 0.559 0.361 0.614 1.452 0.01 1.88 0.01 1.253 0.021 0.004 0.005
1670.2 1.0 1.0 1.0 1.549 0.559 0.361 0.614 1.452 0.01 1.88 0.01 1.253 0.021 0.004 0.005
1670.3 1.0 1.0 1.0 1.549 0.559 0.361 0.614 1.452 0.01 1.88 0.01 1.253 0.021 0.004 0.005
1670.4 1.0 1.0 1.0 1.549 0.559 0.361 0.614 1.452 0.01 1.88 0.01 1.253 0.021 0.004 0.005
1670.5 1.0 1.0 1.0 1.549 0.559 0.361 0.614 1.452 0.01 1.88 0.01 1.253 0.021 0.004 0.005
1670.6 1.0 1.0 1.0 1.549 0.559 0.361 0.614 1.452 0.01 1.88 0.01 1.253 0.021 0.004 0.005
1670.7 1.0 1.0 1.0 1.549 0.559 0.361 0.614 1.452 0.01 1.88 0.01 1.253 0.021 0.004 0.005
1670.8 1.0 1.0 1.0 1.549 0.559 0.361 0.614 1.452 0.01 1.88 0.01 1.253 0.021 0.004 0.005
1670.9 1.0 1.0 1.0 1.549 0.559 0.361 0.614 1.452 0.01 1.88 0.01 1.253 0.021 0.004 0.005
1671.0 1.0 1.0 1.0 1.549 0.559 0.361 0.614 1.452 0.01 1.88 0.01 1.253 0.021 0.004 0.005
1671.1 1.0 1.0 1.0 1.549 0.559 0.361 0.614 1.452 0.01 1.88 0.01 1.253 0.021 0.004 0.005
1671.2 1.0 1.0 1.0 1.549 0.559 0.361 0.614 1.452 0.01 1.88 0.01 1.253 0.021 0.004 0.005
1671.3 1.0 1.0 1.0 1.549 0.559 0.361 0.614 1.452 0.01 1.88 0.01 1.253 0.021 0.004 0.005
1671.4 1.0 1.0 1.0 1.549 0.559 0.361 0.614 1.452 0.01 1.88 0.01 1.253 0.021 0.004 0.005
1671.5 1.0 1.0 1.0 1.549 0.559 0.361 0.614 1.452 0.01 1.88 0.01 1.253 0.021 0.004 0.005
1671.6 1.0 1.0 1.0 1.549 0.559 0.361 0.614 1.452 0.01 1.88 0.01 1.253 0.021 0.004 0.005
1671.7 1.0 1.0 1.0 1.549 0.559 0.361 0.614 1.452 0.01 1.88 0.01 1.253 0.021 0.004 0.005
1671.8 1.0 1.0 1.0 1.549 0.559 0.361 0.614 1.452 0.01 1.88 0.01 1.253 0.021 0.004 0.005
1671.9 1.0 1.0 1.0 1.549 0.559 0.361 0.614 1.452 0.01 1.88 0.01 1.253 0.021 0.004 0.005
1672.0 1.0 1.0 1.0 1.549 0.559 0.361 0.614 1.452 0.01 1.88 0.01 1.253 0.021 0.004 0.005
1672.1 1.0 1.0 1.0 1.549 0.559 0.361 0.614 1.452 0.01 1.88 0.01 1.253 0.021 0.004 0.005
1672.2 1.0 1.0 1.0 1.549 0.559 0.361 0.614 1.452 0.01 1.88 0.01 1.253 0.021 0.004 0.005
1672.3 1.0 1.0 1.0 1.549 0.559 0.361 0.614 1.452 0.01 1.88 0.01 1.253 0.021 0.004 0.005
1672.4 1.0 1.0 1.0 1.549 0.559 0.361 0.614 1.452 0.01 1.88 0.01 1.253 0.021 0.004 0.005
1672.5 1.0 1.0 1.0 1.549 0.559 0.361 0.614 1.452 0.01 1.88 0.01 1.253 0.021 0.004 0.005
1672.6 1.0 1.0 1.0 1.549 0.559 0.361 0.614 1.452 0.01 1.88 0.01 1.253 0.021 0.004 0.005
1672.7 1.0 1.0 1.0 1.549 0.559 0.361 0.614 1.452 0.01 1.88 0.01 1.253 0.021 0.004 0.005
1672.8 1.0 1.0 1.0 1.549 0.559 0.361 0.614 1.452 0.01 1.88 0.01 1.253 0.021 0.004 0.005
1672.9 1.0 1.0 1.0 1.549 0.559 0.361 0.614 1.452 0.01 1.88 0.01 1.253 0.021 0.004 0.005
1673.0 1.0 1.0 1.0 1.549 0.559 0.361 0.614 1.452 0.01 1.88 0.01 1.253 0.021 0.004 0.005
1673.1 1.0 1.0 1.0 1.549 0.559 0.361 0.614 1.452 0.01 1.88 0.01 1.253 0.021 0.004 0.005
1673.2 1.0 1.0 1.0 1.549 0.559 0.361 0.614 1.452 0.01 1.88 0.01 1.253 0.021 0.004 0.005
1673.3 1.0 1.0 1.0 1.549 0.559 0.361 0.614 1.452 0.01 1.88 0.01 1.253 0.021 0.004 0.005
1673.4 1.0 1.0 1.0 1.549 0.559 0.361 0.614 1.452 0.01 1.88 0.01 1.253 0.021 0.004 0.005
1673.5 1.0 1.0 1.0 1.549 0.559 0.361 0.614 1.452 0.01 1.88 0.01 1.253 0.021 0.004 0.005
1673.6 1.0 1.0 1.0 1.549 0.559 0.361 0.614 1.452 0.01 1.88 0.01 1.253 0.021 0.004 0.005
1673.7 1.0 1.0 1.0 1.549 0.559 0.361 0.614 1.452 0.01 1.88 0.01 1.253 0.021 0.004 0.005
1673.8 1.0 1.0 1.0 1.549 0.559 0.361 0.614 1.452 0.01 1.88 0.01 1.253 0.021 0.004 0.005
1673.9 1.0 1.0 1.0 1.549 0.559 0.361 0.614 1.452 0.01 1.88 0.01 1.253 0.021 0.004 0.005
1674.0 1.0 1.0 1.0 1.549 0.559 0.361 0.614 1.452 0.01 1.88 0.01 1.253 0.021 0.004 0.005
1674.1 1.0 1.0 1.0 1.549 0.559 0.361 0.614 1.452 0.01 1.88 0.01 1.253 0.021 0.004 0.005
1674.2 1.0 1.0 1.0 1.549 0.559 0.361 0.614 1.452 0.01 1.88 0.01 1.253 0.021 0.004 0.005
1674.3 1.0 1.0 1.0 1.549 0.559 0.361 0.614 1.452 0.01 1.88 0.01 1.253 0.021 0.004 0.005
1674.4 1.0 1.0 1.0 1.549 0.559 0.361 0.614 1.452 0.01 1.88 0.01 1.253 0.021 0.004 0.005
1674.5 1.0 1.0 1.0 1.549 0.559 0.361 0.614 1.452 0.01 1.88 0.01 1.253 0.021 0.004 0.005
1674.6 1.0 1.0 1.0 1.549 0.559 0.361 0.614 1.452 0.01 1.88 0.01 1.253 0.021 0.004 0.005
1674.7 1.0 1.0 1.0 1.549 0.559 0.361 0.614 1.452 0.01 1.88 0.01 1.253 0.021 0.004 0.005
1674.8 1.0 1.0 1.0 1.549 0.559 0.361 0.614 1.452 0.01 1.88 0.01 1.253 0.021 0.004 0.005
1674.9 1.0 1.0 1.0 1.549 0.559 0.361 0.614 1.452 0.01 1.88 0.01 1.253 0.021 0.004 0.005
1675.0 1.0 1.0 1.0 1.549 0.559 0.361 0.614 1.452 0.01 1.88 0.01 1.253 0.021 0.004 0.005
1675.1 1.0 1.0 1.0 1.549 0.559 0.361 0.614 1.452 0.01 1.88 0.01 1.253 0.021 0.004 0.005
1675.2 1.0 1.0 1.0 1.549 0.559 0.361 0.614 1.452 0.01 1.88 0.01 1.253 0.021 0.004 0.005
1675.3 1.0 1.0 1.0 1.549 0.559 0.361 0.614 1.452 0.01 1.88 0.01 1.253 0.021 0.004 0.005
1675.4 1.0 1.0 1.0 1.549 0.559 0.361 0.614 1.452 0.01 1.88 0.01 1.253 0.021 0.004 0.005
1675.5 1.0 1.0 1.0 1.549 0.559 0.361 0.614 1.452 0.01 1.88 0.01 1.253 0.021 0.004 0.005
1675.6 1.0 1.0 1.0 1.549 0.559 0.361 0.614 1.452 0.01 1.88 0.01 1.253 0.021 0.004 0.005
1675.7 1.0 1.0 1.0 1.549 0.559 0.361 0.614 1.452 0.01 1.88 0.01 1.253 0.021 0.004 0.005
1675.8 1.0 1.0 1.0 1.549 0.559 0.361 0.614 1.452 0.01 1.88 0.01 1.253 0.021 0.004 0.005
1675.9 1.0 1.0 1.0 1.549 0.559 0.361 0.614 1.452 0.01 1.88 0.01 1.253 0.021 0.004 0.005
1676.0 1.0 1.0 1.0 1.549 0.559 0.361 0.614 1.452 0.01 1.88 0.01 1.253 0.021 0.004 0.005
1676.1 1.0 1.0 1.0 1.549 0.559 0.361 0.614 1.452 0.01 1.88 0.01 1.253 0.021 0.004 0.005
1676.2 1.0 1.0 1.0 1.549 0.559 0.361 0.614 1.452 0.01 1.88 0.01 1.253 0.021 0.004 0.005
1676.3 1.0 1.0 1.0 1.549 0.559 0.361 0.614 1.452 0.01 1.88 0.01 1.253 0.021 0.004 0.005
1676.4 1.0 1.0 1.0 1.549 0.559 0.361 0.614 1.452 0.01 1.88 0.01 1.253 0.021 0.004 0.005
1676.5 1.0 1.0 1.0 1.549 0.559 0.361 0.614 1.452 0.01 1.88 0.01 1.253 0.021 0.004 0.005
1676.6 1.0 1.0 1.0 1.549 0.559 0.361 0.614 1.452 0.01 1.88 0.01 1.253 0.021 0.004 0.005
1676.7 1.0 1.0 1.0 1.549 0.559 0.361 0.614 1.452 0.01 1.88 0.01 1.253 0.021 0.004 0.005
1676.8 1.0 1.0 1.0 1.549 0.559 0.361 0.614 1.452 0.01 1.88 0.01 1.253 0.021 0.004 0.005
1676.9 1.0 1.0 1.0 1.549 0.559 0.361 0.614 1.452 0.01 1.88 0.01 1.253 0.021 0.004 0.005
1677.0 1.0 1.0 1.0 1.549 0.559 0.361 0.614 1.452 0.01 1.88 0.01 1.253 0.021 0.004 0.005
1677.1 1.0 1.0 1.0 1.549 0.559 0.361 0.614 1.452 0.01 1.88 0.01 1.253 0.021 0.004 0.005
1677.2 1.0 1.0 1.0 1.549 0.559 0.361 0.614 1.452 0.01 1.88 0.01 1.253 0.021 0.004 0.005
1677.3 1.0 1.0 1.0 1.549 0.559 0.361 0.614 1.452 0.01 1.88 0.01 1.253 0.021 0.004 0.005
1677.4 1.0 1.0 1.0 1.549 0.559 0.361 0.614 1.452 0.01 1.88 0.01 1.253 0.021 0.004 0.005
1677.5 1.0 1.0 1.0 1.549 0.559 0.361 0.614 1.452 0.01 1.88 0.01 1.253 0.021 0.004 0.005
1677.6 1.0 1.0 1.0 1.549 0.559 0.361 0.614 1.452 0.01 1.88 0.01 1.253 0.021 0.004 0.005
1677.7 1.0 1.0 1.0 1.549 0.559 0.361 0.614 1.452 0.01 1.88 0.01 1.253 0.021 0.004 0.005
1677.8 1.0 1.0 1.0 1.549 0.559 0.361 0.614 1.452 0.01 1.88 0.01 1.253 0.021 0.004 0.005
1677.9 1.0 1.0 1.0 1.549 0.559 0.361 0.614 1.452 0.01 1.88 0.01 1.253 0.021 0.004 0.005
1678.0 1.0 1.0 1.0 1.549 0.559 0.361 0.614 1.452 0.01 1.88 0.01 1.253 0.021 0.004 0.005
1678.1 1.0 1.0 1.0 1.549 0.559 0.361 0.614 1.452 0.01 1.88 0.01 1.253 0.021 0.004 0.005
1678.2 1.0 1.0 1.0 1.549 0.559 0.361 0.614 1.452 0.01 1.88 0.01 1.253 0.021 0.004 0.005
1678.3 1.0 1.0 1.0 1.549 0.559 0.361 0.614 1.452 0.01 1.88 0.01 1.253 0.021 0.004 0.005
1678.4 1.0 1.0 1.0 1.549 0.559 0.361 0.614 1.452 0.01 1.88 0.01 1.253 0.021 0.004 0.005
1678.5 1.0 1.0 1.0 1.549 0.559 0.361 0.614 1.452 0.01 1.88 0.01 1.253 0.021 0.004 0.005
1678.6 1.0 1.0 1.0 1.549 0.559 0.361 0.614 1.452 0.01 1.88 0.01 1.253 0.021 0.004 0.005
1678.7 1.0 1.0 1.0 1.549 0.559 0.361 0.614 1.452 0.01 1.88 0.01 1.253 0.021 0.004 0.005
1678.8 1.0 1.0 1.0 1.549 0.559 0.361 0.614 1.452 0.01 1.88 0.01 1.253 0.021 0.004 0.005
1678.9 1.0 1.0 1.0 1.549 0.559 0.361 0.614 1.452 0.01 1.88 0.01 1.253 0.021 0.004 0.005
1679.0 1.0 1.0 1.0 1.549 0.559 0.361 0.614 1.452 0.01 1.88 0.01 1.253 0.021 0.004 0.005
1679.1 1.0 1.0 1.0 1.549 0.559 0.361 0.614 1.452 0.01 1.88 0.01 1.253 0.021 0.004 0.005
1679.2 1.0 1.0 1.0 1.549 0.559 0.361 0.614 1.452 0.01 1.88 0.01 1.253 0.021 0.004 0.005
1679.3 1.0 1.0 1.0 1.549 0.559 0.361 0.614 1.452 0.01 1.88 0.01 1.253 0.021 0.004 0.005
1679.4 1.0 1.0 1.0 1.549 0.559 0.361 0.614 1.452 0.01 1.88 0.01 1.253 0.021 0.004 0.005
1679.5 1.0 1.0 1.0 1.549 0.559 0.361 0.614 1.452 0.01 1.88 0.01 1.253 0.021 0.004 0.005
1679.6 1.0 1.0 1.0 1.549 0.559 0.361 0.614 1.452 0.01 1.88 0.01 1.253 0.021 0.004 0.005
1679.7 1.0 1.0 1.0 1.549 0.559 0.361 0.614 1.452 0.01 1.88 0.01 1.253 0.021 0.004 0.005
1679.8 1.0 1.0 1.0 1.549 0.559 0.361 0.614 1.452 0.01 1.88 0.01 1.253 0.021 0.004 0.005
1679.9 1.0 1.0 1.0 1.549 0.559 0.361 0.614 1.452 0.01 1.88 0.01 1.253 0.021 0.004 0.005
1680.0 1.0 1.0 1.0 1.549 0.559 0.361 0.614 1.452 0.01 1.88 0.01 1.253 0.021 0.004 0.005
1680.1 1.0 1.0 1.0 1.549 0.559 0.361 0.614 1.452 0.01 1.88 0.01 1.253 0.021 0.004 0.005
1680.2 1.0 1.0 1.0 1.549 0.559 0.361 0.614 1.452 0.01 1.88 0.01 1.253 0.021 0.004 0.005
1680.3 1.0 1.0 1.0 1.549 0.559 0.361 0.614 1.452 0.01 1.88 0.01 1.253 0.021 0.004 0.005
1680.4 1.0 1.0 1.0 1.549 0.559 0.361 0.614 1.452 0.01 1.88 0.01 1.253 0.021 0.004 0.005
1680.5 1.0 1.0 1.0 1.549 0.559 0.361 0.614 1.452 0.01 1.88 0.01 1.253 0.021 0.004 0.005
1680.6 1.0 1.0 1.0 1.549 0.559 0.361 0.614 1.452 0.01 1.88 0.01 1.253 0.021 0.004 0.005
1680.7 1.0 1.0 1.0 1.549 0.559 0.361 0.614 1.452 0.01 1.88 0.01 1.253 0.021 0.004 0.005
1680.8 1.0 1.0 1.0 1.549 0.559 0.361 0.614 1.452 0.01 1.88 0.01 1.253 0.021 0.004 0.005
1680.9 1.0 1.0 1.0 1.549 0.559 0.361 0.614 1.452 0.01 1.88 0.01 1.253 0.021 0.004 0.005
1681.0 1.0 1.0 1.0 1.549 0.559 0.361 0.614 1.452 0.01 1.88 0.01 1.253 0.021 0.004 0.005
1681.1 1.0 1.0 1.0 1.549 0.559 0.361 0.614 1.452 0.01 1.88 0.01 1.253 0.021 0.004 0.005
1681.2 1.0 1.0 1.0 1.549 0.559 0.361 0.614 1.452 0.01 1.88 0.01 1.253 0.021 0.004 0.005
1681.3 1.0 1.0 1.0 1.549 0.559 0.361 0.614 1.452 0.01 1.88 0.01 1.253 0.021 0.004 0.005
1681.4 1.0 1.0 1.0 1.549 0.559 0.361 0.614 1.452 0.01 1.88 0.01 1.253 0.021 0.004 0.005
1681.5 1.0 1.0 1.0 1.549 0.559 0.361 0.614 1.452 0.01 1.88 0.01 1.253 0.021 0.004 0.005
1681.6 1.0 1.0 1.0 1.549 0.559 0.361 0.614 1.452 0.01 1.88 0.01 1.253 0.021 0.004 0.005
1681.7 1.0 1.0 1.0 1.549 0.559 0.361 0.614 1.452 0.01 1.88 0.01 1.253 0.021 0.004 0.005
1681.8 1.0 1.0 1.0 1.549 0.559 0.361 0.614 1.452 0.01 1.88 0.01 1.253 0.021 0.004 0.005
1681.9 1.0 1.0 1.0 1.549 0.559 0.361 0.614 1.452 0.01 1.88 0.01 1.253 0.021 0.004 0.005
1682.0 1.0 1.0 1.0 1.549 0.559 0.361 0.614 1.452 0.01 1.88 0.01 1.253 0.021 0.004 0.005
1682.1 1.0 1.0 1.0 1.549 0.559 0.361 0.614 1.452 0.01 1.88 0.01 1.253 0.021 0.004 0.005
1682.2 1.0 1.0 1.0 1.549 0.559 0.361 0.614 1.452 0.01 1.88 0.01 1.253 0.021 0.004 0.005
1682.3 1.0 1.0 1.0 1.549 0.559 0.361 0.614 1.452 0.01 1.88 0.01 1.253 0.021 0.004 0.005
1682.4 1.0 1.0 1.0 1.549 0.559 0.361 0.614 1.452 0.01 1.88 0.01 1.253 0.021 0.004 0.005
1682.5 1.0 1.0 1.0 1.549 0.559 0.361 0.614 1.452 0.01 1.88 0.01 1.253 0.021 0.004 0.005
1682.6 1.0 1.0 1.0 1.549 0.559 0.361 0.614 1.452 0.01 1.88 0.01 1.253 0.021 0.004 0.005
1682.7 1.0 1.0 1.0 1.549 0.559 0.361 0.614 1.452 0.01 1.88 0.01 1.253 0.021 0.004 0.005
1682.8 1.0 1.0 1.0 1.549 0.559 0.361 0.614 1.452 0.01 1.88 0.01 1.253 0.021 0.004 0.005
1682.9 1.0 1.0 1.0 1.549 0.559 0.361 0.614 1.452 0.01 1.88 0.01 1.253 0.021 0.004 0.005
1683.0 1.0 1.0 1.0 1.549 0.559 0.361 0.614 1.452 0.01 1.88 0.01 1.253 0.021 0.004 0.005
1683.1 1.0 1.0 1.0 1.549 0.559 0.361 0.614 1.452 0.01 1.88 0.01 1.253 0.021 0.004 0.005
1683.2 1.0 1.0 1.0 1.549 0.559 0.361 0.614 1.452 0.01 1.88 0.01 1.253 0.021 0.004 0.005
1683.3 1.0 1.0 1.0 1.549 0.559 0.361 0.614 1.452 0.01 1.88 0.01 1.253 0.021 0.004 0.005
1683.4 1.0 1.0 1.0 1.549 0.559 0.361 0.614 1.452 0.01 1.88 0.01 1.253 0.021 0.004 0.005
1683.5 1.0 1.0 1.0 1.549 0.559 0.361 0.614 1.452 0.01 1.88 0.01 1.253 0.021 0.004 0.005
1683.6 1.0 1.0 1.0 1.549 0.559 0.361 0.614 1.452 0.01 1.88 0.01 1.253 0.021 0.004 0.005
1683.7 1.0 1.0 1.0 1.549 0.559 0.361 0.614 1.452 0.01 1.88 0.01 1.253 0.021 0.004 0.005
1683.8 1.0 1.0 1.0 1.549 0.559 0.361 0.614 1.452 0.01 1.88 0.01 1.253 0.021 0.004 0.005
1683.9 1.0 1.0 1.0 1.549 0.559 0.361 0.614 1.452 0.01 1.88 0.01 1.253 0.021 0.004 0.005
1684.0 1.0 1.0 1.0 1.549 0.559 0.361 0.614 1.452 0.01 1.88 0.01 1.253 0.021 0.004 0.005
1684.1 1.0 1.0 1.0 1.549 0.559 0.361 0.614 1.452 0.01 1.88 0.01 1.253 0.021 0.004 0.005
1684.2 1.0 1.0 1.0 1.549 0.559 0.361 0.614 1.452 0.01 1.88 0.01 1.253 0.021 0.004 0.005
1684.3 1.0 1.0 1.0 1.549 0.559 0.361 0.614 1.452 0.01 1.88 0.01 1.253 0.021 0.004 0.005
1684.4 1.0 1.0 1.0 1.549 0.559 0.361 0.614 1.452 0.01 1.88 0.01 1.253 0.021 0.004 0.005
1684.5 1.0 1.0 1.0 1.549 0.559 0.361 0.614 1.452 0.01 1.88 0.01 1.253 0.021 0.004 0.005
1684.6 1.0 1.0 1.0 1.549 0.559 0.361 0.614 1.452 0.01 1.88 0.01 1.253 0.021 0.004 0.005
1684.7 1.0 1.0 1.0 1.549 0.559 0.361 0.614 1.452 0.01 1.88 0.01 1.253 0.021 0.004 0.005
1684.8 1.0 1.0 1.0 1.549 0.559 0.361 0.614 1.452 0.01 1.88 0.01 1.253 0.021 0.004 0.005
1684.9 1.0 1.0 1.0 1.549 0.559 0.361 0.614 1.452 0.01 1.88 0.01 1.253 0.021 0.004 0.005
1685.0 1.0 1.0 1.0 1.549 0.559 0.361 0.614 1.452 0.01 1.88 0.01 1.253 0.021 0.004 0.005
1685.1 1.0 1.0 1.0 1.549 0.559 0.361 0.614 1.452 0.01 1.88 0.01 1.253 0.021 0.004 0.005
1685.2 1.0 1.0 1.0 1.549 0.559 0.361 0.614 1.452 0.01 1.88 0.01 1.253 0.021 0.004 0.005
1685.3 1.0 1.0 1.0 1.549 0.559 0.361 0.614 1.452 0.01 1.88 0.01 1.253 0.021 0.004 0.005
1685.4 1.0 1.0 1.0 1.549 0.559 0.361 0.614 1.452 0.01 1.88 0.01 1.253 0.021 0.004 0.005
1685.5 1.0 1.0 1.0 1.549 0.559 0.361 0.614 1.452 0.01 1.88 0.01 1.253 0.021 0.004 0.005
1685.6 1.0 1.0 1.0 1.549 0.559 0.361 0.614 1.452 0.01 1.88 0.01 1.253 0.021 0.004 0.005
1685.7 1.0 1.0 1.0 1.549 0.559 0.361 0.614 1.452 0.01 1.88 0.01 1.253 0.021 0.004 0.005
1685.8 1.0 1.0 1.0 1.549 0.559 0.361 0.614 1.452 0.01 1.88 0.01 1.253 0.021 0.004 0.005
1685.9 1.0 1.0 1.0 1.549 0.559 0.361 0.614 1.452 0.01 1.88 0.01 1.253 0.021 0.004 0.005
1686.0 1.0 1.0 1.0 1.549 0.559 0.361 0.614 1.452 0.01 1.88 0.01 1.253 0.021 0.004 0.005
1686.1 1.0 1.0 1.0 1.549 0.559 0.361 0.614 1.452 0.01 1.88 0.01 1.253 0.021 0.004 0.005
1686.2 1.0 1.0 1.0 1.549 0.559 0.361 0.614 1.452 0.01 1.88 0.01 1.253 0.021 0.004 0.005
1686.3 1.0 1.0 1.0 1.549 0.559 0.361 0.614 1.452 0.01 1.88 0.01 1.253 0.021 0.004 0.005
1686.4 1.0 1.0 1.0 1.549 0.559 0.361 0.614 1.452 0.01 1.88 0.01 1.253 0.021 0.004 0.005
1686.5 1.0 1.0 1.0 1.549 0.559 0.361 0.614 1.452 0.01 1.88 0.01 1.253 0.021 0.004 0.005
1686.6 1.0 1.0 1.0 1.549 0.559 0.361 0.614 1.452 0.01 1.88 0.01 1.253 0.021 0.004 0.005
1686.7 1.0 1.0 1.0 1.549 0.559 0.361 0.614 1.452 0.01 1.88 0.01 1.253 0.021 0.004 0.005
1686.8 1.0 1.0 1.0 1.549 0.559 0.361 0.614 1.452 0.01 1.88 0.01 1.253 0.021 0.004 0.005
1686.9 1.0 1.0 1.0 1.549 0.559 0.361 0.614 1.452 0.01 1.88 0.01 1.253 0.021 0.004 0.005
1687.0 1.0 1.0 1.0 1.549 0.559 0.361 0.614 1.452 0.01 1.88 0.01 1.253 0.021 0.004 0.005
1687.1 1.0 1.0 1.0 1.549 0.559 0.361 0.614 1.452 0.01 1.88 0.01 1.253 0.021 0.004 0.005
1687.2 1.0 1.0 1.0 1.549 0.559 0.361 0.614 1.452 0.01 1.88 0.01 1.253 0.021 0.004 0.005
1687.3 1.0 1.0 1.0 1.549 0.559 0.361 0.614 1.452 0.01 1.88 0.01 1.253 0.021 0.004 0.005
1687.4 1.0 1.0 1.0 1.549 0.559 0.361 0.614 1.452 0.01 1.88 0.01 1.253 0.021 0.004 0.005
1687.5 1.0 1.0 1.0 1.549 0.559 0.361 0.614 1.452 0.01 1.88 0.01 1.253 0.021 0.004 0.005
1687.6 1.0 1.0 1.0 1.549 0.559 0.361 0.614 1.452 0.01 1.88 0.01 1.253 0.021 0.004 0.005
1687.7 1.0 1.0 1.0 1.549 0.559 0.361 0.614 1.452 0.01 1.88 0.01 1.253 0.021 0.004 0.005
1687.8 1.0 1.0 1.0 1.549 0.559 0.361 0.614 1.452 0.01 1.88 0.01 1.253 0.021 0.004 0.005
1687.9 1.0 1.0 1.0 1.549 0.559 0.361 0.614 1.452 0.01 1.88 0.01 1.253 0.021 0.004 0.005
1688.0 1.0 1.0 1.0 1.549 0.559 0.361 0.614 1.452 0.01 1.88 0.01 1.253 0.021 0.004 0.005
1688.1 1.0 1.0 1.0 1.549 0.559 0.361 0.614 1.452 0.01 1.88 0.01 1.253 0.021 0.004 0.005
1688.2 1.0 1.0 1.0 1.549 0.559 0.361 0.614 1.452 0.01 1.88 0.01 1.253 0.021 0.004 0.005
1688.3 1.0 1.0 1.0 1.549 0.559 0.361 0.614 1.452 0.01 1.88 0.01 1.253 0.021 0.004 0.005
1688.4 1.0 1.0 1.0 1.549 0.559 0.361 0.614 1.452 0.01 1.88 0.01 1.253 0.021 0.004 0.005
1688.5 1.0 1.0 1.0 1.549 0.559 0.361 0.614 1.452 0.01 1.88 0.01 1.253 0.021 0.004 0.005
1688.6 1.0 1.0 1.0 1.549 0.559 0.361 0.614 1.452 0.01 1.88 0.01 1.253 0.021 0.004 0.005
1688.7 1.0 1.0 1.0 1.549 0.559 0.361 0.614 1.452 0.01 1.88 0.01 1.253 0.021 0.004 0.005
1688.8 1.0 1.0 1.0 1.549 0.559 0.361 0.614 1.452 0.01 1.88 0.01 1.253 0.021 0.004 0.005
1688.9 1.0 1.0 1.0 1.549 0.559 0.361 0.614 1.452 0.01 1.88 0.01 1.253 0.021 0.004 0.005
1689.0 1.0 1.0 1.0 1.549 0.559 0.361 0.614 1.452 0.01 1.88 0.01 1.253 0.021 0.004 0.005
1689.1 1.0 1.0 1.0 1.549 0.559 0.361 0.614 1.452 0.01 1.88 0.01 1.253 0.021 0.004 0.005
1689.2 1.0 1.0 1.0 1.549 0.559 0.361 0.614 1.452 0.01 1.88 0.01 1.253 0.021 0.004 0.005
1689.3 1.0 1.0 1.0 1.549 0.559 0.361 0.614 1.452 0.01 1.88 0.01 1.253 0.021 0.004 0.005
1689.4 1.0 1.0 1.0 1.549 0.559 0.361 0.614 1.452 0.01 1.88 0.01 1.253 0.021 0.004 0.005
1689.5 1.0 1.0 1.0 1.549 0.559 0.361 0.614 1.452 0.01 1.88 0.01 1.253 0.021 0.004 0.005
1689.6 1.0 1.0 1.0 1.549 0.559 0.361 0.614 1.452 0.01 1.88 0.01 1.253 0.021 0.004 0.005
1689.7 1.0 1.0 1.0 1.549 0.559 0.361 0.614 1.452 0.01 1.88 0.01 1.253 0.021 0.004 0.005
1689.8 1.0 1.0 1.0 1.549 0.559 0.361 0.614 1.452 0.01 1.88 0.01 1.253 0.021 0.004 0.005
1689.9 1.0 1.0 1.0 1.549 0.559 0.361 0.614 1.452 0.01 1.88 0.01 1.253 0.021 0.004 0.005
1690.0 1.0 1.0 1.0 1.549 0.559 0.361 0.614 1.452 0.01 1.88 0.01 1.253 0.021 0.004 0.005
1690.1 1.0 1.0 1.0 1.549 0.559 0.361 0.614 1.452 0.01 1.88 0.01 1.253 0.021 0.004 0.005
1690.2 1.0 1.0 1.0 1.549 0.559 0.361 0.614 1.452 0.01 1.88 0.01 1.253 0.021 0.004 0.005
1690.3 1.0 1.0 1.0 1.549 0.559 0.361 0.614 1.452 0.01 1.88 0.01 1.253 0.021 0.004 0.005
1690.4 1.0 1.0 1.0 1.549 0.559 0.361 0.614 1.452 0.01 1.88 0.01 1.253 0.021 0.004 0.005
1690.5 1.0 1.0 1.0 1.549 0.559 0.361 0.614 1.452 0.01 1.88 0.01 1.253 0.021 0.004 0.005
1690.6 1.0 1.0 1.0 1.549 0.559 0.361 0.614 1.452 0.01 1.88 0.01 1.253 0.021 0.004 0.005
1690.7 1.0 1.0 1.0 1.549 0.559 0.361 0.614 1.452 0.01 1.88 0.01 1.253 0.021 0.004 0.005
1690.8 1.0 1.0 1.0 1.549 0.559 0.361 0.614 1.452 0.01 1.88 0.01 1.253 0.021 0.004 0.005
1690.9 1.0 1.0 1.0 1.549 0.559 0.361 0.614 1.452 0.01 1.88 0.01 1.253 0.021 0.004 0.005
1691.0 1.0 1.0 1.0 1.549 0.559 0.361 0.614 1.452 0.01 1.88 0.01 1.253 0.021 0.004 0.005
1691.1 1.0 1.0 1.0 1.549 0.559 0.361 0.614 1.452 0.01 1.88 0.01 1.253 0.021 0.004 0.005
1691.2 1.0 1.0 1.0 1.549 0.559 0.361 0.614 1.452 0.01 1.88 0.01 1.253 0.021 0.004 0.005
1691.3 1.0 1.0 1.0 1.549 0.559 0.361 0.614 1.452 0.01 1.88 0.01 1.253 0.021 0.004 0.005
1691.4 1.0 1.0 1.0 1.549 0.559 0.361 0.614 1.452 0.01 1.88 0.01 1.253 0.021 0.004 0.005
1691.5 1.0 1.0 1.0 1.549 0.559 0.361 0.614 1.452 0.01 1.88 0.01 1.253 0.021 0.004 0.005
1691.6 1.0 1.0 1.0 1.549 0.559 0.361 0.614 1.452 0.01 1.88 0.01 1.253 0.021 0.004 0.005
1691.7 1.0 1.0 1.0 1.549 0.559 0.361 0.614 1.452 0.01 1.88 0.01 1.253 0.021 0.004 0.005
1691.8 1.0 1.0 1.0 1.549 0.559 0.361 0.614 1.452 0.01 1.88 0.01 1.253 0.021 0.004 0.005
1691.9 1.0 1.0 1.0 1.549 0.559 0.361 0.614 1.452 0.01 1.88 0.01 1.253 0.021 0.004 0.005
1692.0 1.0 1.0 1.0 1.549 0.559 0.361 0.614 1.452 0.01 1.88 0.01 1.253 0.021 0.004 0.005
1692.1 1.0 1.0 1.0 1.549 0.559 0.361 0.614 1.452 0.01 1.88 0.01 1.253 0.021 0.004 0.005
1692.2 1.0 1.0 1.0 1.549 0.559 0.361 0.614 1.452 0.01 1.88 0.01 1.253 0.021 0.004 0.005
1692.3 1.0 1.0 1.0 1.549 0.559 0.361 0.614 1.452 0.01 1.88 0.01 1.253 0.021 0.004 0.005
1692.4 1.0 1.0 1.0 1.549 0.559 0.361 0.614 1.452 0.01 1.88 0.01 1.253 0.021 0.004 0.005
1692.5 1.0 1.0 1.0 1.549 0.559 0.361 0.614 1.452 0.01 1.88 0.01 1.253 0.021 0.004 0.005
1692.6 1.0 1.0 1.0 1.549 0.559 0.361 0.614 1.452 0.01 1.88 0.01 1.253 0.021 0.004 0.005
1692.7 1.0 1.0 1.0 1.549 0.559 0.361 0.614 1.452 0.01 1.88 0.01 1.253 0.021 0.004 0.005
1692.8 1.0 1.0 1.0 1.549 0.559 0.361 0.614 1.452 0.01 1.88 0.01 1.253 0.021 0.004 0.005
1692.9 1.0 1.0 1.0 1.549 0.559 0.361 0.614 1.452 0.01 1.88 0.01 1.253 0.021 0.004 0.005
1693.0 1.0 1.0 1.0 1.549 0.559 0.361 0.614 1.452 0.01 1.88 0.01 1.253 0.021 0.004 0.005
1693.1 1.0 1.0 1.0 1.549 0.559 0.361 0.614 1.452 0.01 1.88 0.01 1.253 0.021 0.004 0.005
1693.2 1.0 1.0 1.0 1.549 0.559 0.361 0.614 1.452 0.01 1.88 0.01 1.253 0.021 0.004 0.005
1693.3 1.0 1.0 1.0 1.549 0.559 0.361 0.614 1.452 0.01 1.88 0.01 1.253 0.021 0.004 0.005
1693.4 1.0 1.0 1.0 1.549 0.559 0.361 0.614 1.452 0.01 1.88 0.01 1.253 0.021 0.004 0.005
1693.5 1.0 1.0 1.0 1.549 0.559 0.361 0.614 1.452 0.01 1.88 0.01 1.253 0.021 0.004 0.005
1693.6 1.0 1.0 1.0 1.549 0.559 0.361 0.614 1.452 0.01 1.88 0.01 1.253 0.021 0.004 0.005
1693.7 1.0 1.0 1.0 1.549 0.559 0.361 0.614 1.452 0.01 1.88 0.01 1.253 0.021 0.004 0.005
1693.8 1.0 1.0 1.0 1.549 0.559 0.361 0.614 1.452 0.01 1.88 0.01 1.253 0.021 0.004 0.005
1693.9 1.0 1.0 1.0 1.549 0.559 0.361 0.614 1.452 0.01 1.88 0.01 1.253 0.021 0.004 0.005
1694.0 1.0 1.0 1.0 1.549 0.559 0.361 0.614 1.452 0.01 1.88 0.01 1.253 0.021 0.004 0.005
1694.1 1.0 1.0 1.0 1.549 0.559 0.361 0.614 1.452 0.01 1.88 0.01 1.253 0.021 0.004 0.005
1694.2 1.0 1.0 1.0 1.549 0.559 0.361 0.614 1.452 0.01 1.88 0.01 1.253 0.021 0.004 0.005
1694.3 1.0 1.0 1.0 1.549 0.559 0.361 0.614 1.452 0.01 1.88 0.01 1.253 0.021 0.004 0.005
1694.4 1.0 1.0 1.0 1.549 0.559 0.361 0.614 1.452 0.01 1.88 0.01 1.253 0.021 0.004 0.005
1694.5 1.0 1.0 1.0 1.549 0.559 0.361 0.614 1.452 0.01 1.88 0.01 1.253 0.021 0.004 0.005
1694.6 1.0 1.0 1.0 1.549 0.559 0.361 0.614 1.452 0.01 1.88 0.01 1.253 0.021 0.004 0.005
1694.7 1.0 1.0 1.0 1.549 0.559 0.361 0.614 1.452 0.01 1.88 0.01 1.253 0.021 0.004 0.005
1694.8 1.0 1.0 1.0 1.549 0.559 0.361 0.614 1.452 0.01 1.88 0.01 1.253 0.021 0.004 0.005
1694.9 1.0 1.0 1.0 1.549 0.559 0.361 0.614 1.452 0.01 1.88 0.01 1.253 0.021 0.004 0.005
1695.0 1.0 1.0 1.0 1.549 0.559 0.361 0.614 1.452 0.01 1.88 0.01 1.253 0.021 0.004 0.005
1695.1 1.0 1.0 1.0 1.549 0.559 0.361 0.614 1.452 0.01 1.88 0.01 1.253 0.021 0.004 0.005
1695.2 1.0 1.0 1.0 1.549 0.559 0.361 0.614 1.452 0.01 1.88 0.01 1.253 0.021 0.004 0.005
1695.3 1.0 1.0 1.0 1.549 0.559 0.361 0.614 1.452 0.01 1.88 0.01 1.253 0.021 0.004 0.005
1695.4 1.0 1.0 1.0 1.549 0.559 0.361 0.614 1.452 0.01 1.88 0.01 1.253 0.021 0.004 0.005
1695.5 1.0 1.0 1.0 1.549 0.559 0.361 0.614 1.452 0.01 1.88 0.01 1.253 0.021 0.004 0.005
1695.6 1.0 1.0 1.0 1.549 0.559 0.361 0.614 1.452 0.01 1.88 0.01 1.253 0.021 0.004 0.005
1695.7 1.0 1.0 1.0 1.549 0.559 0.361 0.614 1.452 0.01 1.88 0.01 1.253 0.021 0.004 0.005
1695.8 1.0 1.0 1.0 1.549 0.559 0.361 0.614 1.452 0.01 1.88 0.01 1.253 0.021 0.004 0.005
1695.9 1.0 1.0 1.0 1.549 0.559 0.361 0.614 1.452 0.01 1.88 0.01 1.253 0.021 0.004 0.005
1696.0 1.0 1.0 1.0 1.549 0.559 0.361 0.614 1.452 0.01 1.88 0.01 1.253 0.021 0.004 0.005
1696.1 1.0 1.0 1.0 1.549 0.559 0.361 0.614 1.452 0.01 1.88 0.01 1.253 0.021 0.004 0.005
1696.2 1.0 1.0 1.0 1.549 0.559 0.361 0.614 1.452 0.01 1.88 0.01 1.253 0.021 0.004 0.005
1696.3 1.0 1.0 1.0 1.549 0.559 0.361 0.614 1.452 0.01 1.88 0.01 1.253 0.021 0.004 0.005
1696.4 1.0 1.0 1.0 1.549 0.559 0.361 0.614 1.452 0.01 1.88 0.01 1.253 0.021 0.004 0.005
1696.5 1.0 1.0 1.0 1.549 0.559 0.361 0.614 1.452 0.01 1.88 0.01 1.253 0.021 0.004 0.005
1696.6 1.0 1.0 1.0 1.549 0.559 0.361 0.614 1.452 0.01 1.88 0.01 1.253 0.021 0.004 0.005
1696.7 1.0 1.0 1.0 1.549 0.559 0.361 0.614 1.452 0.01 1.88 0.01 1.253 0.021 0.004 0.005
1696.8 1.0 1.0 1.0 1.549 0.559 0.361 0.614 1.452 0.01 1.88 0.01 1.253 0.021 0.004 0.005
1696.9 1.0 1.0 1.0 1.549 0.559 0.361 0.614 1.452 0.01 1.88 0.01 1.253 0.021 0.004 0.005
1697.0 1.0 1.0 1.0 1.549 0.559 0.361 0.614 1.452 0.01 1.88 0.01 1.253 0.021 0.004 0.005
1697.1 1.0 1.0 1.0 1.549 0.559 0.361 0.614 1.452 0.01 1.88 0.01 1.253 0.021 0.004 0.005
1697.2 1.0 1.0 1.0 1.549 0.559 0.361 0.614 1.452 0.01 1.88 0.01 1.253 0.021 0.004 0.005
1697.3 1.0 1.0 1.0 1.549 0.559 0.361 0.614 1.452 0.01 1.88 0.01 1.253 0.021 0.004 0.005
1697.4 1.0 1.0 1.0 1.549 0.559 0.361 0.614 1.452 0.01 1.88 0.01 1.253 0.021 0.004 0.005
1697.5 1.0 1.0 1.0 1.549 0.559 0.361 0.614 1.452 0.01 1.88 0.01 1.253 0.021 0.004 0.005
1697.6 1.0 1.0 1.0 1.549 0.559 0.361 0.614 1.452 0.01 1.88 0.01 1.253 0.021 0.004 0.005
1697.7 1.0 1.0 1.0 1.549 0.559 0.361 0.614 1.452 0.01 1.88 0.01 1.253 0.021 0.004 0.005
1697.8 1.0 1.0 1.0 1.549 0.559 0.361 0.614 1.452 0.01 1.88 0.01 1.253 0.021 0.004 0.005
1697.9 1.0 1.0 1.0 1.549 0.559 0.361 0.614 1.452 0.01 1.88 0.01 1.253 0.021 0.004 0.005
1698.0 1.0 1.0 1.0 1.549 0.559 0.361 0.614 1.452 0.01 1.88 0.01 1.253 0.021 0.004 0.005
1698.1 1.0 1.0 1.0 1.549 0.559 0.361 0.614 1.452 0.01 1.88 0.01 1.253 0.021 0.004 0.005
1698.2 1.0 1.0 1.0 1.549 0.559 0.361 0.614 1.452 0.01 1.88 0.01 1.253 0.021 0.004 0.005
1698.3 1.0 1.0 1.0 1.549 0.559 0.361 0.614 1.452 0.01 1.88 0.01 1.253 0.021 0.004 0.005
1698.4 1.0 1.0 1.0 1.549 0.559 0.361 0.614 1.452 0.01 1.88 0.01 1.253 0.021 0.004 0.005
1698.5 1.0 1.0 1.0 1.549 0.559 0.361 0.614 1.452 0.01 1.88 0.01 1.253 0.021 0.004 0.005
1698.6 1.0 1.0 1.0 1.549 0.559 0.361 0.614 1.452 0.01 1.88 0.01 1.253 0.021 0.004 0.005
1698.7 1.0 1.0 1.0 1.549 0.559 0.361 0.614 1.452 0.01 1.88 0.01 1.253 0.021 0.004 0.005
1698.8 1.0 1.0 1.0 1.549 0.559 0.361 0.614 1.452 0.01 1.88 0.01 1.253 0.021 0.004 0.005
1698.9 1.0 1.0 1.0 1.549 0.559 0.361 0.614 1.452 0.01 1.88 0.01 1.253 0.021 0.004 0.005
1699.0 1.0 1.0 1.0 1.549 0.559 0.361 0.614 1.452 0.01 1.88 0.01 1.253 0.021 0.004 0.005
1699.1 1.0 1.0 1.0 1.549 0.559 0.361 0.614 1.452 0.01 1.88 0.01 1.253 0.021 0.004 0.005
1699.2 1.0 1.0 1.0 1.549 0.559 0.361 0.614 1.452 0.01 1.88 0.01 1.253 0.021 0.004 0.005
1699.3 1.0 1.0 1.0 1.549 0.559 0.361 0.614 1.452 0.01 1.88 0.01 1.253 0.021 0.004 0.005
1699.4 1.0 1.0 1.0 1.549 0.559 0.361 0.614 1.452 0.01 1.88 0.01 1.253 0.021 0.004 0.005
1699.5 1.0 1.0 1.0 1.549 0.559 0.361 0.614 1.452 0.01 1.88 0.01 1.253 0.021 0.004 0.005
1699.6 1.0 1.0 1.0 1.549 0.559 0.361 0.614 1.452 0.01 1.88 0.01 1.253 0.021 0.004 0.005
1699.7 1.0 1.0 1.0 1.549 0.559 0.361 0.614 1.452 0.01 1.88 0.01 1.253 0.021 0.004 0.005
1699.8 1.0 1.0 1.0 1.549 0.559 0.361 0.614 1.452 0.01 1.88 0.01 1.253 0.021 0.004 0.005
