1200.0 1.0 1.0 1.0 1.546 0.559 0.36 0.613 1.451 0.01 0.014 0.006 0.01
1200.1 1.0 1.0 1.0 1.546 0.559 0.36 0.614 1.451 0.01 0.015 0.005 0.01
1200.2 1.0 1.0 1.0 1.546 0.559 0.36 0.614 1.451 0.01 0.016 0.005 0.01
1200.3 1.0 1.0 1.0 1.546 0.559 0.36 0.614 1.451 0.01 0.016 0.004 0.01
1200.4 1.0 1.0 1.0 1.546 0.559 0.36 0.614 1.451 0.01 0.016 0.004 0.009
1200.5 1.0 1.0 1.0 1.546 0.559 0.36 0.614 1.451 0.01 0.017 0.004 0.009
1200.6 1.0 1.0 1.0 1.546 0.559 0.36 0.614 1.452 0.01 0.017 0.004 0.009
1200.7 1.0 1.0 1.0 1.546 0.559 0.36 0.614 1.452 0.01 0.017 0.004 0.009
1200.8 1.0 1.0 1.0 1.546 0.559 0.36 0.614 1.452 0.01 0.017 0.004 0.009
1200.9 1.0 1.0 1.0 1.546 0.559 0.36 0.614 1.452 0.01 0.017 0.004 0.009
1201.0 1.0 1.0 1.0 1.546 0.559 0.36 0.614 1.452 0.01 0.017 0.004 0.009
1201.1 1.0 1.0 1.0 1.546 0.559 0.36 0.614 1.452 0.01 0.017 0.004 0.009
1201.2 1.0 1.0 1.0 1.546 0.559 0.36 0.614 1.452 0.01 0.017 0.004 0.008
1201.3 1.0 1.0 1.0 1.546 0.559 0.36 0.614 1.452 0.01 0.017 0.004 0.008
1201.4 1.0 1.0 1.0 1.546 0.559 0.36 0.614 1.452 0.01 0.017 0.005 0.008
1201.5 1.0 1.0 1.0 1.546 0.559 0.36 0.614 1.452 0.01 0.018 0.005 0.008
1201.6 1.0 1.0 1.0 1.546 0.559 0.36 0.614 1.452 0.01 0.018 0.005 0.008
1201.7 1.0 1.0 1.0 1.546 0.559 0.36 0.614 1.452 0.01 0.018 0.005 0.008
1201.8 1.0 1.0 1.0 1.546 0.559 0.36 0.614 1.452 0.01 0.018 0.005 0.008
1201.9 1.0 1.0 1.0 1.546 0.559 0.36 0.614 1.452 0.01 0.018 0.005 0.008
1202.0 1.0 1.0 1.0 1.546 0.559 0.36 0.614 1.452 0.01 0.018 0.005 0.008
1202.1 1.0 1.0 1.0 1.546 0.559 0.36 0.614 1.452 0.01 0.018 0.005 0.008
1202.2 1.0 1.0 1.0 1.546 0.559 0.36 0.614 1.452 0.01 0.018 0.005 0.008
1202.3 1.0 1.0 1.0 1.546 0.559 0.36 0.614 1.452 0.01 0.018 0.005 0.008
1202.4 1.0 1.0 1.0 1.546 0.559 0.36 0.614 1.452 0.01 0.018 0.005 0.008
1202.5 1.0 1.0 1.0 1.546 0.559 0.36 0.614 1.452 0.01 0.018 0.005 0.008
1202.6 1.0 1.0 1.0 1.546 0.559 0.36 0.614 1.452 0.01 0.018 0.005 0.008
1202.7 1.0 1.0 1.0 1.546 0.559 0.36 0.614 1.452 0.01 0.018 0.005 0.008
1202.8 1.0 1.0 1.0 1.546 0.559 0.36 0.614 1.452 0.01 0.018 0.005 0.008
1202.9 1.0 1.0 1.0 1.546 0.559 0.36 0.614 1.452 0.01 0.018 0.005 0.008
1203.0 1.0 1.0 1.0 1.546 0.559 0.36 0.614 1.452 0.01 0.018 0.005 0.008
1203.1 1.0 1.0 1.0 1.546 0.559 0.36 0.614 1.452 0.01 0.018 0.005 0.008
1203.2 1.0 1.0 1.0 1.546 0.559 0.36 0.614 1.452 0.01 0.018 0.005 0.008
1203.3 1.0 1.0 1.0 1.546 0.559 0.36 0.614 1.452 0.01 0.018 0.005 0.008
1203.4 1.0 1.0 1.0 1.546 0.559 0.36 0.614 1.452 0.01 0.018 0.005 0.008
1203.5 1.0 1.0 1.0 1.546 0.559 0.36 0.614 1.452 0.01 0.018 0.005 0.008
1203.6 1.0 1.0 1.0 1.546 0.559 0.36 0.614 1.452 0.01 0.018 0.005 0.008
1203.7 1.0 1.0 1.0 1.546 0.559 0.36 0.614 1.452 0.01 0.018 0.005 0.008
1203.8 1.0 1.0 1.0 1.546 0.559 0.36 0.614 1.452 0.01 0.018 0.005 0.008
1203.9 1.0 1.0 1.0 1.546 0.559 0.36 0.614 1.452 0.01 0.018 0.005 0.008
1204.0 1.0 1.0 1.0 1.546 0.559 0.36 0.614 1.452 0.01 0.018 0.005 0.008
1204.1 1.0 1.0 1.0 1.546 0.559 0.36 0.614 1.452 0.01 0.018 0.005 0.008
1204.2 1.0 1.0 1.0 1.546 0.559 0.36 0.614 1.452 0.01 0.018 0.005 0.008
1204.3 1.0 1.0 1.0 1.546 0.559 0.36 0.614 1.452 0.01 0.018 0.005 0.008
1204.4 1.0 1.0 1.0 1.546 0.559 0.36 0.614 1.452 0.01 0.018 0.005 0.008
1204.5 1.0 1.0 1.0 1.546 0.559 0.36 0.614 1.452 0.01 0.018 0.005 0.008
1204.6 1.0 1.0 1.0 1.546 0.559 0.36 0.614 1.452 0.01 0.018 0.005 0.008
1204.7 1.0 1.0 1.0 1.546 0.559 0.36 0.614 1.452 0.01 0.018 0.005 0.008
1204.8 1.0 1.0 1.0 1.546 0.559 0.36 0.614 1.452 0.01 0.018 0.005 0.008
1204.9 1.0 1.0 1.0 1.546 0.559 0.36 0.614 1.452 0.01 0.018 0.005 0.008
1205.0 1.0 1.0 1.0 1.546 0.559 0.36 0.614 1.452 0.01 0.018 0.005 0.008
1205.1 1.0 1.0 1.0 1.546 0.559 0.36 0.614 1.452 0.01 0.018 0.005 0.008
1205.2 1.0 1.0 1.0 1.546 0.559 0.36 0.614 1.452 0.01 0.018 0.005 0.008
1205.3 1.0 1.0 1.0 1.546 0.559 0.36 0.614 1.452 0.01 0.018 0.005 0.008
1205.4 1.0 1.0 1.0 1.546 0.559 0.36 0.614 1.452 0.01 0.018 0.005 0.008
1205.5 1.0 1.0 1.0 1.546 0.559 0.36 0.614 1.452 0.01 0.018 0.005 0.008
1205.6 1.0 1.0 1.0 1.546 0.559 0.36 0.614 1.452 0.01 0.018 0.005 0.008
1205.7 1.0 1.0 1.0 1.546 0.559 0.36 0.614 1.452 0.01 0.018 0.005 0.008
1205.8 1.0 1.0 1.0 1.546 0.559 0.36 0.614 1.452 0.01 0.018 0.005 0.008
1205.9 1.0 1.0 1.0 1.546 0.559 0.36 0.614 1.452 0.01 0.018 0.005 0.008
1206.0 1.0 1.0 1.0 1.546 0.559 0.36 0.614 1.452 0.01 0.018 0.005 0.008
1206.1 1.0 1.0 1.0 1.546 0.559 0.36 0.614 1.452 0.01 0.018 0.005 0.008
1206.2 1.0 1.0 1.0 1.546 0.559 0.36 0.614 1.452 0.01 0.018 0.005 0.008
1206.3 1.0 1.0 1.0 1.546 0.559 0.36 0.614 1.452 0.01 0.018 0.005 0.008
1206.4 1.0 1.0 1.0 1.546 0.559 0.36 0.614 1.452 0.01 0.018 0.005 0.008
1206.5 1.0 1.0 1.0 1.546 0.559 0.36 0.614 1.452 0.01 0.018 0.005 0.008
1206.6 1.0 1.0 1.0 1.546 0.559 0.36 0.614 1.452 0.01 0.018 0.005 0.008
1206.7 1.0 1.0 1.0 1.546 0.559 0.36 0.614 1.452 0.01 0.018 0.005 0.008
1206.8 1.0 1.0 1.0 1.546 0.559 0.36 0.614 1.452 0.01 0.018 0.005 0.008
1206.9 1.0 1.0 1.0 1.546 0.559 0.36 0.614 1.452 0.01 0.018 0.005 0.008
1207.0 1.0 1.0 1.0 1.546 0.559 0.36 0.614 1.452 0.01 0.018 0.005 0.008
1207.1 1.0 1.0 1.0 1.546 0.559 0.36 0.614 1.452 0.01 0.018 0.005 0.008
1207.2 1.0 1.0 1.0 1.546 0.559 0.36 0.614 1.452 0.01 0.018 0.005 0.008
1207.3 1.0 1.0 1.0 1.546 0.559 0.36 0.614 1.452 0.01 0.018 0.005 0.008
1207.4 1.0 1.0 1.0 1.546 0.559 0.36 0.614 1.452 0.01 0.018 0.005 0.008
1207.5 1.0 1.0 1.0 1.546 0.559 0.36 0.614 1.452 0.01 0.018 0.005 0.008
1207.6 1.0 1.0 1.0 1.546 0.559 0.36 0.614 1.452 0.01 0.018 0.005 0.008
1207.7 1.0 1.0 1.0 1.546 0.559 0.36 0.614 1.452 0.01 0.018 0.005 0.008
1207.8 1.0 1.0 1.0 1.546 0.559 0.36 0.614 1.452 0.01 0.018 0.005 0.008
1207.9 1.0 1.0 1.0 1.546 0.559 0.36 0.614 1.452 0.01 0.018 0.005 0.008
1208.0 1.0 1.0 1.0 1.546 0.559 0.36 0.614 1.452 0.01 0.018 0.005 0.008
1208.1 1.0 1.0 1.0 1.546 0.559 0.36 0.614 1.452 0.01 0.018 0.005 0.008
1208.2 1.0 1.0 1.0 1.546 0.559 0.36 0.614 1.452 0.01 0.018 0.005 0.008
1208.3 1.0 1.0 1.0 1.546 0.559 0.36 0.614 1.452 0.01 0.018 0.005 0.008
1208.4 1.0 1.0 1.0 1.546 0.559 0.36 0.614 1.452 0.01 0.018 0.005 0.008
1208.5 1.0 1.0 1.0 1.546 0.559 0.36 0.614 1.452 0.01 0.018 0.005 0.008
1208.6 1.0 1.0 1.0 1.546 0.559 0.36 0.614 1.452 0.01 0.018 0.005 0.008
1208.7 1.0 1.0 1.0 1.546 0.559 0.36 0.614 1.452 0.01 0.018 0.005 0.008
1208.8 1.0 1.0 1.0 1.546 0.559 0.36 0.614 1.452 0.01 0.018 0.005 0.008
1208.9 1.0 1.0 1.0 1.546 0.559 0.36 0.614 1.452 0.01 0.018 0.005 0.008
1209.0 1.0 1.0 1.0 1.546 0.559 0.36 0.614 1.452 0.01 0.018 0.005 0.008
1209.1 1.0 1.0 1.0 1.546 0.559 0.36 0.614 1.452 0.01 0.018 0.005 0.008
1209.2 1.0 1.0 1.0 1.546 0.559 0.36 0.614 1.452 0.01 0.018 0.005 0.008
1209.3 1.0 1.0 1.0 1.546 0.559 0.36 0.614 1.452 0.01 0.018 0.005 0.008
1209.4 1.0 1.0 1.0 1.546 0.559 0.36 0.614 1.452 0.01 0.018 0.005 0.008
1209.5 1.0 1.0 1.0 1.546 0.559 0.36 0.614 1.452 0.01 0.018 0.005 0.008
1209.6 1.0 1.0 1.0 1.546 0.559 0.36 0.614 1.452 0.01 0.018 0.005 0.008
1209.7 1.0 1.0 1.0 1.546 0.559 0.36 0.614 1.452 0.01 0.018 0.005 0.008
1209.8 1.0 1.0 1.0 1.546 0.559 0.36 0.614 1.452 0.01 0.018 0.005 0.008
1209.9 1.0 1.0 1.0 1.546 0.559 0.36 0.614 1.452 0.01 0.018 0.005 0.008
1210.0 1.0 1.0 1.0 1.546 0.559 0.36 0.614 1.452 0.01 0.018 0.005 0.008
1210.1 1.0 1.0 1.0 1.546 0.559 0.36 0.614 1.452 0.01 0.018 0.005 0.008
1210.2 1.0 1.0 1.0 1.546 0.559 0.36 0.614 1.452 0.01 0.018 0.005 0.008
1210.3 1.0 1.0 1.0 1.546 0.559 0.36 0.614 1.452 0.01 0.018 0.005 0.008
1210.4 1.0 1.0 1.0 1.546 0.559 0.36 0.614 1.452 0.01 0.018 0.005 0.008
1210.5 1.0 1.0 1.0 1.546 0.559 0.36 0.614 1.452 0.01 0.018 0.005 0.008
1210.6 1.0 1.0 1.0 1.546 0.559 0.36 0.614 1.452 0.01 0.018 0.005 0.008
1210.7 1.0 1.0 1.0 1.546 0.559 0.36 0.614 1.452 0.01 0.018 0.005 0.008
1210.8 1.0 1.0 1.0 1.546 0.559 0.36 0.614 1.452 0.01 0.018 0.005 0.008
1210.9 1.0 1.0 1.0 1.546 0.559 0.36 0.614 1.452 0.01 0.018 0.005 0.008
1211.0 1.0 1.0 1.0 1.546 0.559 0.36 0.614 1.452 0.01 0.018 0.005 0.008
1211.1 1.0 1.0 1.0 1.546 0.559 0.36 0.614 1.452 0.01 0.018 0.005 0.008
1211.2 1.0 1.0 1.0 1.546 0.559 0.36 0.614 1.452 0.01 0.018 0.005 0.008
1211.3 1.0 1.0 1.0 1.546 0.559 0.36 0.614 1.452 0.01 0.018 0.005 0.008
1211.4 1.0 1.0 1.0 1.546 0.559 0.36 0.614 1.452 0.01 0.018 0.005 0.008
1211.5 1.0 1.0 1.0 1.546 0.559 0.36 0.614 1.452 0.01 0.018 0.005 0.008
1211.6 1.0 1.0 1.0 1.546 0.559 0.36 0.614 1.452 0.01 0.018 0.005 0.008
1211.7 1.0 1.0 1.0 1.546 0.559 0.36 0.614 1.452 0.01 0.018 0.005 0.008
1211.8 1.0 1.0 1.0 1.546 0.559 0.36 0.614 1.452 0.01 0.018 0.005 0.008
1211.9 1.0 1.0 1.0 1.546 0.559 0.36 0.614 1.452 0.01 0.018 0.005 0.008
1212.0 1.0 1.0 1.0 1.546 0.559 0.36 0.614 1.452 0.01 0.018 0.005 0.008
1212.1 1.0 1.0 1.0 1.546 0.559 0.36 0.614 1.452 0.01 0.018 0.005 0.008
1212.2 1.0 1.0 1.0 1.546 0.559 0.36 0.614 1.452 0.01 0.018 0.005 0.008
1212.3 1.0 1.0 1.0 1.546 0.559 0.36 0.614 1.452 0.01 0.018 0.005 0.008
1212.4 1.0 1.0 1.0 1.546 0.559 0.36 0.614 1.452 0.01 0.018 0.005 0.008
1212.5 1.0 1.0 1.0 1.546 0.559 0.36 0.614 1.452 0.01 0.018 0.005 0.008
1212.6 1.0 1.0 1.0 1.546 0.559 0.36 0.614 1.452 0.01 0.018 0.005 0.008
1212.7 1.0 1.0 1.0 1.546 0.559 0.36 0.614 1.452 0.01 0.018 0.005 0.008
1212.8 1.0 1.0 1.0 1.546 0.559 0.36 0.614 1.452 0.01 0.018 0.005 0.008
1212.9 1.0 1.0 1.0 1.546 0.559 0.36 0.614 1.452 0.01 0.018 0.005 0.008
1213.0 1.0 1.0 1.0 1.546 0.559 0.36 0.614 1.452 0.01 0.018 0.005 0.008
1213.1 1.0 1.0 1.0 1.546 0.559 0.36 0.614 1.452 0.01 0.018 0.005 0.008
1213.2 1.0 1.0 1.0 1.546 0.559 0.36 0.614 1.452 0.01 0.018 0.005 0.008
1213.3 1.0 1.0 1.0 1.546 0.559 0.36 0.614 1.452 0.01 0.018 0.005 0.008
1213.4 1.0 1.0 1.0 1.546 0.559 0.36 0.614 1.452 0.01 0.018 0.005 0.008
1213.5 1.0 1.0 1.0 1.546 0.559 0.36 0.614 1.452 0.01 0.018 0.005 0.008
1213.6 1.0 1.0 1.0 1.546 0.559 0.36 0.614 1.452 0.01 0.018 0.005 0.008
1213.7 1.0 1.0 1.0 1.546 0.559 0.36 0.614 1.452 0.01 0.018 0.005 0.008
1213.8 1.0 1.0 1.0 1.546 0.559 0.36 0.614 1.452 0.01 0.018 0.005 0.008
1213.9 1.0 1.0 1.0 1.546 0.559 0.36 0.614 1.452 0.01 0.018 0.005 0.008
1214.0 1.0 1.0 1.0 1.546 0.559 0.36 0.614 1.452 0.01 0.018 0.005 0.008
1214.1 1.0 1.0 1.0 1.546 0.559 0.36 0.614 1.452 0.01 0.018 0.005 0.008
1214.2 1.0 1.0 1.0 1.546 0.559 0.36 0.614 1.452 0.01 0.018 0.005 0.008
1214.3 1.0 1.0 1.0 1.546 0.559 0.36 0.614 1.452 0.01 0.018 0.005 0.008
1214.4 1.0 1.0 1.0 1.546 0.559 0.36 0.614 1.452 0.01 0.018 0.005 0.008
1214.5 1.0 1.0 1.0 1.546 0.559 0.36 0.614 1.452 0.01 0.018 0.005 0.008
1214.6 1.0 1.0 1.0 1.546 0.559 0.36 0.614 1.452 0.01 0.018 0.005 0.008
1214.7 1.0 1.0 1.0 1.546 0.559 0.36 0.614 1.452 0.01 0.018 0.005 0.008
1214.8 1.0 1.0 1.0 1.546 0.559 0.36 0.614 1.452 0.01 0.018 0.005 0.008
1214.9 1.0 1.0 1.0 1.546 0.559 0.36 0.614 1.452 0.01 0.018 0.005 0.008
1215.0 1.0 1.0 1.0 1.546 0.559 0.36 0.614 1.452 0.01 0.018 0.005 0.008
1215.1 1.0 1.0 1.0 1.546 0.559 0.36 0.614 1.452 0.01 0.018 0.005 0.008
1215.2 1.0 1.0 1.0 1.546 0.559 0.36 0.614 1.452 0.01 0.018 0.005 0.008
1215.3 1.0 1.0 1.0 1.546 0.559 0.36 0.614 1.452 0.01 0.018 0.005 0.008
1215.4 1.0 1.0 1.0 1.546 0.559 0.36 0.614 1.452 0.01 0.018 0.005 0.008
1215.5 1.0 1.0 1.0 1.546 0.559 0.36 0.614 1.452 0.01 0.018 0.005 0.008
1215.6 1.0 1.0 1.0 1.546 0.559 0.36 0.614 1.452 0.01 0.018 0.005 0.008
1215.7 1.0 1.0 1.0 1.546 0.559 0.36 0.614 1.452 0.01 0.018 0.005 0.008
1215.8 1.0 1.0 1.0 1.546 0.559 0.36 0.614 1.452 0.01 0.018 0.005 0.008
1215.9 1.0 1.0 1.0 1.546 0.559 0.36 0.614 1.452 0.01 0.018 0.005 0.008
1216.0 1.0 1.0 1.0 1.546 0.559 0.36 0.614 1.452 0.01 0.018 0.005 0.008
1216.1 1.0 1.0 1.0 1.546 0.559 0.36 0.614 1.452 0.01 0.018 0.005 0.008
1216.2 1.0 1.0 1.0 1.546 0.559 0.36 0.614 1.452 0.01 0.018 0.005 0.008
1216.3 1.0 1.0 1.0 1.546 0.559 0.36 0.614 1.452 0.01 0.018 0.005 0.008
1216.4 1.0 1.0 1.0 1.546 0.559 0.36 0.614 1.452 0.01 0.018 0.005 0.008
1216.5 1.0 1.0 1.0 1.546 0.559 0.36 0.614 1.452 0.01 0.018 0.005 0.008
1216.6 1.0 1.0 1.0 1.546 0.559 0.36 0.614 1.452 0.01 0.018 0.005 0.008
1216.7 1.0 1.0 1.0 1.546 0.559 0.36 0.614 1.452 0.01 0.018 0.005 0.008
1216.8 1.0 1.0 1.0 1.546 0.559 0.36 0.614 1.452 0.01 0.018 0.005 0.008
1216.9 1.0 1.0 1.0 1.546 0.559 0.36 0.614 1.452 0.01 0.018 0.005 0.008
1217.0 1.0 1.0 1.0 1.546 0.559 0.36 0.614 1.452 0.01 0.018 0.005 0.008
1217.1 1.0 1.0 1.0 1.546 0.559 0.36 0.614 1.452 0.01 0.018 0.005 0.008
1217.2 1.0 1.0 1.0 1.546 0.559 0.36 0.614 1.452 0.01 0.018 0.005 0.008
1217.3 1.0 1.0 1.0 1.546 0.559 0.36 0.614 1.452 0.01 0.018 0.005 0.008
1217.4 1.0 1.0 1.0 1.546 0.559 0.36 0.614 1.452 0.01 0.018 0.005 0.008
1217.5 1.0 1.0 1.0 1.546 0.559 0.36 0.614 1.452 0.01 0.018 0.005 0.008
1217.6 1.0 1.0 1.0 1.546 0.559 0.36 0.614 1.452 0.01 0.018 0.005 0.008
1217.7 1.0 1.0 1.0 1.546 0.559 0.36 0.614 1.452 0.01 0.018 0.005 0.008
1217.8 1.0 1.0 1.0 1.546 0.559 0.36 0.614 1.452 0.01 0.018 0.005 0.008
1217.9 1.0 1.0 1.0 1.546 0.559 0.36 0.614 1.452 0.01 0.018 0.005 0.008
1218.0 1.0 1.0 1.0 1.546 0.559 0.36 0.614 1.452 0.01 0.018 0.005 0.008
1218.1 1.0 1.0 1.0 1.546 0.559 0.36 0.614 1.452 0.01 0.018 0.005 0.008
1218.2 1.0 1.0 1.0 1.546 0.559 0.36 0.614 1.452 0.01 0.018 0.005 0.008
1218.3 1.0 1.0 1.0 1.546 0.559 0.36 0.614 1.452 0.01 0.018 0.005 0.008
1218.4 1.0 1.0 1.0 1.546 0.559 0.36 0.614 1.452 0.01 0.018 0.005 0.008
1218.5 1.0 1.0 1.0 1.546 0.559 0.36 0.614 1.452 0.01 0.018 0.005 0.008
1218.6 1.0 1.0 1.0 1.546 0.559 0.36 0.614 1.452 0.01 0.018 0.005 0.008
1218.7 1.0 1.0 1.0 1.546 0.559 0.36 0.614 1.452 0.01 0.018 0.005 0.008
1218.8 1.0 1.0 1.0 1.546 0.559 0.36 0.614 1.452 0.01 0.018 0.005 0.008
1218.9 1.0 1.0 1.0 1.546 0.559 0.36 0.614 1.452 0.01 0.018 0.005 0.008
1219.0 1.0 1.0 1.0 1.546 0.559 0.36 0.614 1.452 0.01 0.018 0.005 0.008
1219.1 1.0 1.0 1.0 1.546 0.559 0.36 0.614 1.452 0.01 0.018 0.005 0.008
1219.2 1.0 1.0 1.0 1.546 0.559 0.36 0.614 1.452 0.01 0.018 0.005 0.008
1219.3 1.0 1.0 1.0 1.546 0.559 0.36 0.614 1.452 0.01 0.018 0.005 0.008
1219.4 1.0 1.0 1.0 1.546 0.559 0.36 0.614 1.452 0.01 0.018 0.005 0.008
1219.5 1.0 1.0 1.0 1.546 0.559 0.36 0.614 1.452 0.01 0.018 0.005 0.008
1219.6 1.0 1.0 1.0 1.546 0.559 0.36 0.614 1.452 0.01 0.018 0.005 0.008
1219.7 1.0 1.0 1.0 1.546 0.559 0.36 0.614 1.452 0.01 0.018 0.005 0.008
1219.8 1.0 1.0 1.0 1.546 0.559 0.36 0.614 1.452 0.01 0.018 0.005 0.008
1219.9 1.0 1.0 1.0 1.546 0.559 0.36 0.614 1.452 0.01 0.018 0.005 0.008
1220.0 1.0 1.0 1.0 1.546 0.559 0.36 0.614 1.452 0.01 0.018 0.005 0.008
1220.1 1.0 1.0 1.0 1.546 0.559 0.36 0.614 1.452 0.01 0.018 0.005 0.008
1220.2 1.0 1.0 1.0 1.546 0.559 0.36 0.614 1.452 0.01 0.018 0.005 0.008
1220.3 1.0 1.0 1.0 1.546 0.559 0.36 0.614 1.452 0.01 0.018 0.005 0.008
1220.4 1.0 1.0 1.0 1.546 0.559 0.36 0.614 1.452 0.01 0.018 0.005 0.008
1220.5 1.0 1.0 1.0 1.546 0.559 0.36 0.614 1.452 0.01 0.018 0.005 0.008
1220.6 1.0 1.0 1.0 1.546 0.559 0.36 0.614 1.452 0.01 0.018 0.005 0.008
1220.7 1.0 1.0 1.0 1.546 0.559 0.36 0.614 1.452 0.01 0.018 0.005 0.008
1220.8 1.0 1.0 1.0 1.546 0.559 0.36 0.614 1.452 0.01 0.018 0.005 0.008
1220.9 1.0 1.0 1.0 1.546 0.559 0.36 0.614 1.452 0.01 0.018 0.005 0.008
1221.0 1.0 1.0 1.0 1.546 0.559 0.36 0.614 1.452 0.01 0.018 0.005 0.008
1221.1 1.0 1.0 1.0 1.546 0.559 0.36 0.614 1.452 0.01 0.018 0.005 0.008
1221.2 1.0 1.0 1.0 1.546 0.559 0.36 0.614 1.452 0.01 0.018 0.005 0.008
1221.3 1.0 1.0 1.0 1.546 0.559 0.36 0.614 1.452 0.01 0.018 0.005 0.008
1221.4 1.0 1.0 1.0 1.546 0.559 0.36 0.614 1.452 0.01 0.018 0.005 0.008
1221.5 1.0 1.0 1.0 1.546 0.559 0.36 0.614 1.452 0.01 0.018 0.005 0.008
1221.6 1.0 1.0 1.0 1.546 0.559 0.36 0.614 1.452 0.01 0.018 0.005 0.008
1221.7 1.0 1.0 1.0 1.546 0.559 0.36 0.614 1.452 0.01 0.018 0.005 0.008
1221.8 1.0 1.0 1.0 1.546 0.559 0.36 0.614 1.452 0.01 0.018 0.005 0.008
1221.9 1.0 1.0 1.0 1.546 0.559 0.36 0.614 1.452 0.01 0.018 0.005 0.008
1222.0 1.0 1.0 1.0 1.546 0.559 0.36 0.614 1.452 0.01 0.018 0.005 0.008
1222.1 1.0 1.0 1.0 1.546 0.559 0.36 0.614 1.452 0.01 0.018 0.005 0.008
1222.2 1.0 1.0 1.0 1.546 0.559 0.36 0.614 1.452 0.01 0.018 0.005 0.008
1222.3 1.0 1.0 1.0 1.546 0.559 0.36 0.614 1.452 0.01 0.018 0.005 0.008
1222.4 1.0 1.0 1.0 1.546 0.559 0.36 0.614 1.452 0.01 0.018 0.005 0.008
1222.5 1.0 1.0 1.0 1.546 0.559 0.36 0.614 1.452 0.01 0.018 0.005 0.008
1222.6 1.0 1.0 1.0 1.546 0.559 0.36 0.614 1.452 0.01 0.018 0.005 0.008
1222.7 1.0 1.0 1.0 1.546 0.559 0.36 0.614 1.452 0.01 0.018 0.005 0.008
1222.8 1.0 1.0 1.0 1.546 0.559 0.36 0.614 1.452 0.01 0.018 0.005 0.008
1222.9 1.0 1.0 1.0 1.546 0.559 0.36 0.614 1.452 0.01 0.018 0.005 0.008
1223.0 1.0 1.0 1.0 1.546 0.559 0.36 0.614 1.452 0.01 0.018 0.005 0.008
1223.1 1.0 1.0 1.0 1.546 0.559 0.36 0.614 1.452 0.01 0.018 0.005 0.008
1223.2 1.0 1.0 1.0 1.546 0.559 0.36 0.614 1.452 0.01 0.018 0.005 0.008
1223.3 1.0 1.0 1.0 1.546 0.559 0.36 0.614 1.452 0.01 0.018 0.005 0.008
1223.4 1.0 1.0 1.0 1.546 0.559 0.36 0.614 1.452 0.01 0.018 0.005 0.008
1223.5 1.0 1.0 1.0 1.546 0.559 0.36 0.614 1.452 0.01 0.018 0.005 0.008
1223.6 1.0 1.0 1.0 1.546 0.559 0.36 0.614 1.452 0.01 0.018 0.005 0.008
1223.7 1.0 1.0 1.0 1.546 0.559 0.36 0.614 1.452 0.01 0.018 0.005 0.008
1223.8 1.0 1.0 1.0 1.546 0.559 0.36 0.614 1.452 0.01 0.018 0.005 0.008
1223.9 1.0 1.0 1.0 1.546 0.559 0.36 0.614 1.452 0.01 0.018 0.005 0.008
1224.0 1.0 1.0 1.0 1.546 0.559 0.36 0.614 1.452 0.01 0.018 0.005 0.008
1224.1 1.0 1.0 1.0 1.546 0.559 0.36 0.614 1.452 0.01 0.018 0.005 0.008
1224.2 1.0 1.0 1.0 1.546 0.559 0.36 0.614 1.452 0.01 0.018 0.005 0.008
1224.3 1.0 1.0 1.0 1.546 0.559 0.36 0.614 1.452 0.01 0.018 0.005 0.008
1224.4 1.0 1.0 1.0 1.546 0.559 0.36 0.614 1.452 0.01 0.018 0.005 0.008
1224.5 1.0 1.0 1.0 1.546 0.559 0.36 0.614 1.452 0.01 0.018 0.005 0.008
1224.6 1.0 1.0 1.0 1.546 0.559 0.36 0.614 1.452 0.01 0.018 0.005 0.008
1224.7 1.0 1.0 1.0 1.546 0.559 0.36 0.614 1.452 0.01 0.018 0.005 0.008
1224.8 1.0 1.0 1.0 1.546 0.559 0.36 0.614 1.452 0.01 0.018 0.005 0.008
1224.9 1.0 1.0 1.0 1.546 0.559 0.36 0.614 1.452 0.01 0.018 0.005 0.008
1225.0 1.0 1.0 1.0 1.546 0.559 0.36 0.614 1.452 0.01 0.018 0.005 0.008
1225.1 1.0 1.0 1.0 1.546 0.559 0.36 0.614 1.452 0.01 0.018 0.005 0.008
1225.2 1.0 1.0 1.0 1.546 0.559 0.36 0.614 1.452 0.01 0.018 0.005 0.008
1225.3 1.0 1.0 1.0 1.546 0.559 0.36 0.614 1.452 0.01 0.018 0.005 0.008
1225.4 1.0 1.0 1.0 1.546 0.559 0.36 0.614 1.452 0.01 0.018 0.005 0.008
1225.5 1.0 1.0 1.0 1.546 0.559 0.36 0.614 1.452 0.01 0.018 0.005 0.008
1225.6 1.0 1.0 1.0 1.546 0.559 0.36 0.614 1.452 0.01 0.018 0.005 0.008
1225.7 1.0 1.0 1.0 1.546 0.559 0.36 0.614 1.452 0.01 0.018 0.005 0.008
1225.8 1.0 1.0 1.0 1.546 0.559 0.36 0.614 1.452 0.01 0.018 0.005 0.008
1225.9 1.0 1.0 1.0 1.546 0.559 0.36 0.614 1.452 0.01 0.018 0.005 0.008
1226.0 1.0 1.0 1.0 1.546 0.559 0.36 0.614 1.452 0.01 0.018 0.005 0.008
1226.1 1.0 1.0 1.0 1.546 0.559 0.36 0.614 1.452 0.01 0.018 0.005 0.008
1226.2 1.0 1.0 1.0 1.546 0.559 0.36 0.614 1.452 0.01 0.018 0.005 0.008
1226.3 1.0 1.0 1.0 1.546 0.559 0.36 0.614 1.452 0.01 0.018 0.005 0.008
1226.4 1.0 1.0 1.0 1.546 0.559 0.36 0.614 1.452 0.01 0.018 0.005 0.008
1226.5 1.0 1.0 1.0 1.546 0.559 0.36 0.614 1.452 0.01 0.018 0.005 0.008
1226.6 1.0 1.0 1.0 1.546 0.559 0.36 0.614 1.452 0.01 0.018 0.005 0.008
1226.7 1.0 1.0 1.0 1.546 0.559 0.36 0.614 1.452 0.01 0.018 0.005 0.008
1226.8 1.0 1.0 1.0 1.546 0.559 0.36 0.614 1.452 0.01 0.018 0.005 0.008
1226.9 1.0 1.0 1.0 1.546 0.559 0.36 0.614 1.452 0.01 0.018 0.005 0.008
1227.0 1.0 1.0 1.0 1.546 0.559 0.36 0.614 1.452 0.01 0.018 0.005 0.008
1227.1 1.0 1.0 1.0 1.546 0.559 0.36 0.614 1.452 0.01 0.018 0.005 0.008
1227.2 1.0 1.0 1.0 1.546 0.559 0.36 0.614 1.452 0.01 0.018 0.005 0.008
1227.3 1.0 1.0 1.0 1.546 0.559 0.36 0.614 1.452 0.01 0.018 0.005 0.008
1227.4 1.0 1.0 1.0 1.546 0.559 0.36 0.614 1.452 0.01 0.018 0.005 0.008
1227.5 1.0 1.0 1.0 1.546 0.559 0.36 0.614 1.452 0.01 0.018 0.005 0.008
1227.6 1.0 1.0 1.0 1.546 0.559 0.36 0.614 1.452 0.01 0.018 0.005 0.008
1227.7 1.0 1.0 1.0 1.546 0.559 0.36 0.614 1.452 0.01 0.018 0.005 0.008
1227.8 1.0 1.0 1.0 1.546 0.559 0.36 0.614 1.452 0.01 0.018 0.005 0.008
1227.9 1.0 1.0 1.0 1.546 0.559 0.36 0.614 1.452 0.01 0.018 0.005 0.008
1228.0 1.0 1.0 1.0 1.546 0.559 0.36 0.614 1.452 0.01 0.018 0.005 0.008
1228.1 1.0 1.0 1.0 1.546 0.559 0.36 0.614 1.452 0.01 0.018 0.005 0.008
1228.2 1.0 1.0 1.0 1.546 0.559 0.36 0.614 1.452 0.01 0.018 0.005 0.008
1228.3 1.0 1.0 1.0 1.546 0.559 0.36 0.614 1.452 0.01 0.018 0.005 0.008
1228.4 1.0 1.0 1.0 1.546 0.559 0.36 0.614 1.452 0.01 0.018 0.005 0.008
1228.5 1.0 1.0 1.0 1.546 0.559 0.36 0.614 1.452 0.01 0.018 0.005 0.008
1228.6 1.0 1.0 1.0 1.546 0.559 0.36 0.614 1.452 0.01 0.018 0.005 0.008
1228.7 1.0 1.0 1.0 1.546 0.559 0.36 0.614 1.452 0.01 0.018 0.005 0.008
1228.8 1.0 1.0 1.0 1.546 0.559 0.36 0.614 1.452 0.01 0.018 0.005 0.008
1228.9 1.0 1.0 1.0 1.546 0.559 0.36 0.614 1.452 0.01 0.018 0.005 0.008
1229.0 1.0 1.0 1.0 1.546 0.559 0.36 0.614 1.452 0.01 0.018 0.005 0.008
1229.1 1.0 1.0 1.0 1.546 0.559 0.36 0.614 1.452 0.01 0.018 0.005 0.008
1229.2 1.0 1.0 1.0 1.546 0.559 0.36 0.614 1.452 0.01 0.018 0.005 0.008
1229.3 1.0 1.0 1.0 1.546 0.559 0.36 0.614 1.452 0.01 0.018 0.005 0.008
1229.4 1.0 1.0 1.0 1.546 0.559 0.36 0.614 1.452 0.01 0.018 0.005 0.008
1229.5 1.0 1.0 1.0 1.546 0.559 0.36 0.614 1.452 0.01 0.018 0.005 0.008
1229.6 1.0 1.0 1.0 1.546 0.559 0.36 0.614 1.452 0.01 0.018 0.005 0.008
1229.7 1.0 1.0 1.0 1.546 0.559 0.36 0.614 1.452 0.01 0.018 0.005 0.008
1229.8 1.0 1.0 1.0 1.546 0.559 0.36 0.614 1.452 0.01 0.018 0.005 0.008
1229.9 1.0 1.0 1.0 1.546 0.559 0.36 0.614 1.452 0.01 0.018 0.005 0.008
1230.0 1.0 1.0 1.0 1.546 0.559 0.36 0.614 1.452 0.01 0.018 0.005 0.008
1230.1 1.0 1.0 1.0 1.546 0.559 0.36 0.614 1.452 0.01 0.018 0.005 0.008
1230.2 1.0 1.0 1.0 1.546 0.559 0.36 0.614 1.452 0.01 0.018 0.005 0.008
1230.3 1.0 1.0 1.0 1.546 0.559 0.36 0.614 1.452 0.01 0.018 0.005 0.008
1230.4 1.0 1.0 1.0 1.546 0.559 0.36 0.614 1.452 0.01 0.018 0.005 0.008
1230.5 1.0 1.0 1.0 1.546 0.559 0.36 0.614 1.452 0.01 0.018 0.005 0.008
1230.6 1.0 1.0 1.0 1.546 0.559 0.36 0.614 1.452 0.01 0.018 0.005 0.008
1230.7 1.0 1.0 1.0 1.546 0.559 0.36 0.614 1.452 0.01 0.018 0.005 0.008
1230.8 1.0 1.0 1.0 1.546 0.559 0.36 0.614 1.452 0.01 0.018 0.005 0.008
1230.9 1.0 1.0 1.0 1.546 0.559 0.36 0.614 1.452 0.01 0.018 0.005 0.008
1231.0 1.0 1.0 1.0 1.546 0.559 0.36 0.614 1.452 0.01 0.018 0.005 0.008
1231.1 1.0 1.0 1.0 1.546 0.559 0.36 0.614 1.452 0.01 0.018 0.005 0.008
1231.2 1.0 1.0 1.0 1.546 0.559 0.36 0.614 1.452 0.01 0.018 0.005 0.008
1231.3 1.0 1.0 1.0 1.546 0.559 0.36 0.614 1.452 0.01 0.018 0.005 0.008
1231.4 1.0 1.0 1.0 1.546 0.559 0.36 0.614 1.452 0.01 0.018 0.005 0.008
1231.5 1.0 1.0 1.0 1.546 0.559 0.36 0.614 1.452 0.01 0.018 0.005 0.008
1231.6 1.0 1.0 1.0 1.546 0.559 0.36 0.614 1.452 0.01 0.018 0.005 0.008
1231.7 1.0 1.0 1.0 1.546 0.559 0.36 0.614 1.452 0.01 0.018 0.005 0.008
1231.8 1.0 1.0 1.0 1.546 0.559 0.36 0.614 1.452 0.01 0.018 0.005 0.008
1231.9 1.0 1.0 1.0 1.546 0.559 0.36 0.614 1.452 0.01 0.018 0.005 0.008
1232.0 1.0 1.0 1.0 1.546 0.559 0.36 0.614 1.452 0.01 0.018 0.005 0.008
1232.1 1.0 1.0 1.0 1.546 0.559 0.36 0.614 1.452 0.01 0.018 0.005 0.008
1232.2 1.0 1.0 1.0 1.546 0.559 0.36 0.614 1.452 0.01 0.018 0.005 0.008
1232.3 1.0 1.0 1.0 1.546 0.559 0.36 0.614 1.452 0.01 0.018 0.005 0.008
1232.4 1.0 1.0 1.0 1.546 0.559 0.36 0.614 1.452 0.01 0.018 0.005 0.008
1232.5 1.0 1.0 1.0 1.546 0.559 0.36 0.614 1.452 0.01 0.018 0.005 0.008
1232.6 1.0 1.0 1.0 1.546 0.559 0.36 0.614 1.452 0.01 0.018 0.005 0.008
1232.7 1.0 1.0 1.0 1.546 0.559 0.36 0.614 1.452 0.01 0.018 0.005 0.008
1232.8 1.0 1.0 1.0 1.546 0.559 0.36 0.614 1.452 0.01 0.018 0.005 0.008
1232.9 1.0 1.0 1.0 1.546 0.559 0.36 0.614 1.452 0.01 0.018 0.005 0.008
1233.0 1.0 1.0 1.0 1.546 0.559 0.36 0.614 1.452 0.01 0.018 0.005 0.008
1233.1 1.0 1.0 1.0 1.546 0.559 0.36 0.614 1.452 0.01 0.018 0.005 0.008
1233.2 1.0 1.0 1.0 1.546 0.559 0.36 0.614 1.452 0.01 0.018 0.005 0.008
1233.3 1.0 1.0 1.0 1.546 0.559 0.36 0.614 1.452 0.01 0.018 0.005 0.008
1233.4 1.0 1.0 1.0 1.546 0.559 0.36 0.614 1.452 0.01 0.018 0.005 0.008
1233.5 1.0 1.0 1.0 1.546 0.559 0.36 0.614 1.452 0.01 0.018 0.005 0.008
1233.6 1.0 1.0 1.0 1.546 0.559 0.36 0.614 1.452 0.01 0.018 0.005 0.008
1233.7 1.0 1.0 1.0 1.546 0.559 0.36 0.614 1.452 0.01 0.018 0.005 0.008
1233.8 1.0 1.0 1.0 1.546 0.559 0.36 0.614 1.452 0.01 0.018 0.005 0.008
1233.9 1.0 1.0 1.0 1.546 0.559 0.36 0.614 1.452 0.01 0.018 0.005 0.008
1234.0 1.0 1.0 1.0 1.546 0.559 0.36 0.614 1.452 0.01 0.018 0.005 0.008
1234.1 1.0 1.0 1.0 1.546 0.559 0.36 0.614 1.452 0.01 0.018 0.005 0.008
1234.2 1.0 1.0 1.0 1.546 0.559 0.36 0.614 1.452 0.01 0.018 0.005 0.008
1234.3 1.0 1.0 1.0 1.546 0.559 0.36 0.614 1.452 0.01 0.018 0.005 0.008
1234.4 1.0 1.0 1.0 1.546 0.559 0.36 0.614 1.452 0.01 0.018 0.005 0.008
1234.5 1.0 1.0 1.0 1.546 0.559 0.36 0.614 1.452 0.01 0.018 0.005 0.008
1234.6 1.0 1.0 1.0 1.546 0.559 0.36 0.614 1.452 0.01 0.018 0.005 0.008
1234.7 1.0 1.0 1.0 1.546 0.559 0.36 0.614 1.452 0.01 0.018 0.005 0.008
1234.8 1.0 1.0 1.0 1.546 0.559 0.36 0.614 1.452 0.01 0.018 0.005 0.008
1234.9 1.0 1.0 1.0 1.546 0.559 0.36 0.614 1.452 0.01 0.018 0.005 0.008
1235.0 1.0 1.0 1.0 1.546 0.559 0.36 0.614 1.452 0.01 0.018 0.005 0.008
1235.1 1.0 1.0 1.0 1.546 0.559 0.36 0.614 1.452 0.01 0.018 0.005 0.008
1235.2 1.0 1.0 1.0 1.546 0.559 0.36 0.614 1.452 0.01 0.018 0.005 0.008
1235.3 1.0 1.0 1.0 1.546 0.559 0.36 0.614 1.452 0.01 0.018 0.005 0.008
1235.4 1.0 1.0 1.0 1.546 0.559 0.36 0.614 1.452 0.01 0.018 0.005 0.008
1235.5 1.0 1.0 1.0 1.546 0.559 0.36 0.614 1.452 0.01 0.018 0.005 0.008
1235.6 1.0 1.0 1.0 1.546 0.559 0.36 0.614 1.452 0.01 0.018 0.005 0.008
1235.7 1.0 1.0 1.0 1.546 0.559 0.36 0.614 1.452 0.01 0.018 0.005 0.008
1235.8 1.0 1.0 1.0 1.546 0.559 0.36 0.614 1.452 0.01 0.018 0.005 0.008
1235.9 1.0 1.0 1.0 1.546 0.559 0.36 0.614 1.452 0.01 0.018 0.005 0.008
1236.0 1.0 1.0 1.0 1.546 0.559 0.36 0.614 1.452 0.01 0.018 0.005 0.008
1236.1 1.0 1.0 1.0 1.546 0.559 0.36 0.614 1.452 0.01 0.018 0.005 0.008
1236.2 1.0 1.0 1.0 1.546 0.559 0.36 0.614 1.452 0.01 0.018 0.005 0.008
1236.3 1.0 1.0 1.0 1.546 0.559 0.36 0.614 1.452 0.01 0.018 0.005 0.008
1236.4 1.0 1.0 1.0 1.546 0.559 0.36 0.614 1.452 0.01 0.018 0.005 0.008
1236.5 1.0 1.0 1.0 1.546 0.559 0.36 0.614 1.452 0.01 0.018 0.005 0.008
1236.6 1.0 1.0 1.0 1.546 0.559 0.36 0.614 1.452 0.01 0.018 0.005 0.008
1236.7 1.0 1.0 1.0 1.546 0.559 0.36 0.614 1.452 0.01 0.018 0.005 0.008
1236.8 1.0 1.0 1.0 1.546 0.559 0.36 0.614 1.452 0.01 0.018 0.005 0.008
1236.9 1.0 1.0 1.0 1.546 0.559 0.36 0.614 1.452 0.01 0.018 0.005 0.008
1237.0 1.0 1.0 1.0 1.546 0.559 0.36 0.614 1.452 0.01 0.018 0.005 0.008
1237.1 1.0 1.0 1.0 1.546 0.559 0.36 0.614 1.452 0.01 0.018 0.005 0.008
1237.2 1.0 1.0 1.0 1.546 0.559 0.36 0.614 1.452 0.01 0.018 0.005 0.008
1237.3 1.0 1.0 1.0 1.546 0.559 0.36 0.614 1.452 0.01 0.018 0.005 0.008
1237.4 1.0 1.0 1.0 1.546 0.559 0.36 0.614 1.452 0.01 0.018 0.005 0.008
1237.5 1.0 1.0 1.0 1.546 0.559 0.36 0.614 1.452 0.01 0.018 0.005 0.008
1237.6 1.0 1.0 1.0 1.546 0.559 0.36 0.614 1.452 0.01 0.018 0.005 0.008
1237.7 1.0 1.0 1.0 1.546 0.559 0.36 0.614 1.452 0.01 0.018 0.005 0.008
1237.8 1.0 1.0 1.0 1.546 0.559 0.36 0.614 1.452 0.01 0.018 0.005 0.008
1237.9 1.0 1.0 1.0 1.546 0.559 0.36 0.614 1.452 0.01 0.018 0.005 0.008
1238.0 1.0 1.0 1.0 1.546 0.559 0.36 0.614 1.452 0.01 0.018 0.005 0.008
1238.1 1.0 1.0 1.0 1.546 0.559 0.36 0.614 1.452 0.01 0.018 0.005 0.008
1238.2 1.0 1.0 1.0 1.546 0.559 0.36 0.614 1.452 0.01 0.018 0.005 0.008
1238.3 1.0 1.0 1.0 1.546 0.559 0.36 0.614 1.452 0.01 0.018 0.005 0.008
1238.4 1.0 1.0 1.0 1.546 0.559 0.36 0.614 1.452 0.01 0.018 0.005 0.008
1238.5 1.0 1.0 1.0 1.546 0.559 0.36 0.614 1.452 0.01 0.018 0.005 0.008
1238.6 1.0 1.0 1.0 1.546 0.559 0.36 0.614 1.452 0.01 0.018 0.005 0.008
1238.7 1.0 1.0 1.0 1.546 0.559 0.36 0.614 1.452 0.01 0.018 0.005 0.008
1238.8 1.0 1.0 1.0 1.546 0.559 0.36 0.614 1.452 0.01 0.018 0.005 0.008
1238.9 1.0 1.0 1.0 1.546 0.559 0.36 0.614 1.452 0.01 0.018 0.005 0.008
1239.0 1.0 1.0 1.0 1.546 0.559 0.36 0.614 1.452 0.01 0.018 0.005 0.008
1239.1 1.0 1.0 1.0 1.546 0.559 0.36 0.614 1.452 0.01 0.018 0.005 0.008
1239.2 1.0 1.0 1.0 1.546 0.559 0.36 0.614 1.452 0.01 0.018 0.005 0.008
1239.3 1.0 1.0 1.0 1.546 0.559 0.36 0.614 1.452 0.01 0.018 0.005 0.008
1239.4 1.0 1.0 1.0 1.546 0.559 0.36 0.614 1.452 0.01 0.018 0.005 0.008
1239.5 1.0 1.0 1.0 1.546 0.559 0.36 0.614 1.452 0.01 0.018 0.005 0.008
1239.6 1.0 1.0 1.0 1.546 0.559 0.36 0.614 1.452 0.01 0.018 0.005 0.008
1239.7 1.0 1.0 1.0 1.546 0.559 0.36 0.614 1.452 0.01 0.018 0.005 0.008
1239.8 1.0 1.0 1.0 1.546 0.559 0.36 0.614 1.452 0.01 0.018 0.005 0.008
1239.9 1.0 1.0 1.0 1.546 0.559 0.36 0.614 1.452 0.01 0.018 0.005 0.008
1240.0 1.0 1.0 1.0 1.546 0.559 0.36 0.614 1.452 0.01 0.018 0.005 0.008
1240.1 1.0 1.0 1.0 1.546 0.559 0.36 0.614 1.452 0.01 0.018 0.005 0.008
1240.2 1.0 1.0 1.0 1.546 0.559 0.36 0.614 1.452 0.01 0.018 0.005 0.008
1240.3 1.0 1.0 1.0 1.546 0.559 0.36 0.614 1.452 0.01 0.018 0.005 0.008
1240.4 1.0 1.0 1.0 1.546 0.559 0.36 0.614 1.452 0.01 0.018 0.005 0.008
1240.5 1.0 1.0 1.0 1.546 0.559 0.36 0.614 1.452 0.01 0.018 0.005 0.008
1240.6 1.0 1.0 1.0 1.546 0.559 0.36 0.614 1.452 0.01 0.018 0.005 0.008
1240.7 1.0 1.0 1.0 1.546 0.559 0.36 0.614 1.452 0.01 0.018 0.005 0.008
1240.8 1.0 1.0 1.0 1.546 0.559 0.36 0.614 1.452 0.01 0.018 0.005 0.008
1240.9 1.0 1.0 1.0 1.546 0.559 0.36 0.614 1.452 0.01 0.018 0.005 0.008
1241.0 1.0 1.0 1.0 1.546 0.559 0.36 0.614 1.452 0.01 0.018 0.005 0.008
1241.1 1.0 1.0 1.0 1.546 0.559 0.36 0.614 1.452 0.01 0.018 0.005 0.008
1241.2 1.0 1.0 1.0 1.546 0.559 0.36 0.614 1.452 0.01 0.018 0.005 0.008
1241.3 1.0 1.0 1.0 1.546 0.559 0.36 0.614 1.452 0.01 0.018 0.005 0.008
1241.4 1.0 1.0 1.0 1.546 0.559 0.36 0.614 1.452 0.01 0.018 0.005 0.008
1241.5 1.0 1.0 1.0 1.546 0.559 0.36 0.614 1.452 0.01 0.018 0.005 0.008
1241.6 1.0 1.0 1.0 1.546 0.559 0.36 0.614 1.452 0.01 0.018 0.005 0.008
1241.7 1.0 1.0 1.0 1.546 0.559 0.36 0.614 1.452 0.01 0.018 0.005 0.008
1241.8 1.0 1.0 1.0 1.546 0.559 0.36 0.614 1.452 0.01 0.018 0.005 0.008
1241.9 1.0 1.0 1.0 1.546 0.559 0.36 0.614 1.452 0.01 0.018 0.005 0.008
1242.0 1.0 1.0 1.0 1.546 0.559 0.36 0.614 1.452 0.01 0.018 0.005 0.008
1242.1 1.0 1.0 1.0 1.546 0.559 0.36 0.614 1.452 0.01 0.018 0.005 0.008
1242.2 1.0 1.0 1.0 1.546 0.559 0.36 0.614 1.452 0.01 0.018 0.005 0.008
1242.3 1.0 1.0 1.0 1.546 0.559 0.36 0.614 1.452 0.01 0.018 0.005 0.008
1242.4 1.0 1.0 1.0 1.546 0.559 0.36 0.614 1.452 0.01 0.018 0.005 0.008
1242.5 1.0 1.0 1.0 1.546 0.559 0.36 0.614 1.452 0.01 0.018 0.005 0.008
1242.6 1.0 1.0 1.0 1.546 0.559 0.36 0.614 1.452 0.01 0.018 0.005 0.008
1242.7 1.0 1.0 1.0 1.546 0.559 0.36 0.614 1.452 0.01 0.018 0.005 0.008
1242.8 1.0 1.0 1.0 1.546 0.559 0.36 0.614 1.452 0.01 0.018 0.005 0.008
1242.9 1.0 1.0 1.0 1.546 0.559 0.36 0.614 1.452 0.01 0.018 0.005 0.008
1243.0 1.0 1.0 1.0 1.546 0.559 0.36 0.614 1.452 0.01 0.018 0.005 0.008
1243.1 1.0 1.0 1.0 1.546 0.559 0.36 0.614 1.452 0.01 0.018 0.005 0.008
1243.2 1.0 1.0 1.0 1.546 0.559 0.36 0.614 1.452 0.01 0.018 0.005 0.008
1243.3 1.0 1.0 1.0 1.546 0.559 0.36 0.614 1.452 0.01 0.018 0.005 0.008
1243.4 1.0 1.0 1.0 1.546 0.559 0.36 0.614 1.452 0.01 0.018 0.005 0.008
1243.5 1.0 1.0 1.0 1.546 0.559 0.36 0.614 1.452 0.01 0.018 0.005 0.008
1243.6 1.0 1.0 1.0 1.546 0.559 0.36 0.614 1.452 0.01 0.018 0.005 0.008
1243.7 1.0 1.0 1.0 1.546 0.559 0.36 0.614 1.452 0.01 0.018 0.005 0.008
1243.8 1.0 1.0 1.0 1.546 0.559 0.36 0.614 1.452 0.01 0.018 0.005 0.008
1243.9 1.0 1.0 1.0 1.546 0.559 0.36 0.614 1.452 0.01 0.018 0.005 0.008
1244.0 1.0 1.0 1.0 1.546 0.559 0.36 0.614 1.452 0.01 0.018 0.005 0.008
1244.1 1.0 1.0 1.0 1.546 0.559 0.36 0.614 1.452 0.01 0.018 0.005 0.008
1244.2 1.0 1.0 1.0 1.546 0.559 0.36 0.614 1.452 0.01 0.018 0.005 0.008
1244.3 1.0 1.0 1.0 1.546 0.559 0.36 0.614 1.452 0.01 0.018 0.005 0.008
1244.4 1.0 1.0 1.0 1.546 0.559 0.36 0.614 1.452 0.01 0.018 0.005 0.008
1244.5 1.0 1.0 1.0 1.546 0.559 0.36 0.614 1.452 0.01 0.018 0.005 0.008
1244.6 1.0 1.0 1.0 1.546 0.559 0.36 0.614 1.452 0.01 0.018 0.005 0.008
1244.7 1.0 1.0 1.0 1.546 0.559 0.36 0.614 1.452 0.01 0.018 0.005 0.008
1244.8 1.0 1.0 1.0 1.546 0.559 0.36 0.614 1.452 0.01 0.018 0.005 0.008
1244.9 1.0 1.0 1.0 1.546 0.559 0.36 0.614 1.452 0.01 0.018 0.005 0.008
1245.0 1.0 1.0 1.0 1.546 0.559 0.36 0.614 1.452 0.01 0.018 0.005 0.008
1245.1 1.0 1.0 1.0 1.546 0.559 0.36 0.614 1.452 0.01 0.018 0.005 0.008
1245.2 1.0 1.0 1.0 1.546 0.559 0.36 0.614 1.452 0.01 0.018 0.005 0.008
1245.3 1.0 1.0 1.0 1.546 0.559 0.36 0.614 1.452 0.01 0.018 0.005 0.008
1245.4 1.0 1.0 1.0 1.546 0.559 0.36 0.614 1.452 0.01 0.018 0.005 0.008
1245.5 1.0 1.0 1.0 1.546 0.559 0.36 0.614 1.452 0.01 0.018 0.005 0.008
1245.6 1.0 1.0 1.0 1.546 0.559 0.36 0.614 1.452 0.01 0.018 0.005 0.008
1245.7 1.0 1.0 1.0 1.546 0.559 0.36 0.614 1.452 0.01 0.018 0.005 0.008
1245.8 1.0 1.0 1.0 1.546 0.559 0.36 0.614 1.452 0.01 0.018 0.005 0.008
1245.9 1.0 1.0 1.0 1.546 0.559 0.36 0.614 1.452 0.01 0.018 0.005 0.008
1246.0 1.0 1.0 1.0 1.546 0.559 0.36 0.614 1.452 0.01 0.018 0.005 0.008
1246.1 1.0 1.0 1.0 1.546 0.559 0.36 0.614 1.452 0.01 0.018 0.005 0.008
1246.2 1.0 1.0 1.0 1.546 0.559 0.36 0.614 1.452 0.01 0.018 0.005 0.008
1246.3 1.0 1.0 1.0 1.546 0.559 0.36 0.614 1.452 0.01 0.018 0.005 0.008
1246.4 1.0 1.0 1.0 1.546 0.559 0.36 0.614 1.452 0.01 0.018 0.005 0.008
1246.5 1.0 1.0 1.0 1.546 0.559 0.36 0.614 1.452 0.01 0.018 0.005 0.008
1246.6 1.0 1.0 1.0 1.546 0.559 0.36 0.614 1.452 0.01 0.018 0.005 0.008
1246.7 1.0 1.0 1.0 1.546 0.559 0.36 0.614 1.452 0.01 0.018 0.005 0.008
1246.8 1.0 1.0 1.0 1.546 0.559 0.36 0.614 1.452 0.01 0.018 0.005 0.008
1246.9 1.0 1.0 1.0 1.546 0.559 0.36 0.614 1.452 0.01 0.018 0.005 0.008
1247.0 1.0 1.0 1.0 1.546 0.559 0.36 0.614 1.452 0.01 0.018 0.005 0.008
1247.1 1.0 1.0 1.0 1.546 0.559 0.36 0.614 1.452 0.01 0.018 0.005 0.008
1247.2 1.0 1.0 1.0 1.546 0.559 0.36 0.614 1.452 0.01 0.018 0.005 0.008
1247.3 1.0 1.0 1.0 1.546 0.559 0.36 0.614 1.452 0.01 0.018 0.005 0.008
1247.4 1.0 1.0 1.0 1.546 0.559 0.36 0.614 1.452 0.01 0.018 0.005 0.008
1247.5 1.0 1.0 1.0 1.546 0.559 0.36 0.614 1.452 0.01 0.018 0.005 0.008
1247.6 1.0 1.0 1.0 1.546 0.559 0.36 0.614 1.452 0.01 0.018 0.005 0.008
1247.7 1.0 1.0 1.0 1.546 0.559 0.36 0.614 1.452 0.01 0.018 0.005 0.008
1247.8 1.0 1.0 1.0 1.546 0.559 0.36 0.614 1.452 0.01 0.018 0.005 0.008
1247.9 1.0 1.0 1.0 1.546 0.559 0.36 0.614 1.452 0.01 0.018 0.005 0.008
1248.0 1.0 1.0 1.0 1.546 0.559 0.36 0.614 1.452 0.01 0.018 0.005 0.008
1248.1 1.0 1.0 1.0 1.546 0.559 0.36 0.614 1.452 0.01 0.018 0.005 0.008
1248.2 1.0 1.0 1.0 1.546 0.559 0.36 0.614 1.452 0.01 0.018 0.005 0.008
1248.3 1.0 1.0 1.0 1.546 0.559 0.36 0.614 1.452 0.01 0.018 0.005 0.008
1248.4 1.0 1.0 1.0 1.546 0.559 0.36 0.614 1.452 0.01 0.018 0.005 0.008
1248.5 1.0 1.0 1.0 1.546 0.559 0.36 0.614 1.452 0.01 0.018 0.005 0.008
1248.6 1.0 1.0 1.0 1.546 0.559 0.36 0.614 1.452 0.01 0.018 0.005 0.008
1248.7 1.0 1.0 1.0 1.546 0.559 0.36 0.614 1.452 0.01 0.018 0.005 0.008
1248.8 1.0 1.0 1.0 1.546 0.559 0.36 0.614 1.452 0.01 0.018 0.005 0.008
1248.9 1.0 1.0 1.0 1.546 0.559 0.36 0.614 1.452 0.01 0.018 0.005 0.008
1249.0 1.0 1.0 1.0 1.546 0.559 0.36 0.614 1.452 0.01 0.018 0.005 0.008
1249.1 1.0 1.0 1.0 1.546 0.559 0.36 0.614 1.452 0.01 0.018 0.005 0.008
1249.2 1.0 1.0 1.0 1.546 0.559 0.36 0.614 1.452 0.01 0.018 0.005 0.008
1249.3 1.0 1.0 1.0 1.546 0.559 0.36 0.614 1.452 0.01 0.018 0.005 0.008
1249.4 1.0 1.0 1.0 1.546 0.559 0.36 0.614 1.452 0.01 0.018 0.005 0.008
1249.5 1.0 1.0 1.0 1.546 0.559 0.36 0.614 1.452 0.01 0.018 0.005 0.008
1249.6 1.0 1.0 1.0 1.546 0.559 0.36 0.614 1.452 0.01 0.018 0.005 0.008
1249.7 1.0 1.0 1.0 1.546 0.559 0.36 0.614 1.452 0.01 0.018 0.005 0.008
1249.8 1.0 1.0 1.0 1.546 0.559 0.36 0.614 1.452 0.01 0.018 0.005 0.008
1249.9 1.0 1.0 1.0 1.546 0.559 0.36 0.614 1.452 0.01 0.018 0.005 0.008
1250.0 1.0 1.0 1.0 1.546 0.559 0.36 0.614 1.452 0.01 0.018 0.005 0.008
1250.1 1.0 1.0 1.0 1.546 0.559 0.36 0.614 1.452 0.01 0.018 0.005 0.008
1250.2 1.0 1.0 1.0 1.546 0.559 0.36 0.614 1.452 0.01 0.018 0.005 0.008
1250.3 1.0 1.0 1.0 1.546 0.559 0.36 0.614 1.452 0.01 0.018 0.005 0.008
1250.4 1.0 1.0 1.0 1.546 0.559 0.36 0.614 1.452 0.01 0.018 0.005 0.008
1250.5 1.0 1.0 1.0 1.546 0.559 0.36 0.614 1.452 0.01 0.018 0.005 0.008
1250.6 1.0 1.0 1.0 1.546 0.559 0.36 0.614 1.452 0.01 0.018 0.005 0.008
1250.7 1.0 1.0 1.0 1.546 0.559 0.36 0.614 1.452 0.01 0.018 0.005 0.008
1250.8 1.0 1.0 1.0 1.546 0.559 0.36 0.614 1.452 0.01 0.018 0.005 0.008
1250.9 1.0 1.0 1.0 1.546 0.559 0.36 0.614 1.452 0.01 0.018 0.005 0.008
1251.0 1.0 1.0 1.0 1.546 0.559 0.36 0.614 1.452 0.01 0.018 0.005 0.008
1251.1 1.0 1.0 1.0 1.546 0.559 0.36 0.614 1.452 0.01 0.018 0.005 0.008
1251.2 1.0 1.0 1.0 1.546 0.559 0.36 0.614 1.452 0.01 0.018 0.005 0.008
1251.3 1.0 1.0 1.0 1.546 0.559 0.36 0.614 1.452 0.01 0.018 0.005 0.008
1251.4 1.0 1.0 1.0 1.546 0.559 0.36 0.614 1.452 0.01 0.018 0.005 0.008
1251.5 1.0 1.0 1.0 1.546 0.559 0.36 0.614 1.452 0.01 0.018 0.005 0.008
1251.6 1.0 1.0 1.0 1.546 0.559 0.36 0.614 1.452 0.01 0.018 0.005 0.008
1251.7 1.0 1.0 1.0 1.546 0.559 0.36 0.614 1.452 0.01 0.018 0.005 0.008
1251.8 1.0 1.0 1.0 1.546 0.559 0.36 0.614 1.452 0.01 0.018 0.005 0.008
1251.9 1.0 1.0 1.0 1.546 0.559 0.36 0.614 1.452 0.01 0.018 0.005 0.008
1252.0 1.0 1.0 1.0 1.546 0.559 0.36 0.614 1.452 0.01 0.018 0.005 0.008
1252.1 1.0 1.0 1.0 1.546 0.559 0.36 0.614 1.452 0.01 0.018 0.005 0.008
1252.2 1.0 1.0 1.0 1.546 0.559 0.36 0.614 1.452 0.01 0.018 0.005 0.008
1252.3 1.0 1.0 1.0 1.546 0.559 0.36 0.614 1.452 0.01 0.018 0.005 0.008
1252.4 1.0 1.0 1.0 1.546 0.559 0.36 0.614 1.452 0.01 0.018 0.005 0.008
1252.5 1.0 1.0 1.0 1.546 0.559 0.36 0.614 1.452 0.01 0.018 0.005 0.008
1252.6 1.0 1.0 1.0 1.546 0.559 0.36 0.614 1.452 0.01 0.018 0.005 0.008
1252.7 1.0 1.0 1.0 1.546 0.559 0.36 0.614 1.452 0.01 0.018 0.005 0.008
1252.8 1.0 1.0 1.0 1.546 0.559 0.36 0.614 1.452 0.01 0.018 0.005 0.008
1252.9 1.0 1.0 1.0 1.546 0.559 0.36 0.614 1.452 0.01 0.018 0.005 0.008
1253.0 1.0 1.0 1.0 1.546 0.559 0.36 0.614 1.452 0.01 0.018 0.005 0.008
1253.1 1.0 1.0 1.0 1.546 0.559 0.36 0.614 1.452 0.01 0.018 0.005 0.008
1253.2 1.0 1.0 1.0 1.546 0.559 0.36 0.614 1.452 0.01 0.018 0.005 0.008
1253.3 1.0 1.0 1.0 1.546 0.559 0.36 0.614 1.452 0.01 0.018 0.005 0.008
1253.4 1.0 1.0 1.0 1.546 0.559 0.36 0.614 1.452 0.01 0.018 0.005 0.008
1253.5 1.0 1.0 1.0 1.546 0.559 0.36 0.614 1.452 0.01 0.018 0.005 0.008
1253.6 1.0 1.0 1.0 1.546 0.559 0.36 0.614 1.452 0.01 0.018 0.005 0.008
1253.7 1.0 1.0 1.0 1.546 0.559 0.36 0.614 1.452 0.01 0.018 0.005 0.008
1253.8 1.0 1.0 1.0 1.546 0.559 0.36 0.614 1.452 0.01 0.018 0.005 0.008
1253.9 1.0 1.0 1.0 1.546 0.559 0.36 0.614 1.452 0.01 0.018 0.005 0.008
1254.0 1.0 1.0 1.0 1.546 0.559 0.36 0.614 1.452 0.01 0.018 0.005 0.008
1254.1 1.0 1.0 1.0 1.546 0.559 0.36 0.614 1.452 0.01 0.018 0.005 0.008
1254.2 1.0 1.0 1.0 1.546 0.559 0.36 0.614 1.452 0.01 0.018 0.005 0.008
1254.3 1.0 1.0 1.0 1.546 0.559 0.36 0.614 1.452 0.01 0.018 0.005 0.008
1254.4 1.0 1.0 1.0 1.546 0.559 0.36 0.614 1.452 0.01 0.018 0.005 0.008
1254.5 1.0 1.0 1.0 1.546 0.559 0.36 0.614 1.452 0.01 0.018 0.005 0.008
1254.6 1.0 1.0 1.0 1.546 0.559 0.36 0.614 1.452 0.01 0.018 0.005 0.008
1254.7 1.0 1.0 1.0 1.546 0.559 0.36 0.614 1.452 0.01 0.018 0.005 0.008
1254.8 1.0 1.0 1.0 1.546 0.559 0.36 0.614 1.452 0.01 0.018 0.005 0.008
1254.9 1.0 1.0 1.0 1.546 0.559 0.36 0.614 1.452 0.01 0.018 0.005 0.008
1255.0 1.0 1.0 1.0 1.546 0.559 0.36 0.614 1.452 0.01 0.018 0.005 0.008
1255.1 1.0 1.0 1.0 1.546 0.559 0.36 0.614 1.452 0.01 0.018 0.005 0.008
1255.2 1.0 1.0 1.0 1.546 0.559 0.36 0.614 1.452 0.01 0.018 0.005 0.008
1255.3 1.0 1.0 1.0 1.546 0.559 0.36 0.614 1.452 0.01 0.018 0.005 0.008
1255.4 1.0 1.0 1.0 1.546 0.559 0.36 0.614 1.452 0.01 0.018 0.005 0.008
1255.5 1.0 1.0 1.0 1.546 0.559 0.36 0.614 1.452 0.01 0.018 0.005 0.008
1255.6 1.0 1.0 1.0 1.546 0.559 0.36 0.614 1.452 0.01 0.018 0.005 0.008
1255.7 1.0 1.0 1.0 1.546 0.559 0.36 0.614 1.452 0.01 0.018 0.005 0.008
1255.8 1.0 1.0 1.0 1.546 0.559 0.36 0.614 1.452 0.01 0.018 0.005 0.008
1255.9 1.0 1.0 1.0 1.546 0.559 0.36 0.614 1.452 0.01 0.018 0.005 0.008
1256.0 1.0 1.0 1.0 1.546 0.559 0.36 0.614 1.452 0.01 0.018 0.005 0.008
1256.1 1.0 1.0 1.0 1.546 0.559 0.36 0.614 1.452 0.01 0.018 0.005 0.008
1256.2 1.0 1.0 1.0 1.546 0.559 0.36 0.614 1.452 0.01 0.018 0.005 0.008
1256.3 1.0 1.0 1.0 1.546 0.559 0.36 0.614 1.452 0.01 0.018 0.005 0.008
1256.4 1.0 1.0 1.0 1.546 0.559 0.36 0.614 1.452 0.01 0.018 0.005 0.008
1256.5 1.0 1.0 1.0 1.546 0.559 0.36 0.614 1.452 0.01 0.018 0.005 0.008
1256.6 1.0 1.0 1.0 1.546 0.559 0.36 0.614 1.452 0.01 0.018 0.005 0.008
1256.7 1.0 1.0 1.0 1.546 0.559 0.36 0.614 1.452 0.01 0.018 0.005 0.008
1256.8 1.0 1.0 1.0 1.546 0.559 0.36 0.614 1.452 0.01 0.018 0.005 0.008
1256.9 1.0 1.0 1.0 1.546 0.559 0.36 0.614 1.452 0.01 0.018 0.005 0.008
1257.0 1.0 1.0 1.0 1.546 0.559 0.36 0.614 1.452 0.01 0.018 0.005 0.008
1257.1 1.0 1.0 1.0 1.546 0.559 0.36 0.614 1.452 0.01 0.018 0.005 0.008
1257.2 1.0 1.0 1.0 1.546 0.559 0.36 0.614 1.452 0.01 0.018 0.005 0.008
1257.3 1.0 1.0 1.0 1.546 0.559 0.36 0.614 1.452 0.01 0.018 0.005 0.008
1257.4 1.0 1.0 1.0 1.546 0.559 0.36 0.614 1.452 0.01 0.018 0.005 0.008
1257.5 1.0 1.0 1.0 1.546 0.559 0.36 0.614 1.452 0.01 0.018 0.005 0.008
1257.6 1.0 1.0 1.0 1.546 0.559 0.36 0.614 1.452 0.01 0.018 0.005 0.008
1257.7 1.0 1.0 1.0 1.546 0.559 0.36 0.614 1.452 0.01 0.018 0.005 0.008
1257.8 1.0 1.0 1.0 1.546 0.559 0.36 0.614 1.452 0.01 0.018 0.005 0.008
1257.9 1.0 1.0 1.0 1.546 0.559 0.36 0.614 1.452 0.01 0.018 0.005 0.008
1258.0 1.0 1.0 1.0 1.546 0.559 0.36 0.614 1.452 0.01 0.018 0.005 0.008
1258.1 1.0 1.0 1.0 1.546 0.559 0.36 0.614 1.452 0.01 0.018 0.005 0.008
1258.2 1.0 1.0 1.0 1.546 0.559 0.36 0.614 1.452 0.01 0.018 0.005 0.008
1258.3 1.0 1.0 1.0 1.546 0.559 0.36 0.614 1.452 0.01 0.018 0.005 0.008
1258.4 1.0 1.0 1.0 1.546 0.559 0.36 0.614 1.452 0.01 0.018 0.005 0.008
1258.5 1.0 1.0 1.0 1.546 0.559 0.36 0.614 1.452 0.01 0.018 0.005 0.008
1258.6 1.0 1.0 1.0 1.546 0.559 0.36 0.614 1.452 0.01 0.018 0.005 0.008
1258.7 1.0 1.0 1.0 1.546 0.559 0.36 0.614 1.452 0.01 0.018 0.005 0.008
1258.8 1.0 1.0 1.0 1.546 0.559 0.36 0.614 1.452 0.01 0.018 0.005 0.008
1258.9 1.0 1.0 1.0 1.546 0.559 0.36 0.614 1.452 0.01 0.018 0.005 0.008
1259.0 1.0 1.0 1.0 1.546 0.559 0.36 0.614 1.452 0.01 0.018 0.005 0.008
1259.1 1.0 1.0 1.0 1.546 0.559 0.36 0.614 1.452 0.01 0.018 0.005 0.008
1259.2 1.0 1.0 1.0 1.546 0.559 0.36 0.614 1.452 0.01 0.018 0.005 0.008
1259.3 1.0 1.0 1.0 1.546 0.559 0.36 0.614 1.452 0.01 0.018 0.005 0.008
1259.4 1.0 1.0 1.0 1.546 0.559 0.36 0.614 1.452 0.01 0.018 0.005 0.008
1259.5 1.0 1.0 1.0 1.546 0.559 0.36 0.614 1.452 0.01 0.018 0.005 0.008
1259.6 1.0 1.0 1.0 1.546 0.559 0.36 0.614 1.452 0.01 0.018 0.005 0.008
1259.7 1.0 1.0 1.0 1.546 0.559 0.36 0.614 1.452 0.01 0.018 0.005 0.008
1259.8 1.0 1.0 1.0 1.546 0.559 0.36 0.614 1.452 0.01 0.018 0.005 0.008
1259.9 1.0 1.0 1.0 1.546 0.559 0.36 0.614 1.452 0.01 0.018 0.005 0.008
1260.0 1.0 1.0 1.0 1.546 0.559 0.36 0.614 1.452 0.01 0.018 0.005 0.008
1260.1 1.0 1.0 1.0 1.546 0.559 0.36 0.614 1.452 0.01 0.018 0.005 0.008
1260.2 1.0 1.0 1.0 1.546 0.559 0.36 0.614 1.452 0.01 0.018 0.005 0.008
1260.3 1.0 1.0 1.0 1.546 0.559 0.36 0.614 1.452 0.01 0.018 0.005 0.008
1260.4 1.0 1.0 1.0 1.546 0.559 0.36 0.614 1.452 0.01 0.018 0.005 0.008
1260.5 1.0 1.0 1.0 1.546 0.559 0.36 0.614 1.452 0.01 0.018 0.005 0.008
1260.6 1.0 1.0 1.0 1.546 0.559 0.36 0.614 1.452 0.01 0.018 0.005 0.008
1260.7 1.0 1.0 1.0 1.546 0.559 0.36 0.614 1.452 0.01 0.018 0.005 0.008
1260.8 1.0 1.0 1.0 1.546 0.559 0.36 0.614 1.452 0.01 0.018 0.005 0.008
1260.9 1.0 1.0 1.0 1.546 0.559 0.36 0.614 1.452 0.01 0.018 0.005 0.008
1261.0 1.0 1.0 1.0 1.546 0.559 0.36 0.614 1.452 0.01 0.018 0.005 0.008
1261.1 1.0 1.0 1.0 1.546 0.559 0.36 0.614 1.452 0.01 0.018 0.005 0.008
1261.2 1.0 1.0 1.0 1.546 0.559 0.36 0.614 1.452 0.01 0.018 0.005 0.008
1261.3 1.0 1.0 1.0 1.546 0.559 0.36 0.614 1.452 0.01 0.018 0.005 0.008
1261.4 1.0 1.0 1.0 1.546 0.559 0.36 0.614 1.452 0.01 0.018 0.005 0.008
1261.5 1.0 1.0 1.0 1.546 0.559 0.36 0.614 1.452 0.01 0.018 0.005 0.008
1261.6 1.0 1.0 1.0 1.546 0.559 0.36 0.614 1.452 0.01 0.018 0.005 0.008
1261.7 1.0 1.0 1.0 1.546 0.559 0.36 0.614 1.452 0.01 0.018 0.005 0.008
1261.8 1.0 1.0 1.0 1.546 0.559 0.36 0.614 1.452 0.01 0.018 0.005 0.008
1261.9 1.0 1.0 1.0 1.546 0.559 0.36 0.614 1.452 0.01 0.018 0.005 0.008
1262.0 1.0 1.0 1.0 1.546 0.559 0.36 0.614 1.452 0.01 0.018 0.005 0.008
1262.1 1.0 1.0 1.0 1.546 0.559 0.36 0.614 1.452 0.01 0.018 0.005 0.008
1262.2 1.0 1.0 1.0 1.546 0.559 0.36 0.614 1.452 0.01 0.018 0.005 0.008
1262.3 1.0 1.0 1.0 1.546 0.559 0.36 0.614 1.452 0.01 0.018 0.005 0.008
1262.4 1.0 1.0 1.0 1.546 0.559 0.36 0.614 1.452 0.01 0.018 0.005 0.008
1262.5 1.0 1.0 1.0 1.546 0.559 0.36 0.614 1.452 0.01 0.018 0.005 0.008
1262.6 1.0 1.0 1.0 1.546 0.559 0.36 0.614 1.452 0.01 0.018 0.005 0.008
1262.7 1.0 1.0 1.0 1.546 0.559 0.36 0.614 1.452 0.01 0.018 0.005 0.008
1262.8 1.0 1.0 1.0 1.546 0.559 0.36 0.614 1.452 0.01 0.018 0.005 0.008
1262.9 1.0 1.0 1.0 1.546 0.559 0.36 0.614 1.452 0.01 0.018 0.005 0.008
1263.0 1.0 1.0 1.0 1.546 0.559 0.36 0.614 1.452 0.01 0.018 0.005 0.008
1263.1 1.0 1.0 1.0 1.546 0.559 0.36 0.614 1.452 0.01 0.018 0.005 0.008
1263.2 1.0 1.0 1.0 1.546 0.559 0.36 0.614 1.452 0.01 0.018 0.005 0.008
1263.3 1.0 1.0 1.0 1.546 0.559 0.36 0.614 1.452 0.01 0.018 0.005 0.008
1263.4 1.0 1.0 1.0 1.546 0.559 0.36 0.614 1.452 0.01 0.018 0.005 0.008
1263.5 1.0 1.0 1.0 1.546 0.559 0.36 0.614 1.452 0.01 0.018 0.005 0.008
1263.6 1.0 1.0 1.0 1.546 0.559 0.36 0.614 1.452 0.01 0.018 0.005 0.008
1263.7 1.0 1.0 1.0 1.546 0.559 0.36 0.614 1.452 0.01 0.018 0.005 0.008
1263.8 1.0 1.0 1.0 1.546 0.559 0.36 0.614 1.452 0.01 0.018 0.005 0.008
1263.9 1.0 1.0 1.0 1.546 0.559 0.36 0.614 1.452 0.01 0.018 0.005 0.008
1264.0 1.0 1.0 1.0 1.546 0.559 0.36 0.614 1.452 0.01 0.018 0.005 0.008
1264.1 1.0 1.0 1.0 1.546 0.559 0.36 0.614 1.452 0.01 0.018 0.005 0.008
1264.2 1.0 1.0 1.0 1.546 0.559 0.36 0.614 1.452 0.01 0.018 0.005 0.008
1264.3 1.0 1.0 1.0 1.546 0.559 0.36 0.614 1.452 0.01 0.018 0.005 0.008
1264.4 1.0 1.0 1.0 1.546 0.559 0.36 0.614 1.452 0.01 0.018 0.005 0.008
1264.5 1.0 1.0 1.0 1.546 0.559 0.36 0.614 1.452 0.01 0.018 0.005 0.008
1264.6 1.0 1.0 1.0 1.546 0.559 0.36 0.614 1.452 0.01 0.018 0.005 0.008
1264.7 1.0 1.0 1.0 1.546 0.559 0.36 0.614 1.452 0.01 0.018 0.005 0.008
1264.8 1.0 1.0 1.0 1.546 0.559 0.36 0.614 1.452 0.01 0.018 0.005 0.008
1264.9 1.0 1.0 1.0 1.546 0.559 0.36 0.614 1.452 0.01 0.018 0.005 0.008
1265.0 1.0 1.0 1.0 1.546 0.559 0.36 0.614 1.452 0.01 0.018 0.005 0.008
1265.1 1.0 1.0 1.0 1.546 0.559 0.36 0.614 1.452 0.01 0.018 0.005 0.008
1265.2 1.0 1.0 1.0 1.546 0.559 0.36 0.614 1.452 0.01 0.018 0.005 0.008
1265.3 1.0 1.0 1.0 1.546 0.559 0.36 0.614 1.452 0.01 0.018 0.005 0.008
1265.4 1.0 1.0 1.0 1.546 0.559 0.36 0.614 1.452 0.01 0.018 0.005 0.008
1265.5 1.0 1.0 1.0 1.546 0.559 0.36 0.614 1.452 0.01 0.018 0.005 0.008
1265.6 1.0 1.0 1.0 1.546 0.559 0.36 0.614 1.452 0.01 0.018 0.005 0.008
1265.7 1.0 1.0 1.0 1.546 0.559 0.36 0.614 1.452 0.01 0.018 0.005 0.008
1265.8 1.0 1.0 1.0 1.546 0.559 0.36 0.614 1.452 0.01 0.018 0.005 0.008
1265.9 1.0 1.0 1.0 1.546 0.559 0.36 0.614 1.452 0.01 0.018 0.005 0.008
1266.0 1.0 1.0 1.0 1.546 0.559 0.36 0.614 1.452 0.01 0.018 0.005 0.008
1266.1 1.0 1.0 1.0 1.546 0.559 0.36 0.614 1.452 0.01 0.018 0.005 0.008
1266.2 1.0 1.0 1.0 1.546 0.559 0.36 0.614 1.452 0.01 0.018 0.005 0.008
1266.3 1.0 1.0 1.0 1.546 0.559 0.36 0.614 1.452 0.01 0.018 0.005 0.008
1266.4 1.0 1.0 1.0 1.546 0.559 0.36 0.614 1.452 0.01 0.018 0.005 0.008
1266.5 1.0 1.0 1.0 1.546 0.559 0.36 0.614 1.452 0.01 0.018 0.005 0.008
1266.6 1.0 1.0 1.0 1.546 0.559 0.36 0.614 1.452 0.01 0.018 0.005 0.008
1266.7 1.0 1.0 1.0 1.546 0.559 0.36 0.614 1.452 0.01 0.018 0.005 0.008
1266.8 1.0 1.0 1.0 1.546 0.559 0.36 0.614 1.452 0.01 0.018 0.005 0.008
1266.9 1.0 1.0 1.0 1.546 0.559 0.36 0.614 1.452 0.01 0.018 0.005 0.008
1267.0 1.0 1.0 1.0 1.546 0.559 0.36 0.614 1.452 0.01 0.018 0.005 0.008
1267.1 1.0 1.0 1.0 1.546 0.559 0.36 0.614 1.452 0.01 0.018 0.005 0.008
1267.2 1.0 1.0 1.0 1.546 0.559 0.36 0.614 1.452 0.01 0.018 0.005 0.008
1267.3 1.0 1.0 1.0 1.546 0.559 0.36 0.614 1.452 0.01 0.018 0.005 0.008
1267.4 1.0 1.0 1.0 1.546 0.559 0.36 0.614 1.452 0.01 0.018 0.005 0.008
1267.5 1.0 1.0 1.0 1.546 0.559 0.36 0.614 1.452 0.01 0.018 0.005 0.008
1267.6 1.0 1.0 1.0 1.546 0.559 0.36 0.614 1.452 0.01 0.018 0.005 0.008
1267.7 1.0 1.0 1.0 1.546 0.559 0.36 0.614 1.452 0.01 0.018 0.005 0.008
1267.8 1.0 1.0 1.0 1.546 0.559 0.36 0.614 1.452 0.01 0.018 0.005 0.008
1267.9 1.0 1.0 1.0 1.546 0.559 0.36 0.614 1.452 0.01 0.018 0.005 0.008
1268.0 1.0 1.0 1.0 1.546 0.559 0.36 0.614 1.452 0.01 0.018 0.005 0.008
1268.1 1.0 1.0 1.0 1.546 0.559 0.36 0.614 1.452 0.01 0.018 0.005 0.008
1268.2 1.0 1.0 1.0 1.546 0.559 0.36 0.614 1.452 0.01 0.018 0.005 0.008
1268.3 1.0 1.0 1.0 1.546 0.559 0.36 0.614 1.452 0.01 0.018 0.005 0.008
1268.4 1.0 1.0 1.0 1.546 0.559 0.36 0.614 1.452 0.01 0.018 0.005 0.008
1268.5 1.0 1.0 1.0 1.546 0.559 0.36 0.614 1.452 0.01 0.018 0.005 0.008
1268.6 1.0 1.0 1.0 1.546 0.559 0.36 0.614 1.452 0.01 0.018 0.005 0.008
1268.7 1.0 1.0 1.0 1.546 0.559 0.36 0.614 1.452 0.01 0.018 0.005 0.008
1268.8 1.0 1.0 1.0 1.546 0.559 0.36 0.614 1.452 0.01 0.018 0.005 0.008
1268.9 1.0 1.0 1.0 1.546 0.559 0.36 0.614 1.452 0.01 0.018 0.005 0.008
1269.0 1.0 1.0 1.0 1.546 0.559 0.36 0.614 1.452 0.01 0.018 0.005 0.008
1269.1 1.0 1.0 1.0 1.546 0.559 0.36 0.614 1.452 0.01 0.018 0.005 0.008
1269.2 1.0 1.0 1.0 1.546 0.559 0.36 0.614 1.452 0.01 0.018 0.005 0.008
1269.3 1.0 1.0 1.0 1.546 0.559 0.36 0.614 1.452 0.01 0.018 0.005 0.008
1269.4 1.0 1.0 1.0 1.546 0.559 0.36 0.614 1.452 0.01 0.018 0.005 0.008
1269.5 1.0 1.0 1.0 1.546 0.559 0.36 0.614 1.452 0.01 0.018 0.005 0.008
1269.6 1.0 1.0 1.0 1.546 0.559 0.36 0.614 1.452 0.01 0.018 0.005 0.008
1269.7 1.0 1.0 1.0 1.546 0.559 0.36 0.614 1.452 0.01 0.018 0.005 0.008
1269.8 1.0 1.0 1.0 1.546 0.559 0.36 0.614 1.452 0.01 0.018 0.005 0.008
1269.9 1.0 1.0 1.0 1.546 0.559 0.36 0.614 1.452 0.01 0.018 0.005 0.008
1270.0 1.0 1.0 1.0 1.546 0.559 0.36 0.614 1.452 0.01 0.018 0.005 0.008
1270.1 1.0 1.0 1.0 1.546 0.559 0.36 0.614 1.452 0.01 0.018 0.005 0.008
1270.2 1.0 1.0 1.0 1.546 0.559 0.36 0.614 1.452 0.01 0.018 0.005 0.008
1270.3 1.0 1.0 1.0 1.546 0.559 0.36 0.614 1.452 0.01 0.018 0.005 0.008
1270.4 1.0 1.0 1.0 1.546 0.559 0.36 0.614 1.452 0.01 0.018 0.005 0.008
1270.5 1.0 1.0 1.0 1.546 0.559 0.36 0.614 1.452 0.01 0.018 0.005 0.008
1270.6 1.0 1.0 1.0 1.546 0.559 0.36 0.614 1.452 0.01 0.018 0.005 0.008
1270.7 1.0 1.0 1.0 1.546 0.559 0.36 0.614 1.452 0.01 0.018 0.005 0.008
1270.8 1.0 1.0 1.0 1.546 0.559 0.36 0.614 1.452 0.01 0.018 0.005 0.008
1270.9 1.0 1.0 1.0 1.546 0.559 0.36 0.614 1.452 0.01 0.018 0.005 0.008
1271.0 1.0 1.0 1.0 1.546 0.559 0.36 0.614 1.452 0.01 0.018 0.005 0.008
1271.1 1.0 1.0 1.0 1.546 0.559 0.36 0.614 1.452 0.01 0.018 0.005 0.008
1271.2 1.0 1.0 1.0 1.546 0.559 0.36 0.614 1.452 0.01 0.018 0.005 0.008
1271.3 1.0 1.0 1.0 1.546 0.559 0.36 0.614 1.452 0.01 0.018 0.005 0.008
1271.4 1.0 1.0 1.0 1.546 0.559 0.36 0.614 1.452 0.01 0.018 0.005 0.008
1271.5 1.0 1.0 1.0 1.546 0.559 0.36 0.614 1.452 0.01 0.018 0.005 0.008
1271.6 1.0 1.0 1.0 1.546 0.559 0.36 0.614 1.452 0.01 0.018 0.005 0.008
1271.7 1.0 1.0 1.0 1.546 0.559 0.36 0.614 1.452 0.01 0.018 0.005 0.008
1271.8 1.0 1.0 1.0 1.546 0.559 0.36 0.614 1.452 0.01 0.018 0.005 0.008
1271.9 1.0 1.0 1.0 1.546 0.559 0.36 0.614 1.452 0.01 0.018 0.005 0.008
1272.0 1.0 1.0 1.0 1.546 0.559 0.36 0.614 1.452 0.01 0.018 0.005 0.008
1272.1 1.0 1.0 1.0 1.546 0.559 0.36 0.614 1.452 0.01 0.018 0.005 0.008
1272.2 1.0 1.0 1.0 1.546 0.559 0.36 0.614 1.452 0.01 0.018 0.005 0.008
1272.3 1.0 1.0 1.0 1.546 0.559 0.36 0.614 1.452 0.01 0.018 0.005 0.008
1272.4 1.0 1.0 1.0 1.546 0.559 0.36 0.614 1.452 0.01 0.018 0.005 0.008
1272.5 1.0 1.0 1.0 1.546 0.559 0.36 0.614 1.452 0.01 0.018 0.005 0.008
1272.6 1.0 1.0 1.0 1.546 0.559 0.36 0.614 1.452 0.01 0.018 0.005 0.008
1272.7 1.0 1.0 1.0 1.546 0.559 0.36 0.614 1.452 0.01 0.018 0.005 0.008
1272.8 1.0 1.0 1.0 1.546 0.559 0.36 0.614 1.452 0.01 0.018 0.005 0.008
1272.9 1.0 1.0 1.0 1.546 0.559 0.36 0.614 1.452 0.01 0.018 0.005 0.008
1273.0 1.0 1.0 1.0 1.546 0.559 0.36 0.614 1.452 0.01 0.018 0.005 0.008
1273.1 1.0 1.0 1.0 1.546 0.559 0.36 0.614 1.452 0.01 0.018 0.005 0.008
1273.2 1.0 1.0 1.0 1.546 0.559 0.36 0.614 1.452 0.01 0.018 0.005 0.008
1273.3 1.0 1.0 1.0 1.546 0.559 0.36 0.614 1.452 0.01 0.018 0.005 0.008
1273.4 1.0 1.0 1.0 1.546 0.559 0.36 0.614 1.452 0.01 0.018 0.005 0.008
1273.5 1.0 1.0 1.0 1.546 0.559 0.36 0.614 1.452 0.01 0.018 0.005 0.008
1273.6 1.0 1.0 1.0 1.546 0.559 0.36 0.614 1.452 0.01 0.018 0.005 0.008
1273.7 1.0 1.0 1.0 1.546 0.559 0.36 0.614 1.452 0.01 0.018 0.005 0.008
1273.8 1.0 1.0 1.0 1.546 0.559 0.36 0.614 1.452 0.01 0.018 0.005 0.008
1273.9 1.0 1.0 1.0 1.546 0.559 0.36 0.614 1.452 0.01 0.018 0.005 0.008
1274.0 1.0 1.0 1.0 1.546 0.559 0.36 0.614 1.452 0.01 0.018 0.005 0.008
1274.1 1.0 1.0 1.0 1.546 0.559 0.36 0.614 1.452 0.01 0.018 0.005 0.008
1274.2 1.0 1.0 1.0 1.546 0.559 0.36 0.614 1.452 0.01 0.018 0.005 0.008
1274.3 1.0 1.0 1.0 1.546 0.559 0.36 0.614 1.452 0.01 0.018 0.005 0.008
1274.4 1.0 1.0 1.0 1.546 0.559 0.36 0.614 1.452 0.01 0.018 0.005 0.008
1274.5 1.0 1.0 1.0 1.546 0.559 0.36 0.614 1.452 0.01 0.018 0.005 0.008
1274.6 1.0 1.0 1.0 1.546 0.559 0.36 0.614 1.452 0.01 0.018 0.005 0.008
1274.7 1.0 1.0 1.0 1.546 0.559 0.36 0.614 1.452 0.01 0.018 0.005 0.008
1274.8 1.0 1.0 1.0 1.546 0.559 0.36 0.614 1.452 0.01 0.018 0.005 0.008
1274.9 1.0 1.0 1.0 1.546 0.559 0.36 0.614 1.452 0.01 0.018 0.005 0.008
1275.0 1.0 1.0 1.0 1.546 0.559 0.36 0.614 1.452 0.01 0.018 0.005 0.008
1275.1 1.0 1.0 1.0 1.546 0.559 0.36 0.614 1.452 0.01 0.018 0.005 0.008
1275.2 1.0 1.0 1.0 1.546 0.559 0.36 0.614 1.452 0.01 0.018 0.005 0.008
1275.3 1.0 1.0 1.0 1.546 0.559 0.36 0.614 1.452 0.01 0.018 0.005 0.008
1275.4 1.0 1.0 1.0 1.546 0.559 0.36 0.614 1.452 0.01 0.018 0.005 0.008
1275.5 1.0 1.0 1.0 1.546 0.559 0.36 0.614 1.452 0.01 0.018 0.005 0.008
1275.6 1.0 1.0 1.0 1.546 0.559 0.36 0.614 1.452 0.01 0.018 0.005 0.008
1275.7 1.0 1.0 1.0 1.546 0.559 0.36 0.614 1.452 0.01 0.018 0.005 0.008
1275.8 1.0 1.0 1.0 1.546 0.559 0.36 0.614 1.452 0.01 0.018 0.005 0.008
1275.9 1.0 1.0 1.0 1.546 0.559 0.36 0.614 1.452 0.01 0.018 0.005 0.008
1276.0 1.0 1.0 1.0 1.546 0.559 0.36 0.614 1.452 0.01 0.018 0.005 0.008
1276.1 1.0 1.0 1.0 1.546 0.559 0.36 0.614 1.452 0.01 0.018 0.005 0.008
1276.2 1.0 1.0 1.0 1.546 0.559 0.36 0.614 1.452 0.01 0.018 0.005 0.008
1276.3 1.0 1.0 1.0 1.546 0.559 0.36 0.614 1.452 0.01 0.018 0.005 0.008
1276.4 1.0 1.0 1.0 1.546 0.559 0.36 0.614 1.452 0.01 0.018 0.005 0.008
1276.5 1.0 1.0 1.0 1.546 0.559 0.36 0.614 1.452 0.01 0.018 0.005 0.008
1276.6 1.0 1.0 1.0 1.546 0.559 0.36 0.614 1.452 0.01 0.018 0.005 0.008
1276.7 1.0 1.0 1.0 1.546 0.559 0.36 0.614 1.452 0.01 0.018 0.005 0.008
1276.8 1.0 1.0 1.0 1.546 0.559 0.36 0.614 1.452 0.01 0.018 0.005 0.008
1276.9 1.0 1.0 1.0 1.546 0.559 0.36 0.614 1.452 0.01 0.018 0.005 0.008
1277.0 1.0 1.0 1.0 1.546 0.559 0.36 0.614 1.452 0.01 0.018 0.005 0.008
1277.1 1.0 1.0 1.0 1.546 0.559 0.36 0.614 1.452 0.01 0.018 0.005 0.008
1277.2 1.0 1.0 1.0 1.546 0.559 0.36 0.614 1.452 0.01 0.018 0.005 0.008
1277.3 1.0 1.0 1.0 1.546 0.559 0.36 0.614 1.452 0.01 0.018 0.005 0.008
1277.4 1.0 1.0 1.0 1.546 0.559 0.36 0.614 1.452 0.01 0.018 0.005 0.008
1277.5 1.0 1.0 1.0 1.546 0.559 0.36 0.614 1.452 0.01 0.018 0.005 0.008
1277.6 1.0 1.0 1.0 1.546 0.559 0.36 0.614 1.452 0.01 0.018 0.005 0.008
1277.7 1.0 1.0 1.0 1.546 0.559 0.36 0.614 1.452 0.01 0.018 0.005 0.008
1277.8 1.0 1.0 1.0 1.546 0.559 0.36 0.614 1.452 0.01 0.018 0.005 0.008
1277.9 1.0 1.0 1.0 1.546 0.559 0.36 0.614 1.452 0.01 0.018 0.005 0.008
1278.0 1.0 1.0 1.0 1.546 0.559 0.36 0.614 1.452 0.01 0.018 0.005 0.008
1278.1 1.0 1.0 1.0 1.546 0.559 0.36 0.614 1.452 0.01 0.018 0.005 0.008
1278.2 1.0 1.0 1.0 1.546 0.559 0.36 0.614 1.452 0.01 0.018 0.005 0.008
1278.3 1.0 1.0 1.0 1.546 0.559 0.36 0.614 1.452 0.01 0.018 0.005 0.008
1278.4 1.0 1.0 1.0 1.546 0.559 0.36 0.614 1.452 0.01 0.018 0.005 0.008
1278.5 1.0 1.0 1.0 1.546 0.559 0.36 0.614 1.452 0.01 0.018 0.005 0.008
1278.6 1.0 1.0 1.0 1.546 0.559 0.36 0.614 1.452 0.01 0.018 0.005 0.008
1278.7 1.0 1.0 1.0 1.546 0.559 0.36 0.614 1.452 0.01 0.018 0.005 0.008
1278.8 1.0 1.0 1.0 1.546 0.559 0.36 0.614 1.452 0.01 0.018 0.005 0.008
1278.9 1.0 1.0 1.0 1.546 0.559 0.36 0.614 1.452 0.01 0.018 0.005 0.008
1279.0 1.0 1.0 1.0 1.546 0.559 0.36 0.614 1.452 0.01 0.018 0.005 0.008
1279.1 1.0 1.0 1.0 1.546 0.559 0.36 0.614 1.452 0.01 0.018 0.005 0.008
1279.2 1.0 1.0 1.0 1.546 0.559 0.36 0.614 1.452 0.01 0.018 0.005 0.008
1279.3 1.0 1.0 1.0 1.546 0.559 0.36 0.614 1.452 0.01 0.018 0.005 0.008
1279.4 1.0 1.0 1.0 1.546 0.559 0.36 0.614 1.452 0.01 0.018 0.005 0.008
1279.5 1.0 1.0 1.0 1.546 0.559 0.36 0.614 1.452 0.01 0.018 0.005 0.008
1279.6 1.0 1.0 1.0 1.546 0.559 0.36 0.614 1.452 0.01 0.018 0.005 0.008
1279.7 1.0 1.0 1.0 1.546 0.559 0.36 0.614 1.452 0.01 0.018 0.005 0.008
1279.8 1.0 1.0 1.0 1.546 0.559 0.36 0.614 1.452 0.01 0.018 0.005 0.008
1279.9 1.0 1.0 1.0 1.546 0.559 0.36 0.614 1.452 0.01 0.018 0.005 0.008
1280.0 1.0 1.0 1.0 1.546 0.559 0.36 0.614 1.452 0.01 0.018 0.005 0.008
1280.1 1.0 1.0 1.0 1.546 0.559 0.36 0.614 1.452 0.01 0.018 0.005 0.008
1280.2 1.0 1.0 1.0 1.546 0.559 0.36 0.614 1.452 0.01 0.018 0.005 0.008
1280.3 1.0 1.0 1.0 1.546 0.559 0.36 0.614 1.452 0.01 0.018 0.005 0.008
1280.4 1.0 1.0 1.0 1.546 0.559 0.36 0.614 1.452 0.01 0.018 0.005 0.008
1280.5 1.0 1.0 1.0 1.546 0.559 0.36 0.614 1.452 0.01 0.018 0.005 0.008
1280.6 1.0 1.0 1.0 1.546 0.559 0.36 0.614 1.452 0.01 0.018 0.005 0.008
1280.7 1.0 1.0 1.0 1.546 0.559 0.36 0.614 1.452 0.01 0.018 0.005 0.008
1280.8 1.0 1.0 1.0 1.546 0.559 0.36 0.614 1.452 0.01 0.018 0.005 0.008
1280.9 1.0 1.0 1.0 1.546 0.559 0.36 0.614 1.452 0.01 0.018 0.005 0.008
1281.0 1.0 1.0 1.0 1.546 0.559 0.36 0.614 1.452 0.01 0.018 0.005 0.008
1281.1 1.0 1.0 1.0 1.546 0.559 0.36 0.614 1.452 0.01 0.018 0.005 0.008
1281.2 1.0 1.0 1.0 1.546 0.559 0.36 0.614 1.452 0.01 0.018 0.005 0.008
1281.3 1.0 1.0 1.0 1.546 0.559 0.36 0.614 1.452 0.01 0.018 0.005 0.008
1281.4 1.0 1.0 1.0 1.546 0.559 0.36 0.614 1.452 0.01 0.018 0.005 0.008
1281.5 1.0 1.0 1.0 1.546 0.559 0.36 0.614 1.452 0.01 0.018 0.005 0.008
1281.6 1.0 1.0 1.0 1.546 0.559 0.36 0.614 1.452 0.01 0.018 0.005 0.008
1281.7 1.0 1.0 1.0 1.546 0.559 0.36 0.614 1.452 0.01 0.018 0.005 0.008
1281.8 1.0 1.0 1.0 1.546 0.559 0.36 0.614 1.452 0.01 0.018 0.005 0.008
1281.9 1.0 1.0 1.0 1.546 0.559 0.36 0.614 1.452 0.01 0.018 0.005 0.008
1282.0 1.0 1.0 1.0 1.546 0.559 0.36 0.614 1.452 0.01 0.018 0.005 0.008
1282.1 1.0 1.0 1.0 1.546 0.559 0.36 0.614 1.452 0.01 0.018 0.005 0.008
1282.2 1.0 1.0 1.0 1.546 0.559 0.36 0.614 1.452 0.01 0.018 0.005 0.008
1282.3 1.0 1.0 1.0 1.546 0.559 0.36 0.614 1.452 0.01 0.018 0.005 0.008
1282.4 1.0 1.0 1.0 1.546 0.559 0.36 0.614 1.452 0.01 0.018 0.005 0.008
1282.5 1.0 1.0 1.0 1.546 0.559 0.36 0.614 1.452 0.01 0.018 0.005 0.008
1282.6 1.0 1.0 1.0 1.546 0.559 0.36 0.614 1.452 0.01 0.018 0.005 0.008
1282.7 1.0 1.0 1.0 1.546 0.559 0.36 0.614 1.452 0.01 0.018 0.005 0.008
1282.8 1.0 1.0 1.0 1.546 0.559 0.36 0.614 1.452 0.01 0.018 0.005 0.008
1282.9 1.0 1.0 1.0 1.546 0.559 0.36 0.614 1.452 0.01 0.018 0.005 0.008
1283.0 1.0 1.0 1.0 1.546 0.559 0.36 0.614 1.452 0.01 0.018 0.005 0.008
1283.1 1.0 1.0 1.0 1.546 0.559 0.36 0.614 1.452 0.01 0.018 0.005 0.008
1283.2 1.0 1.0 1.0 1.546 0.559 0.36 0.614 1.452 0.01 0.018 0.005 0.008
1283.3 1.0 1.0 1.0 1.546 0.559 0.36 0.614 1.452 0.01 0.018 0.005 0.008
1283.4 1.0 1.0 1.0 1.546 0.559 0.36 0.614 1.452 0.01 0.018 0.005 0.008
1283.5 1.0 1.0 1.0 1.546 0.559 0.36 0.614 1.452 0.01 0.018 0.005 0.008
1283.6 1.0 1.0 1.0 1.546 0.559 0.36 0.614 1.452 0.01 0.018 0.005 0.008
1283.7 1.0 1.0 1.0 1.546 0.559 0.36 0.614 1.452 0.01 0.018 0.005 0.008
1283.8 1.0 1.0 1.0 1.546 0.559 0.36 0.614 1.452 0.01 0.018 0.005 0.008
1283.9 1.0 1.0 1.0 1.546 0.559 0.36 0.614 1.452 0.01 0.018 0.005 0.008
1284.0 1.0 1.0 1.0 1.546 0.559 0.36 0.614 1.452 0.01 0.018 0.005 0.008
1284.1 1.0 1.0 1.0 1.546 0.559 0.36 0.614 1.452 0.01 0.018 0.005 0.008
1284.2 1.0 1.0 1.0 1.546 0.559 0.36 0.614 1.452 0.01 0.018 0.005 0.008
1284.3 1.0 1.0 1.0 1.546 0.559 0.36 0.614 1.452 0.01 0.018 0.005 0.008
1284.4 1.0 1.0 1.0 1.546 0.559 0.36 0.614 1.452 0.01 0.018 0.005 0.008
1284.5 1.0 1.0 1.0 1.546 0.559 0.36 0.614 1.452 0.01 0.018 0.005 0.008
1284.6 1.0 1.0 1.0 1.546 0.559 0.36 0.614 1.452 0.01 0.018 0.005 0.008
1284.7 1.0 1.0 1.0 1.546 0.559 0.36 0.614 1.452 0.01 0.018 0.005 0.008
1284.8 1.0 1.0 1.0 1.546 0.559 0.36 0.614 1.452 0.01 0.018 0.005 0.008
1284.9 1.0 1.0 1.0 1.546 0.559 0.36 0.614 1.452 0.01 0.018 0.005 0.008
1285.0 1.0 1.0 1.0 1.546 0.559 0.36 0.614 1.452 0.01 0.018 0.005 0.008
1285.1 1.0 1.0 1.0 1.546 0.559 0.36 0.614 1.452 0.01 0.018 0.005 0.008
1285.2 1.0 1.0 1.0 1.546 0.559 0.36 0.614 1.452 0.01 0.018 0.005 0.008
1285.3 1.0 1.0 1.0 1.546 0.559 0.36 0.614 1.452 0.01 0.018 0.005 0.008
1285.4 1.0 1.0 1.0 1.546 0.559 0.36 0.614 1.452 0.01 0.018 0.005 0.008
1285.5 1.0 1.0 1.0 1.546 0.559 0.36 0.614 1.452 0.01 0.018 0.005 0.008
1285.6 1.0 1.0 1.0 1.546 0.559 0.36 0.614 1.452 0.01 0.018 0.005 0.008
1285.7 1.0 1.0 1.0 1.546 0.559 0.36 0.614 1.452 0.01 0.018 0.005 0.008
1285.8 1.0 1.0 1.0 1.546 0.559 0.36 0.614 1.452 0.01 0.018 0.005 0.008
1285.9 1.0 1.0 1.0 1.546 0.559 0.36 0.614 1.452 0.01 0.018 0.005 0.008
1286.0 1.0 1.0 1.0 1.546 0.559 0.36 0.614 1.452 0.01 0.018 0.005 0.008
1286.1 1.0 1.0 1.0 1.546 0.559 0.36 0.614 1.452 0.01 0.018 0.005 0.008
1286.2 1.0 1.0 1.0 1.546 0.559 0.36 0.614 1.452 0.01 0.018 0.005 0.008
1286.3 1.0 1.0 1.0 1.546 0.559 0.36 0.614 1.452 0.01 0.018 0.005 0.008
1286.4 1.0 1.0 1.0 1.546 0.559 0.36 0.614 1.452 0.01 0.018 0.005 0.008
1286.5 1.0 1.0 1.0 1.546 0.559 0.36 0.614 1.452 0.01 0.018 0.005 0.008
1286.6 1.0 1.0 1.0 1.546 0.559 0.36 0.614 1.452 0.01 0.018 0.005 0.008
1286.7 1.0 1.0 1.0 1.546 0.559 0.36 0.614 1.452 0.01 0.018 0.005 0.008
1286.8 1.0 1.0 1.0 1.546 0.559 0.36 0.614 1.452 0.01 0.018 0.005 0.008
1286.9 1.0 1.0 1.0 1.546 0.559 0.36 0.614 1.452 0.01 0.018 0.005 0.008
1287.0 1.0 1.0 1.0 1.546 0.559 0.36 0.614 1.452 0.01 0.018 0.005 0.008
1287.1 1.0 1.0 1.0 1.546 0.559 0.36 0.614 1.452 0.01 0.018 0.005 0.008
1287.2 1.0 1.0 1.0 1.546 0.559 0.36 0.614 1.452 0.01 0.018 0.005 0.008
1287.3 1.0 1.0 1.0 1.546 0.559 0.36 0.614 1.452 0.01 0.018 0.005 0.008
1287.4 1.0 1.0 1.0 1.546 0.559 0.36 0.614 1.452 0.01 0.018 0.005 0.008
1287.5 1.0 1.0 1.0 1.546 0.559 0.36 0.614 1.452 0.01 0.018 0.005 0.008
1287.6 1.0 1.0 1.0 1.546 0.559 0.36 0.614 1.452 0.01 0.018 0.005 0.008
1287.7 1.0 1.0 1.0 1.546 0.559 0.36 0.614 1.452 0.01 0.018 0.005 0.008
1287.8 1.0 1.0 1.0 1.546 0.559 0.36 0.614 1.452 0.01 0.018 0.005 0.008
1287.9 1.0 1.0 1.0 1.546 0.559 0.36 0.614 1.452 0.01 0.018 0.005 0.008
1288.0 1.0 1.0 1.0 1.546 0.559 0.36 0.614 1.452 0.01 0.018 0.005 0.008
1288.1 1.0 1.0 1.0 1.546 0.559 0.36 0.614 1.452 0.01 0.018 0.005 0.008
1288.2 1.0 1.0 1.0 1.546 0.559 0.36 0.614 1.452 0.01 0.018 0.005 0.008
1288.3 1.0 1.0 1.0 1.546 0.559 0.36 0.614 1.452 0.01 0.018 0.005 0.008
1288.4 1.0 1.0 1.0 1.546 0.559 0.36 0.614 1.452 0.01 0.018 0.005 0.008
1288.5 1.0 1.0 1.0 1.546 0.559 0.36 0.614 1.452 0.01 0.018 0.005 0.008
1288.6 1.0 1.0 1.0 1.546 0.559 0.36 0.614 1.452 0.01 0.018 0.005 0.008
1288.7 1.0 1.0 1.0 1.546 0.559 0.36 0.614 1.452 0.01 0.018 0.005 0.008
1288.8 1.0 1.0 1.0 1.546 0.559 0.36 0.614 1.452 0.01 0.018 0.005 0.008
1288.9 1.0 1.0 1.0 1.546 0.559 0.36 0.614 1.452 0.01 0.018 0.005 0.008
1289.0 1.0 1.0 1.0 1.546 0.559 0.36 0.614 1.452 0.01 0.018 0.005 0.008
1289.1 1.0 1.0 1.0 1.546 0.559 0.36 0.614 1.452 0.01 0.018 0.005 0.008
1289.2 1.0 1.0 1.0 1.546 0.559 0.36 0.614 1.452 0.01 0.018 0.005 0.008
1289.3 1.0 1.0 1.0 1.546 0.559 0.36 0.614 1.452 0.01 0.018 0.005 0.008
1289.4 1.0 1.0 1.0 1.546 0.559 0.36 0.614 1.452 0.01 0.018 0.005 0.008
1289.5 1.0 1.0 1.0 1.546 0.559 0.36 0.614 1.452 0.01 0.018 0.005 0.008
1289.6 1.0 1.0 1.0 1.546 0.559 0.36 0.614 1.452 0.01 0.018 0.005 0.008
1289.7 1.0 1.0 1.0 1.546 0.559 0.36 0.614 1.452 0.01 0.018 0.005 0.008
1289.8 1.0 1.0 1.0 1.546 0.559 0.36 0.614 1.452 0.01 0.018 0.005 0.008
1289.9 1.0 1.0 1.0 1.546 0.559 0.36 0.614 1.452 0.01 0.018 0.005 0.008
1290.0 1.0 1.0 1.0 1.546 0.559 0.36 0.614 1.452 0.01 0.018 0.005 0.008
1290.1 1.0 1.0 1.0 1.546 0.559 0.36 0.614 1.452 0.01 0.018 0.005 0.008
1290.2 1.0 1.0 1.0 1.546 0.559 0.36 0.614 1.452 0.01 0.018 0.005 0.008
1290.3 1.0 1.0 1.0 1.546 0.559 0.36 0.614 1.452 0.01 0.018 0.005 0.008
1290.4 1.0 1.0 1.0 1.546 0.559 0.36 0.614 1.452 0.01 0.018 0.005 0.008
1290.5 1.0 1.0 1.0 1.546 0.559 0.36 0.614 1.452 0.01 0.018 0.005 0.008
1290.6 1.0 1.0 1.0 1.546 0.559 0.36 0.614 1.452 0.01 0.018 0.005 0.008
1290.7 1.0 1.0 1.0 1.546 0.559 0.36 0.614 1.452 0.01 0.018 0.005 0.008
1290.8 1.0 1.0 1.0 1.546 0.559 0.36 0.614 1.452 0.01 0.018 0.005 0.008
1290.9 1.0 1.0 1.0 1.546 0.559 0.36 0.614 1.452 0.01 0.018 0.005 0.008
1291.0 1.0 1.0 1.0 1.546 0.559 0.36 0.614 1.452 0.01 0.018 0.005 0.008
1291.1 1.0 1.0 1.0 1.546 0.559 0.36 0.614 1.452 0.01 0.018 0.005 0.008
1291.2 1.0 1.0 1.0 1.546 0.559 0.36 0.614 1.452 0.01 0.018 0.005 0.008
1291.3 1.0 1.0 1.0 1.546 0.559 0.36 0.614 1.452 0.01 0.018 0.005 0.008
1291.4 1.0 1.0 1.0 1.546 0.559 0.36 0.614 1.452 0.01 0.018 0.005 0.008
1291.5 1.0 1.0 1.0 1.546 0.559 0.36 0.614 1.452 0.01 0.018 0.005 0.008
1291.6 1.0 1.0 1.0 1.546 0.559 0.36 0.614 1.452 0.01 0.018 0.005 0.008
1291.7 1.0 1.0 1.0 1.546 0.559 0.36 0.614 1.452 0.01 0.018 0.005 0.008
1291.8 1.0 1.0 1.0 1.546 0.559 0.36 0.614 1.452 0.01 0.018 0.005 0.008
1291.9 1.0 1.0 1.0 1.546 0.559 0.36 0.614 1.452 0.01 0.018 0.005 0.008
1292.0 1.0 1.0 1.0 1.546 0.559 0.36 0.614 1.452 0.01 0.018 0.005 0.008
1292.1 1.0 1.0 1.0 1.546 0.559 0.36 0.614 1.452 0.01 0.018 0.005 0.008
1292.2 1.0 1.0 1.0 1.546 0.559 0.36 0.614 1.452 0.01 0.018 0.005 0.008
1292.3 1.0 1.0 1.0 1.546 0.559 0.36 0.614 1.452 0.01 0.018 0.005 0.008
1292.4 1.0 1.0 1.0 1.546 0.559 0.36 0.614 1.452 0.01 0.018 0.005 0.008
1292.5 1.0 1.0 1.0 1.546 0.559 0.36 0.614 1.452 0.01 0.018 0.005 0.008
1292.6 1.0 1.0 1.0 1.546 0.559 0.36 0.614 1.452 0.01 0.018 0.005 0.008
1292.7 1.0 1.0 1.0 1.546 0.559 0.36 0.614 1.452 0.01 0.018 0.005 0.008
1292.8 1.0 1.0 1.0 1.546 0.559 0.36 0.614 1.452 0.01 0.018 0.005 0.008
1292.9 1.0 1.0 1.0 1.546 0.559 0.36 0.614 1.452 0.01 0.018 0.005 0.008
1293.0 1.0 1.0 1.0 1.546 0.559 0.36 0.614 1.452 0.01 0.018 0.005 0.008
1293.1 1.0 1.0 1.0 1.546 0.559 0.36 0.614 1.452 0.01 0.018 0.005 0.008
1293.2 1.0 1.0 1.0 1.546 0.559 0.36 0.614 1.452 0.01 0.018 0.005 0.008
1293.3 1.0 1.0 1.0 1.546 0.559 0.36 0.614 1.452 0.01 0.018 0.005 0.008
1293.4 1.0 1.0 1.0 1.546 0.559 0.36 0.614 1.452 0.01 0.018 0.005 0.008
1293.5 1.0 1.0 1.0 1.546 0.559 0.36 0.614 1.452 0.01 0.018 0.005 0.008
1293.6 1.0 1.0 1.0 1.546 0.559 0.36 0.614 1.452 0.01 0.018 0.005 0.008
1293.7 1.0 1.0 1.0 1.546 0.559 0.36 0.614 1.452 0.01 0.018 0.005 0.008
1293.8 1.0 1.0 1.0 1.546 0.559 0.36 0.614 1.452 0.01 0.018 0.005 0.008
1293.9 1.0 1.0 1.0 1.546 0.559 0.36 0.614 1.452 0.01 0.018 0.005 0.008
1294.0 1.0 1.0 1.0 1.546 0.559 0.36 0.614 1.452 0.01 0.018 0.005 0.008
1294.1 1.0 1.0 1.0 1.546 0.559 0.36 0.614 1.452 0.01 0.018 0.005 0.008
1294.2 1.0 1.0 1.0 1.546 0.559 0.36 0.614 1.452 0.01 0.018 0.005 0.008
1294.3 1.0 1.0 1.0 1.546 0.559 0.36 0.614 1.452 0.01 0.018 0.005 0.008
1294.4 1.0 1.0 1.0 1.546 0.559 0.36 0.614 1.452 0.01 0.018 0.005 0.008
1294.5 1.0 1.0 1.0 1.546 0.559 0.36 0.614 1.452 0.01 0.018 0.005 0.008
1294.6 1.0 1.0 1.0 1.546 0.559 0.36 0.614 1.452 0.01 0.018 0.005 0.008
1294.7 1.0 1.0 1.0 1.546 0.559 0.36 0.614 1.452 0.01 0.018 0.005 0.008
1294.8 1.0 1.0 1.0 1.546 0.559 0.36 0.614 1.452 0.01 0.018 0.005 0.008
1294.9 1.0 1.0 1.0 1.546 0.559 0.36 0.614 1.452 0.01 0.018 0.005 0.008
1295.0 1.0 1.0 1.0 1.546 0.559 0.36 0.614 1.452 0.01 0.018 0.005 0.008
1295.1 1.0 1.0 1.0 1.546 0.559 0.36 0.614 1.452 0.01 0.018 0.005 0.008
1295.2 1.0 1.0 1.0 1.546 0.559 0.36 0.614 1.452 0.01 0.018 0.005 0.008
1295.3 1.0 1.0 1.0 1.546 0.559 0.36 0.614 1.452 0.01 0.018 0.005 0.008
1295.4 1.0 1.0 1.0 1.546 0.559 0.36 0.614 1.452 0.01 0.018 0.005 0.008
1295.5 1.0 1.0 1.0 1.546 0.559 0.36 0.614 1.452 0.01 0.018 0.005 0.008
1295.6 1.0 1.0 1.0 1.546 0.559 0.36 0.614 1.452 0.01 0.018 0.005 0.008
1295.7 1.0 1.0 1.0 1.546 0.559 0.36 0.614 1.452 0.01 0.018 0.005 0.008
1295.8 1.0 1.0 1.0 1.546 0.559 0.36 0.614 1.452 0.01 0.018 0.005 0.008
1295.9 1.0 1.0 1.0 1.546 0.559 0.36 0.614 1.452 0.01 0.018 0.005 0.008
1296.0 1.0 1.0 1.0 1.546 0.559 0.36 0.614 1.452 0.01 0.018 0.005 0.008
1296.1 1.0 1.0 1.0 1.546 0.559 0.36 0.614 1.452 0.01 0.018 0.005 0.008
1296.2 1.0 1.0 1.0 1.546 0.559 0.36 0.614 1.452 0.01 0.018 0.005 0.008
1296.3 1.0 1.0 1.0 1.546 0.559 0.36 0.614 1.452 0.01 0.018 0.005 0.008
1296.4 1.0 1.0 1.0 1.546 0.559 0.36 0.614 1.452 0.01 0.018 0.005 0.008
1296.5 1.0 1.0 1.0 1.546 0.559 0.36 0.614 1.452 0.01 0.018 0.005 0.008
1296.6 1.0 1.0 1.0 1.546 0.559 0.36 0.614 1.452 0.01 0.018 0.005 0.008
1296.7 1.0 1.0 1.0 1.546 0.559 0.36 0.614 1.452 0.01 0.018 0.005 0.008
1296.8 1.0 1.0 1.0 1.546 0.559 0.36 0.614 1.452 0.01 0.018 0.005 0.008
1296.9 1.0 1.0 1.0 1.546 0.559 0.36 0.614 1.452 0.01 0.018 0.005 0.008
1297.0 1.0 1.0 1.0 1.546 0.559 0.36 0.614 1.452 0.01 0.018 0.005 0.008
1297.1 1.0 1.0 1.0 1.546 0.559 0.36 0.614 1.452 0.01 0.018 0.005 0.008
1297.2 1.0 1.0 1.0 1.546 0.559 0.36 0.614 1.452 0.01 0.018 0.005 0.008
1297.3 1.0 1.0 1.0 1.546 0.559 0.36 0.614 1.452 0.01 0.018 0.005 0.008
1297.4 1.0 1.0 1.0 1.546 0.559 0.36 0.614 1.452 0.01 0.018 0.005 0.008
1297.5 1.0 1.0 1.0 1.546 0.559 0.36 0.614 1.452 0.01 0.018 0.005 0.008
1297.6 1.0 1.0 1.0 1.546 0.559 0.36 0.614 1.452 0.01 0.018 0.005 0.008
1297.7 1.0 1.0 1.0 1.546 0.559 0.36 0.614 1.452 0.01 0.018 0.005 0.008
1297.8 1.0 1.0 1.0 1.546 0.559 0.36 0.614 1.452 0.01 0.018 0.005 0.008
1297.9 1.0 1.0 1.0 1.546 0.559 0.36 0.614 1.452 0.01 0.018 0.005 0.008
1298.0 1.0 1.0 1.0 1.546 0.559 0.36 0.614 1.452 0.01 0.018 0.005 0.008
1298.1 1.0 1.0 1.0 1.546 0.559 0.36 0.614 1.452 0.01 0.018 0.005 0.008
1298.2 1.0 1.0 1.0 1.546 0.559 0.36 0.614 1.452 0.01 0.018 0.005 0.008
1298.3 1.0 1.0 1.0 1.546 0.559 0.36 0.614 1.452 0.01 0.018 0.005 0.008
1298.4 1.0 1.0 1.0 1.546 0.559 0.36 0.614 1.452 0.01 0.018 0.005 0.008
1298.5 1.0 1.0 1.0 1.546 0.559 0.36 0.614 1.452 0.01 0.018 0.005 0.008
1298.6 1.0 1.0 1.0 1.546 0.559 0.36 0.614 1.452 0.01 0.018 0.005 0.008
1298.7 1.0 1.0 1.0 1.546 0.559 0.36 0.614 1.452 0.01 0.018 0.005 0.008
1298.8 1.0 1.0 1.0 1.546 0.559 0.36 0.614 1.452 0.01 0.018 0.005 0.008
1298.9 1.0 1.0 1.0 1.546 0.559 0.36 0.614 1.452 0.01 0.018 0.005 0.008
1299.0 1.0 1.0 1.0 1.546 0.559 0.36 0.614 1.452 0.01 0.018 0.005 0.008
1299.1 1.0 1.0 1.0 1.546 0.559 0.36 0.614 1.452 0.01 0.018 0.005 0.008
1299.2 1.0 1.0 1.0 1.546 0.559 0.36 0.614 1.452 0.01 0.018 0.005 0.008
1299.3 1.0 1.0 1.0 1.546 0.559 0.36 0.614 1.452 0.01 0.018 0.005 0.008
1299.4 1.0 1.0 1.0 1.546 0.559 0.36 0.614 1.452 0.01 0.018 0.005 0.008
1299.5 1.0 1.0 1.0 1.546 0.559 0.36 0.614 1.452 0.01 0.018 0.005 0.008
1299.6 1.0 1.0 1.0 1.546 0.559 0.36 0.614 1.452 0.01 0.018 0.005 0.008
1299.7 1.0 1.0 1.0 1.546 0.559 0.36 0.614 1.452 0.01 0.018 0.005 0.008
1299.8 1.0 1.0 1.0 1.546 0.559 0.36 0.614 1.452 0.01 0.018 0.005 0.008
