2000.0 1.0 1.0 1.0 1.546 0.559 0.36 0.614 1.453 0.454 1.88 0.021 1.253 0.01 0.01 0.01
2000.1 1.0 1.0 1.0 1.546 0.559 0.36 0.614 1.452 0.454 1.88 0.022 1.253 0.01 0.01 0.01
2000.2 1.0 1.0 1.0 1.546 0.559 0.36 0.614 1.451 0.454 1.88 0.024 1.253 0.01 0.01 0.01
2000.3 1.0 1.0 1.0 1.546 0.559 0.36 0.613 1.45 0.454 1.88 0.025 1.253 0.01 0.01 0.01
2000.4 1.0 1.0 1.0 1.546 0.559 0.36 0.613 1.449 0.454 1.88 0.026 1.253 0.01 0.01 0.01
2000.5 1.0 1.0 1.0 1.546 0.559 0.36 0.613 1.448 0.454 1.88 0.028 1.253 0.01 0.01 0.01
2000.6 1.0 1.0 1.0 1.546 0.559 0.36 0.613 1.447 0.454 1.88 0.029 1.253 0.01 0.01 0.01
2000.7 1.0 1.0 1.0 1.546 0.559 0.36 0.612 1.446 0.454 1.88 0.03 1.253 0.01 0.01 0.01
2000.8 1.0 1.0 1.0 1.546 0.559 0.36 0.612 1.446 0.454 1.88 0.032 1.253 0.01 0.01 0.01
2000.9 1.0 1.0 1.0 1.546 0.559 0.36 0.612 1.445 0.454 1.88 0.033 1.253 0.01 0.01 0.01
2001.0 1.0 1.0 1.0 1.546 0.559 0.36 0.612 1.444 0.454 1.88 0.034 1.253 0.01 0.01 0.01
2001.1 1.0 1.0 1.0 1.546 0.559 0.36 0.612 1.444 0.454 1.88 0.036 1.253 0.01 0.01 0.01
2001.2 1.0 1.0 1.0 1.546 0.559 0.36 0.612 1.443 0.454 1.88 0.037 1.253 0.01 0.01 0.01
2001.3 1.0 1.0 1.0 1.546 0.559 0.36 0.611 1.443 0.454 1.88 0.038 1.253 0.01 0.01 0.01
2001.4 1.0 1.0 1.0 1.546 0.559 0.36 0.611 1.443 0.454 1.88 0.039 1.253 0.01 0.01 0.01
2001.5 1.0 1.0 1.0 1.546 0.559 0.36 0.611 1.442 0.454 1.88 0.041 1.253 0.01 0.01 0.01
2001.6 1.0 1.0 1.0 1.546 0.559 0.36 0.611 1.442 0.454 1.88 0.042 1.253 0.01 0.01 0.01
2001.7 1.0 1.0 1.0 1.546 0.559 0.36 0.611 1.442 0.454 1.88 0.043 1.253 0.01 0.01 0.01
2001.8 1.0 1.0 1.0 1.546 0.559 0.36 0.611 1.441 0.454 1.88 0.045 1.253 0.01 0.01 0.01
2001.9 1.0 1.0 1.0 1.546 0.559 0.36 0.611 1.441 0.454 1.88 0.046 1.253 0.01 0.01 0.01
2002.0 1.0 1.0 1.0 1.546 0.559 0.36 0.611 1.441 0.454 1.88 0.047 1.253 0.01 0.01 0.01
2002.1 1.0 1.0 1.0 1.546 0.559 0.36 0.611 1.44 0.454 1.88 0.048 1.253 0.01 0.01 0.01
2002.2 1.0 1.0 1.0 1.546 0.559 0.36 0.611 1.44 0.454 1.88 0.05 1.253 0.01 0.01 0.01
2002.3 1.0 1.0 1.0 1.546 0.559 0.36 0.611 1.44 0.454 1.88 0.051 1.253 0.01 0.01 0.01
2002.4 1.0 1.0 1.0 1.546 0.559 0.36 0.611 1.44 0.454 1.88 0.052 1.253 0.01 0.01 0.01
2002.5 1.0 1.0 1.0 1.546 0.559 0.36 0.61 1.44 0.454 1.88 0.054 1.253 0.01 0.01 0.01
2002.6 1.0 1.0 1.0 1.546 0.559 0.36 0.61 1.44 0.454 1.88 0.055 1.253 0.01 0.01 0.01
2002.7 1.0 1.0 1.0 1.545 0.558 0.36 0.61 1.439 0.454 1.88 0.056 1.253 0.01 0.01 0.01
2002.8 1.0 1.0 1.0 1.545 0.558 0.36 0.61 1.439 0.454 1.88 0.057 1.253 0.01 0.01 0.01
2002.9 1.0 1.0 1.0 1.545 0.558 0.36 0.61 1.439 0.454 1.88 0.059 1.253 0.01 0.01 0.01
2003.0 1.0 1.0 1.0 1.545 0.558 0.36 0.61 1.439 0.454 1.88 0.06 1.253 0.01 0.01 0.01
2003.1 1.0 1.0 1.0 1.545 0.558 0.36 0.61 1.439 0.454 1.88 0.061 1.253 0.01 0.01 0.01
2003.2 1.0 1.0 1.0 1.545 0.558 0.36 0.61 1.439 0.454 1.88 0.062 1.253 0.01 0.01 0.01
2003.3 1.0 1.0 1.0 1.545 0.558 0.36 0.61 1.439 0.454 1.88 0.064 1.253 0.01 0.01 0.01
2003.4 1.0 1.0 1.0 1.545 0.558 0.36 0.61 1.439 0.454 1.88 0.065 1.253 0.01 0.01 0.01
2003.5 1.0 1.0 1.0 1.545 0.558 0.36 0.61 1.439 0.454 1.88 0.066 1.253 0.01 0.01 0.01
2003.6 1.0 1.0 1.0 1.545 0.558 0.36 0.61 1.439 0.454 1.88 0.067 1.253 0.01 0.01 0.01
2003.7 1.0 1.0 1.0 1.545 0.558 0.36 0.61 1.439 0.454 1.88 0.069 1.253 0.01 0.01 0.01
2003.8 1.0 1.0 1.0 1.545 0.558 0.36 0.61 1.438 0.454 1.88 0.07 1.253 0.01 0.01 0.01
2003.9 1.0 1.0 1.0 1.545 0.558 0.36 0.61 1.438 0.454 1.88 0.071 1.253 0.01 0.01 0.01
2004.0 1.0 1.0 1.0 1.545 0.558 0.36 0.61 1.438 0.454 1.88 0.072 1.253 0.01 0.01 0.01
2004.1 1.0 1.0 1.0 1.545 0.558 0.36 0.61 1.438 0.454 1.88 0.074 1.253 0.01 0.01 0.01
2004.2 1.0 1.0 1.0 1.545 0.558 0.36 0.61 1.438 0.454 1.88 0.075 1.253 0.01 0.01 0.01
2004.3 1.0 1.0 1.0 1.545 0.558 0.36 0.61 1.438 0.454 1.88 0.076 1.253 0.01 0.01 0.01
2004.4 1.0 1.0 1.0 1.545 0.558 0.36 0.61 1.438 0.454 1.88 0.077 1.253 0.01 0.01 0.01
2004.5 1.0 1.0 1.0 1.545 0.558 0.36 0.61 1.438 0.454 1.88 0.079 1.253 0.01 0.01 0.01
2004.6 1.0 1.0 1.0 1.545 0.558 0.36 0.61 1.438 0.454 1.88 0.08 1.253 0.01 0.01 0.01
2004.7 1.0 1.0 1.0 1.545 0.558 0.36 0.61 1.438 0.454 1.88 0.081 1.253 0.01 0.01 0.01
2004.8 1.0 1.0 1.0 1.545 0.558 0.36 0.61 1.438 0.454 1.88 0.082 1.253 0.01 0.01 0.01
2004.9 1.0 1.0 1.0 1.545 0.558 0.36 0.61 1.438 0.454 1.88 0.083 1.253 0.01 0.01 0.01
2005.0 1.0 1.0 1.0 1.545 0.558 0.36 0.61 1.438 0.454 1.88 0.085 1.253 0.01 0.01 0.01
2005.1 1.0 1.0 1.0 1.545 0.558 0.36 0.61 1.438 0.454 1.88 0.086 1.253 0.01 0.01 0.01
2005.2 1.0 1.0 1.0 1.545 0.558 0.36 0.61 1.438 0.454 1.88 0.087 1.253 0.01 0.01 0.01
2005.3 1.0 1.0 1.0 1.545 0.558 0.36 0.61 1.438 0.454 1.88 0.088 1.253 0.01 0.01 0.01
2005.4 1.0 1.0 1.0 1.545 0.558 0.36 0.61 1.438 0.454 1.88 0.09 1.253 0.01 0.01 0.01
2005.5 1.0 1.0 1.0 1.545 0.558 0.36 0.61 1.438 0.454 1.88 0.091 1.253 0.01 0.01 0.01
2005.6 1.0 1.0 1.0 1.545 0.558 0.36 0.61 1.438 0.454 1.88 0.092 1.253 0.01 0.01 0.01
2005.7 1.0 1.0 1.0 1.545 0.558 0.36 0.61 1.438 0.454 1.88 0.093 1.253 0.01 0.01 0.01
2005.8 1.0 1.0 1.0 1.545 0.558 0.36 0.61 1.438 0.454 1.88 0.094 1.253 0.01 0.01 0.01
2005.9 1.0 1.0 1.0 1.545 0.558 0.36 0.61 1.438 0.454 1.88 0.096 1.253 0.01 0.01 0.01
2006.0 1.0 1.0 1.0 1.545 0.558 0.36 0.61 1.438 0.454 1.88 0.097 1.253 0.01 0.01 0.01
2006.1 1.0 1.0 1.0 1.545 0.558 0.36 0.61 1.438 0.454 1.88 0.098 1.253 0.01 0.01 0.01
2006.2 1.0 1.0 1.0 1.545 0.558 0.36 0.61 1.438 0.454 1.88 0.099 1.253 0.01 0.01 0.01
2006.3 1.0 1.0 1.0 1.545 0.558 0.36 0.61 1.438 0.454 1.88 0.1 1.253 0.01 0.01 0.01
2006.4 1.0 1.0 1.0 1.545 0.558 0.36 0.61 1.438 0.454 1.88 0.102 1.253 0.01 0.01 0.01
2006.5 1.0 1.0 1.0 1.545 0.558 0.36 0.61 1.438 0.454 1.88 0.103 1.253 0.01 0.01 0.01
2006.6 1.0 1.0 1.0 1.545 0.558 0.36 0.61 1.438 0.454 1.88 0.104 1.253 0.01 0.01 0.01
2006.7 1.0 1.0 1.0 1.545 0.558 0.36 0.61 1.438 0.454 1.88 0.105 1.253 0.01 0.01 0.01
2006.8 1.0 1.0 1.0 1.545 0.558 0.36 0.61 1.438 0.454 1.88 0.106 1.253 0.01 0.01 0.01
2006.9 1.0 1.0 1.0 1.545 0.558 0.36 0.61 1.438 0.454 1.88 0.108 1.253 0.01 0.01 0.01
2007.0 1.0 1.0 1.0 1.545 0.558 0.36 0.61 1.438 0.454 1.88 0.109 1.253 0.01 0.01 0.01
2007.1 1.0 1.0 1.0 1.545 0.558 0.36 0.61 1.438 0.454 1.88 0.11 1.253 0.01 0.01 0.01
2007.2 1.0 1.0 1.0 1.545 0.558 0.36 0.61 1.438 0.454 1.88 0.111 1.253 0.01 0.01 0.01
2007.3 1.0 1.0 1.0 1.545 0.558 0.36 0.61 1.438 0.454 1.88 0.112 1.253 0.01 0.01 0.01
2007.4 1.0 1.0 1.0 1.545 0.558 0.36 0.61 1.438 0.454 1.88 0.113 1.253 0.01 0.01 0.01
2007.5 1.0 1.0 1.0 1.545 0.558 0.36 0.61 1.438 0.454 1.88 0.115 1.253 0.01 0.01 0.01
2007.6 1.0 1.0 1.0 1.545 0.558 0.36 0.61 1.438 0.454 1.88 0.116 1.253 0.01 0.01 0.01
2007.7 1.0 1.0 1.0 1.545 0.558 0.36 0.61 1.438 0.454 1.88 0.117 1.253 0.01 0.01 0.01
2007.8 1.0 1.0 1.0 1.545 0.558 0.36 0.61 1.438 0.454 1.88 0.118 1.253 0.01 0.01 0.01
2007.9 1.0 1.0 1.0 1.545 0.558 0.36 0.61 1.438 0.454 1.88 0.119 1.253 0.01 0.01 0.01
2008.0 1.0 1.0 1.0 1.544 0.558 0.36 0.61 1.438 0.454 1.88 0.12 1.253 0.01 0.01 0.01
2008.1 1.0 1.0 1.0 1.544 0.558 0.36 0.61 1.438 0.454 1.88 0.122 1.253 0.01 0.01 0.01
2008.2 1.0 1.0 1.0 1.544 0.558 0.36 0.61 1.438 0.454 1.88 0.123 1.253 0.01 0.01 0.01
2008.3 1.0 1.0 1.0 1.544 0.558 0.36 0.61 1.438 0.454 1.88 0.124 1.253 0.01 0.01 0.01
2008.4 1.0 1.0 1.0 1.544 0.558 0.36 0.61 1.438 0.454 1.88 0.125 1.253 0.01 0.01 0.01
2008.5 1.0 1.0 1.0 1.544 0.558 0.36 0.61 1.439 0.454 1.88 0.126 1.253 0.01 0.01 0.01
2008.6 1.0 1.0 1.0 1.544 0.558 0.36 0.61 1.439 0.454 1.88 0.127 1.253 0.01 0.01 0.01
2008.7 1.0 1.0 1.0 1.544 0.558 0.36 0.61 1.439 0.454 1.88 0.129 1.253 0.01 0.01 0.01
2008.8 1.0 1.0 1.0 1.544 0.558 0.36 0.61 1.439 0.454 1.88 0.13 1.253 0.01 0.01 0.01
2008.9 1.0 1.0 1.0 1.544 0.558 0.36 0.61 1.439 0.454 1.88 0.131 1.253 0.01 0.01 0.01
2009.0 1.0 1.0 1.0 1.544 0.558 0.36 0.61 1.439 0.454 1.88 0.132 1.253 0.01 0.01 0.01
2009.1 1.0 1.0 1.0 1.544 0.558 0.36 0.61 1.439 0.454 1.88 0.133 1.253 0.01 0.01 0.01
2009.2 1.0 1.0 1.0 1.544 0.558 0.36 0.61 1.439 0.454 1.88 0.134 1.253 0.01 0.01 0.01
2009.3 1.0 1.0 1.0 1.544 0.558 0.36 0.61 1.439 0.454 1.88 0.135 1.253 0.01 0.01 0.01
2009.4 1.0 1.0 1.0 1.544 0.558 0.36 0.61 1.439 0.454 1.88 0.137 1.253 0.01 0.01 0.01
2009.5 1.0 1.0 1.0 1.544 0.558 0.36 0.61 1.439 0.454 1.88 0.138 1.253 0.01 0.01 0.01
2009.6 1.0 1.0 1.0 1.544 0.558 0.36 0.61 1.439 0.454 1.88 0.139 1.253 0.01 0.01 0.01
2009.7 1.0 1.0 1.0 1.544 0.558 0.36 0.61 1.439 0.454 1.88 0.14 1.253 0.01 0.01 0.01
2009.8 1.0 1.0 1.0 1.544 0.558 0.36 0.61 1.439 0.454 1.88 0.141 1.253 0.01 0.01 0.01
2009.9 1.0 1.0 1.0 1.544 0.558 0.36 0.61 1.439 0.454 1.88 0.142 1.253 0.01 0.01 0.01
2010.0 1.0 1.0 1.0 1.544 0.558 0.36 0.61 1.439 0.454 1.88 0.143 1.253 0.01 0.01 0.01
2010.1 1.0 1.0 1.0 1.544 0.558 0.36 0.61 1.439 0.454 1.88 0.145 1.253 0.01 0.01 0.01
2010.2 1.0 1.0 1.0 1.544 0.558 0.36 0.61 1.439 0.454 1.88 0.146 1.253 0.01 0.01 0.01
2010.3 1.0 1.0 1.0 1.544 0.558 0.36 0.61 1.439 0.454 1.88 0.147 1.253 0.01 0.01 0.01
2010.4 1.0 1.0 1.0 1.544 0.558 0.36 0.61 1.439 0.454 1.88 0.148 1.253 0.01 0.01 0.01
2010.5 1.0 1.0 1.0 1.544 0.558 0.36 0.61 1.439 0.454 1.88 0.149 1.253 0.01 0.01 0.01
2010.6 1.0 1.0 1.0 1.544 0.558 0.36 0.61 1.439 0.454 1.88 0.15 1.253 0.01 0.01 0.01
2010.7 1.0 1.0 1.0 1.544 0.558 0.36 0.61 1.439 0.454 1.88 0.151 1.253 0.01 0.01 0.01
2010.8 1.0 1.0 1.0 1.544 0.558 0.36 0.61 1.439 0.454 1.88 0.152 1.253 0.01 0.01 0.01
2010.9 1.0 1.0 1.0 1.544 0.558 0.36 0.61 1.439 0.454 1.88 0.154 1.253 0.01 0.01 0.01
2011.0 1.0 1.0 1.0 1.544 0.558 0.36 0.61 1.439 0.454 1.88 0.155 1.253 0.01 0.01 0.01
2011.1 1.0 1.0 1.0 1.544 0.558 0.36 0.61 1.439 0.454 1.88 0.156 1.253 0.01 0.01 0.01
2011.2 1.0 1.0 1.0 1.544 0.558 0.36 0.61 1.439 0.454 1.88 0.157 1.253 0.01 0.01 0.01
2011.3 1.0 1.0 1.0 1.544 0.558 0.36 0.61 1.439 0.454 1.88 0.158 1.253 0.01 0.01 0.01
2011.4 1.0 1.0 1.0 1.544 0.558 0.36 0.61 1.439 0.454 1.88 0.159 1.253 0.01 0.01 0.01
2011.5 1.0 1.0 1.0 1.544 0.558 0.36 0.61 1.439 0.454 1.88 0.16 1.253 0.01 0.01 0.01
2011.6 1.0 1.0 1.0 1.544 0.558 0.36 0.61 1.439 0.454 1.88 0.161 1.253 0.01 0.01 0.01
2011.7 1.0 1.0 1.0 1.544 0.558 0.36 0.61 1.439 0.454 1.88 0.163 1.253 0.01 0.01 0.01
2011.8 1.0 1.0 1.0 1.544 0.558 0.36 0.61 1.439 0.454 1.88 0.164 1.253 0.01 0.01 0.01
2011.9 1.0 1.0 1.0 1.544 0.558 0.36 0.61 1.439 0.454 1.88 0.165 1.253 0.01 0.01 0.01
2012.0 1.0 1.0 1.0 1.544 0.558 0.36 0.61 1.439 0.454 1.88 0.166 1.253 0.01 0.01 0.01
2012.1 1.0 1.0 1.0 1.544 0.558 0.36 0.61 1.439 0.454 1.88 0.167 1.253 0.01 0.01 0.01
2012.2 1.0 1.0 1.0 1.544 0.558 0.36 0.61 1.439 0.454 1.88 0.168 1.253 0.01 0.01 0.01
2012.3 1.0 1.0 1.0 1.544 0.558 0.36 0.61 1.439 0.454 1.88 0.169 1.253 0.01 0.01 0.01
2012.4 1.0 1.0 1.0 1.544 0.558 0.36 0.61 1.439 0.454 1.88 0.17 1.253 0.01 0.01 0.01
2012.5 1.0 1.0 1.0 1.544 0.558 0.36 0.61 1.439 0.454 1.88 0.171 1.253 0.01 0.01 0.01
2012.6 1.0 1.0 1.0 1.544 0.558 0.36 0.61 1.439 0.454 1.88 0.172 1.253 0.01 0.01 0.01
2012.7 1.0 1.0 1.0 1.544 0.558 0.36 0.61 1.439 0.454 1.88 0.174 1.253 0.01 0.01 0.01
2012.8 1.0 1.0 1.0 1.544 0.558 0.36 0.61 1.439 0.454 1.88 0.175 1.253 0.01 0.01 0.01
2012.9 1.0 1.0 1.0 1.544 0.558 0.36 0.61 1.439 0.454 1.88 0.176 1.253 0.01 0.01 0.01
2013.0 1.0 1.0 1.0 1.544 0.558 0.36 0.61 1.439 0.454 1.88 0.177 1.253 0.01 0.01 0.01
2013.1 1.0 1.0 1.0 1.544 0.558 0.36 0.61 1.439 0.454 1.88 0.178 1.253 0.01 0.01 0.01
2013.2 1.0 1.0 1.0 1.544 0.558 0.36 0.61 1.439 0.454 1.88 0.179 1.253 0.01 0.01 0.01
2013.3 1.0 1.0 1.0 1.544 0.558 0.36 0.61 1.439 0.454 1.88 0.18 1.253 0.01 0.01 0.01
2013.4 1.0 1.0 1.0 1.544 0.558 0.36 0.61 1.439 0.454 1.88 0.181 1.253 0.01 0.01 0.01
2013.5 1.0 1.0 1.0 1.544 0.558 0.36 0.61 1.439 0.454 1.88 0.182 1.253 0.01 0.01 0.01
2013.6 1.0 1.0 1.0 1.544 0.558 0.36 0.61 1.439 0.454 1.88 0.183 1.253 0.01 0.01 0.01
2013.7 1.0 1.0 1.0 1.544 0.558 0.36 0.61 1.439 0.454 1.88 0.184 1.253 0.01 0.01 0.01
2013.8 1.0 1.0 1.0 1.544 0.558 0.36 0.61 1.439 0.454 1.88 0.185 1.253 0.01 0.01 0.01
2013.9 1.0 1.0 1.0 1.544 0.558 0.36 0.61 1.439 0.454 1.88 0.187 1.253 0.01 0.01 0.01
2014.0 1.0 1.0 1.0 1.544 0.558 0.36 0.61 1.439 0.454 1.88 0.188 1.253 0.01 0.01 0.01
2014.1 1.0 1.0 1.0 1.544 0.558 0.36 0.61 1.439 0.454 1.88 0.189 1.253 0.01 0.01 0.01
2014.2 1.0 1.0 1.0 1.544 0.558 0.36 0.61 1.44 0.454 1.88 0.19 1.253 0.01 0.01 0.01
2014.3 1.0 1.0 1.0 1.544 0.558 0.36 0.61 1.44 0.454 1.88 0.191 1.253 0.01 0.01 0.01
2014.4 1.0 1.0 1.0 1.544 0.558 0.36 0.61 1.44 0.454 1.88 0.192 1.253 0.01 0.01 0.01
2014.5 1.0 1.0 1.0 1.544 0.558 0.36 0.61 1.44 0.454 1.88 0.193 1.253 0.01 0.01 0.01
2014.6 1.0 1.0 1.0 1.544 0.558 0.36 0.61 1.44 0.454 1.88 0.194 1.253 0.01 0.01 0.01
2014.7 1.0 1.0 1.0 1.544 0.558 0.36 0.61 1.44 0.454 1.88 0.195 1.253 0.01 0.01 0.01
2014.8 1.0 1.0 1.0 1.544 0.558 0.36 0.61 1.44 0.454 1.88 0.196 1.253 0.01 0.01 0.01
2014.9 1.0 1.0 1.0 1.544 0.558 0.36 0.61 1.44 0.454 1.88 0.197 1.253 0.01 0.01 0.01
2015.0 1.0 1.0 1.0 1.544 0.558 0.36 0.61 1.44 0.454 1.88 0.198 1.253 0.01 0.01 0.01
2015.1 1.0 1.0 1.0 1.544 0.558 0.36 0.61 1.44 0.454 1.88 0.199 1.253 0.01 0.01 0.01
2015.2 1.0 1.0 1.0 1.544 0.558 0.36 0.61 1.44 0.454 1.88 0.2 1.253 0.01 0.01 0.01
2015.3 1.0 1.0 1.0 1.544 0.558 0.36 0.61 1.44 0.454 1.88 0.201 1.253 0.01 0.01 0.01
2015.4 1.0 1.0 1.0 1.544 0.558 0.36 0.61 1.44 0.454 1.88 0.202 1.253 0.01 0.01 0.01
2015.5 1.0 1.0 1.0 1.544 0.558 0.36 0.61 1.44 0.454 1.88 0.203 1.253 0.01 0.01 0.01
2015.6 1.0 1.0 1.0 1.544 0.558 0.36 0.61 1.44 0.454 1.88 0.205 1.253 0.01 0.01 0.01
2015.7 1.0 1.0 1.0 1.544 0.558 0.36 0.61 1.44 0.454 1.88 0.206 1.253 0.01 0.01 0.01
2015.8 1.0 1.0 1.0 1.544 0.558 0.36 0.61 1.44 0.454 1.88 0.207 1.253 0.01 0.01 0.01
2015.9 1.0 1.0 1.0 1.544 0.558 0.36 0.61 1.44 0.454 1.88 0.208 1.253 0.01 0.01 0.01
2016.0 1.0 1.0 1.0 1.544 0.558 0.36 0.61 1.44 0.454 1.88 0.209 1.253 0.01 0.01 0.01
2016.1 1.0 1.0 1.0 1.544 0.558 0.36 0.61 1.44 0.454 1.88 0.21 1.253 0.01 0.01 0.01
2016.2 1.0 1.0 1.0 1.544 0.558 0.36 0.61 1.44 0.454 1.88 0.211 1.253 0.01 0.01 0.01
2016.3 1.0 1.0 1.0 1.544 0.558 0.36 0.61 1.44 0.454 1.88 0.212 1.253 0.01 0.01 0.01
2016.4 1.0 1.0 1.0 1.544 0.558 0.36 0.61 1.44 0.454 1.88 0.213 1.253 0.01 0.01 0.01
2016.5 1.0 1.0 1.0 1.544 0.558 0.36 0.61 1.44 0.454 1.88 0.214 1.253 0.01 0.01 0.01
2016.6 1.0 1.0 1.0 1.544 0.558 0.36 0.611 1.44 0.454 1.88 0.215 1.253 0.01 0.01 0.01
2016.7 1.0 1.0 1.0 1.544 0.558 0.36 0.611 1.44 0.454 1.88 0.216 1.253 0.01 0.01 0.01
2016.8 1.0 1.0 1.0 1.544 0.558 0.36 0.611 1.44 0.454 1.88 0.217 1.253 0.01 0.01 0.01
2016.9 1.0 1.0 1.0 1.544 0.558 0.36 0.611 1.44 0.454 1.88 0.218 1.253 0.01 0.01 0.01
2017.0 1.0 1.0 1.0 1.544 0.558 0.36 0.611 1.44 0.454 1.88 0.219 1.253 0.01 0.01 0.01
2017.1 1.0 1.0 1.0 1.544 0.558 0.36 0.611 1.44 0.454 1.88 0.22 1.253 0.01 0.01 0.01
2017.2 1.0 1.0 1.0 1.544 0.558 0.36 0.611 1.44 0.454 1.88 0.221 1.253 0.01 0.01 0.01
2017.3 1.0 1.0 1.0 1.544 0.558 0.36 0.611 1.44 0.454 1.88 0.222 1.253 0.01 0.01 0.01
2017.4 1.0 1.0 1.0 1.544 0.558 0.36 0.611 1.44 0.454 1.88 0.223 1.253 0.01 0.01 0.01
2017.5 1.0 1.0 1.0 1.544 0.558 0.36 0.611 1.44 0.454 1.88 0.224 1.253 0.01 0.01 0.01
2017.6 1.0 1.0 1.0 1.544 0.558 0.36 0.611 1.44 0.454 1.88 0.225 1.253 0.01 0.01 0.01
2017.7 1.0 1.0 1.0 1.544 0.558 0.36 0.611 1.44 0.454 1.88 0.226 1.253 0.01 0.01 0.01
2017.8 1.0 1.0 1.0 1.544 0.558 0.36 0.611 1.44 0.454 1.88 0.227 1.253 0.01 0.01 0.01
2017.9 1.0 1.0 1.0 1.544 0.558 0.36 0.611 1.44 0.454 1.88 0.228 1.253 0.01 0.01 0.01
2018.0 1.0 1.0 1.0 1.544 0.558 0.36 0.611 1.44 0.454 1.88 0.229 1.253 0.01 0.01 0.01
2018.1 1.0 1.0 1.0 1.544 0.558 0.36 0.611 1.44 0.454 1.88 0.23 1.253 0.01 0.01 0.01
2018.2 1.0 1.0 1.0 1.544 0.558 0.36 0.611 1.44 0.454 1.88 0.231 1.253 0.01 0.01 0.01
2018.3 1.0 1.0 1.0 1.544 0.558 0.36 0.611 1.44 0.454 1.88 0.232 1.253 0.01 0.01 0.01
2018.4 1.0 1.0 1.0 1.544 0.558 0.36 0.611 1.44 0.454 1.88 0.233 1.253 0.01 0.01 0.01
2018.5 1.0 1.0 1.0 1.544 0.558 0.36 0.611 1.44 0.454 1.88 0.234 1.253 0.01 0.01 0.01
2018.6 1.0 1.0 1.0 1.544 0.558 0.36 0.611 1.44 0.454 1.88 0.235 1.253 0.01 0.01 0.01
2018.7 1.0 1.0 1.0 1.544 0.558 0.36 0.611 1.44 0.454 1.88 0.236 1.253 0.01 0.01 0.01
2018.8 1.0 1.0 1.0 1.544 0.558 0.36 0.611 1.44 0.454 1.88 0.237 1.253 0.01 0.01 0.01
2018.9 1.0 1.0 1.0 1.544 0.558 0.36 0.611 1.44 0.454 1.88 0.238 1.253 0.01 0.01 0.01
2019.0 1.0 1.0 1.0 1.544 0.558 0.36 0.611 1.44 0.454 1.88 0.239 1.253 0.01 0.01 0.01
2019.1 1.0 1.0 1.0 1.544 0.558 0.36 0.611 1.44 0.454 1.88 0.24 1.253 0.01 0.01 0.01
2019.2 1.0 1.0 1.0 1.544 0.558 0.36 0.611 1.44 0.454 1.88 0.241 1.253 0.01 0.01 0.01
2019.3 1.0 1.0 1.0 1.544 0.558 0.36 0.611 1.44 0.454 1.88 0.242 1.253 0.01 0.01 0.01
2019.4 1.0 1.0 1.0 1.544 0.558 0.36 0.611 1.44 0.454 1.88 0.243 1.253 0.01 0.01 0.01
2019.5 1.0 1.0 1.0 1.544 0.558 0.36 0.611 1.44 0.454 1.88 0.244 1.253 0.01 0.01 0.01
2019.6 1.0 1.0 1.0 1.544 0.558 0.36 0.611 1.44 0.454 1.88 0.245 1.253 0.01 0.01 0.01
2019.7 1.0 1.0 1.0 1.544 0.558 0.36 0.611 1.44 0.454 1.88 0.246 1.253 0.01 0.01 0.01
2019.8 1.0 1.0 1.0 1.544 0.558 0.36 0.611 1.44 0.454 1.88 0.247 1.253 0.01 0.01 0.01
2019.9 1.0 1.0 1.0 1.544 0.558 0.36 0.611 1.44 0.454 1.88 0.248 1.253 0.01 0.01 0.01
2020.0 1.0 1.0 1.0 1.544 0.558 0.36 0.611 1.44 0.454 1.88 0.249 1.253 0.01 0.01 0.01
2020.1 1.0 1.0 1.0 1.544 0.558 0.36 0.611 1.44 0.454 1.88 0.25 1.253 0.01 0.01 0.01
2020.2 1.0 1.0 1.0 1.544 0.558 0.36 0.611 1.44 0.454 1.88 0.251 1.253 0.01 0.01 0.01
2020.3 1.0 1.0 1.0 1.544 0.558 0.36 0.611 1.44 0.454 1.88 0.252 1.253 0.01 0.01 0.01
2020.4 1.0 1.0 1.0 1.544 0.558 0.36 0.611 1.441 0.454 1.88 0.253 1.253 0.01 0.01 0.01
2020.5 1.0 1.0 1.0 1.544 0.558 0.36 0.611 1.441 0.454 1.88 0.254 1.253 0.01 0.01 0.01
2020.6 1.0 1.0 1.0 1.544 0.558 0.36 0.611 1.441 0.454 1.88 0.255 1.253 0.01 0.01 0.01
2020.7 1.0 1.0 1.0 1.544 0.558 0.36 0.611 1.441 0.454 1.88 0.256 1.253 0.01 0.01 0.01
2020.8 1.0 1.0 1.0 1.544 0.558 0.36 0.611 1.441 0.454 1.88 0.257 1.253 0.01 0.01 0.01
2020.9 1.0 1.0 1.0 1.544 0.558 0.36 0.611 1.441 0.454 1.88 0.258 1.253 0.01 0.01 0.01
2021.0 1.0 1.0 1.0 1.544 0.558 0.36 0.611 1.441 0.454 1.88 0.259 1.253 0.01 0.01 0.01
2021.1 1.0 1.0 1.0 1.544 0.558 0.36 0.611 1.441 0.454 1.88 0.26 1.253 0.01 0.01 0.01
2021.2 1.0 1.0 1.0 1.544 0.558 0.36 0.611 1.441 0.454 1.88 0.261 1.253 0.01 0.01 0.01
2021.3 1.0 1.0 1.0 1.544 0.558 0.36 0.611 1.441 0.454 1.88 0.262 1.253 0.01 0.01 0.01
2021.4 1.0 1.0 1.0 1.544 0.558 0.36 0.611 1.441 0.454 1.88 0.263 1.253 0.01 0.01 0.01
2021.5 1.0 1.0 1.0 1.544 0.558 0.36 0.611 1.441 0.454 1.88 0.264 1.253 0.01 0.01 0.01
2021.6 1.0 1.0 1.0 1.544 0.558 0.36 0.611 1.441 0.454 1.88 0.265 1.253 0.01 0.01 0.01
2021.7 1.0 1.0 1.0 1.544 0.558 0.36 0.611 1.441 0.454 1.88 0.266 1.253 0.01 0.01 0.01
2021.8 1.0 1.0 1.0 1.544 0.558 0.36 0.611 1.441 0.454 1.88 0.267 1.253 0.01 0.01 0.01
2021.9 1.0 1.0 1.0 1.544 0.558 0.36 0.611 1.441 0.454 1.88 0.268 1.253 0.01 0.01 0.01
2022.0 1.0 1.0 1.0 1.544 0.558 0.36 0.611 1.441 0.454 1.88 0.269 1.253 0.01 0.01 0.01
2022.1 1.0 1.0 1.0 1.544 0.558 0.36 0.611 1.441 0.454 1.88 0.27 1.253 0.01 0.01 0.01
2022.2 1.0 1.0 1.0 1.544 0.558 0.36 0.611 1.441 0.454 1.88 0.271 1.253 0.01 0.01 0.01
2022.3 1.0 1.0 1.0 1.544 0.558 0.36 0.611 1.441 0.454 1.88 0.272 1.253 0.01 0.01 0.01
2022.4 1.0 1.0 1.0 1.544 0.558 0.36 0.611 1.441 0.454 1.88 0.273 1.253 0.01 0.01 0.01
2022.5 1.0 1.0 1.0 1.544 0.558 0.36 0.611 1.441 0.454 1.88 0.274 1.253 0.01 0.01 0.01
2022.6 1.0 1.0 1.0 1.544 0.558 0.36 0.611 1.441 0.454 1.88 0.275 1.253 0.01 0.01 0.01
2022.7 1.0 1.0 1.0 1.544 0.558 0.36 0.611 1.441 0.454 1.88 0.276 1.253 0.01 0.01 0.01
2022.8 1.0 1.0 1.0 1.544 0.558 0.36 0.611 1.441 0.454 1.88 0.276 1.253 0.01 0.01 0.01
2022.9 1.0 1.0 1.0 1.544 0.558 0.36 0.611 1.441 0.454 1.88 0.277 1.253 0.01 0.01 0.01
2023.0 1.0 1.0 1.0 1.544 0.558 0.36 0.611 1.441 0.454 1.88 0.278 1.253 0.01 0.01 0.01
2023.1 1.0 1.0 1.0 1.544 0.558 0.36 0.611 1.441 0.454 1.88 0.279 1.253 0.01 0.01 0.01
2023.2 1.0 1.0 1.0 1.544 0.558 0.36 0.611 1.441 0.454 1.88 0.28 1.253 0.01 0.01 0.01
2023.3 1.0 1.0 1.0 1.544 0.558 0.36 0.611 1.441 0.454 1.88 0.281 1.253 0.01 0.01 0.01
2023.4 1.0 1.0 1.0 1.544 0.558 0.36 0.611 1.441 0.454 1.88 0.282 1.253 0.01 0.01 0.01
2023.5 1.0 1.0 1.0 1.544 0.558 0.36 0.611 1.441 0.454 1.88 0.283 1.253 0.01 0.01 0.01
2023.6 1.0 1.0 1.0 1.544 0.558 0.36 0.611 1.441 0.454 1.88 0.284 1.253 0.01 0.01 0.01
2023.7 1.0 1.0 1.0 1.544 0.558 0.36 0.611 1.441 0.454 1.88 0.285 1.253 0.01 0.01 0.01
2023.8 1.0 1.0 1.0 1.544 0.558 0.36 0.611 1.441 0.454 1.88 0.286 1.253 0.01 0.01 0.01
2023.9 1.0 1.0 1.0 1.544 0.558 0.36 0.611 1.441 0.454 1.88 0.287 1.253 0.01 0.01 0.01
2024.0 1.0 1.0 1.0 1.544 0.558 0.36 0.611 1.441 0.454 1.88 0.288 1.253 0.01 0.01 0.01
2024.1 1.0 1.0 1.0 1.544 0.558 0.36 0.611 1.441 0.454 1.88 0.289 1.253 0.01 0.01 0.01
2024.2 1.0 1.0 1.0 1.544 0.558 0.36 0.611 1.441 0.454 1.88 0.29 1.253 0.01 0.01 0.01
2024.3 1.0 1.0 1.0 1.544 0.558 0.36 0.611 1.441 0.454 1.88 0.291 1.253 0.01 0.01 0.01
2024.4 1.0 1.0 1.0 1.544 0.558 0.36 0.611 1.441 0.454 1.88 0.292 1.253 0.01 0.01 0.01
2024.5 1.0 1.0 1.0 1.544 0.558 0.36 0.611 1.441 0.454 1.88 0.292 1.253 0.01 0.01 0.01
2024.6 1.0 1.0 1.0 1.544 0.558 0.36 0.611 1.441 0.454 1.88 0.293 1.253 0.01 0.01 0.01
2024.7 1.0 1.0 1.0 1.544 0.558 0.36 0.611 1.441 0.454 1.88 0.294 1.253 0.01 0.01 0.01
2024.8 1.0 1.0 1.0 1.544 0.558 0.36 0.611 1.441 0.454 1.88 0.295 1.253 0.01 0.01 0.01
2024.9 1.0 1.0 1.0 1.544 0.558 0.36 0.611 1.441 0.454 1.88 0.296 1.253 0.01 0.01 0.009
2025.0 1.0 1.0 1.0 1.544 0.558 0.36 0.611 1.441 0.454 1.88 0.297 1.253 0.01 0.01 0.009
2025.1 1.0 1.0 1.0 1.544 0.558 0.36 0.611 1.441 0.454 1.88 0.298 1.253 0.01 0.01 0.009
2025.2 1.0 1.0 1.0 1.544 0.558 0.36 0.611 1.441 0.454 1.88 0.299 1.253 0.01 0.01 0.009
2025.3 1.0 1.0 1.0 1.544 0.558 0.36 0.611 1.441 0.454 1.88 0.3 1.253 0.01 0.01 0.009
2025.4 1.0 1.0 1.0 1.544 0.558 0.36 0.611 1.441 0.454 1.88 0.301 1.253 0.01 0.01 0.009
2025.5 1.0 1.0 1.0 1.544 0.558 0.36 0.611 1.441 0.454 1.88 0.302 1.253 0.01 0.01 0.009
2025.6 1.0 1.0 1.0 1.544 0.558 0.36 0.611 1.441 0.454 1.88 0.303 1.253 0.01 0.01 0.009
2025.7 1.0 1.0 1.0 1.544 0.558 0.36 0.611 1.441 0.454 1.88 0.304 1.253 0.01 0.01 0.009
2025.8 1.0 1.0 1.0 1.544 0.558 0.36 0.611 1.441 0.454 1.88 0.304 1.253 0.01 0.01 0.009
2025.9 1.0 1.0 1.0 1.544 0.558 0.36 0.611 1.441 0.454 1.88 0.305 1.253 0.01 0.01 0.009
2026.0 1.0 1.0 1.0 1.544 0.558 0.36 0.611 1.441 0.454 1.88 0.306 1.253 0.01 0.01 0.009
2026.1 1.0 1.0 1.0 1.544 0.558 0.36 0.611 1.441 0.454 1.88 0.307 1.253 0.01 0.01 0.009
2026.2 1.0 1.0 1.0 1.544 0.558 0.36 0.611 1.441 0.454 1.88 0.308 1.253 0.01 0.01 0.009
2026.3 1.0 1.0 1.0 1.544 0.558 0.36 0.611 1.441 0.454 1.88 0.309 1.253 0.01 0.01 0.009
2026.4 1.0 1.0 1.0 1.544 0.558 0.36 0.611 1.441 0.454 1.88 0.31 1.253 0.01 0.011 0.009
2026.5 1.0 1.0 1.0 1.544 0.558 0.36 0.611 1.441 0.454 1.88 0.311 1.253 0.01 0.011 0.009
2026.6 1.0 1.0 1.0 1.544 0.558 0.36 0.611 1.441 0.454 1.88 0.312 1.253 0.01 0.011 0.009
2026.7 1.0 1.0 1.0 1.544 0.558 0.36 0.611 1.441 0.454 1.88 0.313 1.253 0.01 0.011 0.009
2026.8 1.0 1.0 1.0 1.544 0.558 0.36 0.611 1.441 0.454 1.88 0.314 1.253 0.01 0.011 0.009
2026.9 1.0 1.0 1.0 1.544 0.558 0.36 0.611 1.441 0.454 1.88 0.314 1.253 0.01 0.011 0.009
2027.0 1.0 1.0 1.0 1.544 0.558 0.36 0.611 1.441 0.454 1.88 0.315 1.253 0.01 0.011 0.009
2027.1 1.0 1.0 1.0 1.544 0.558 0.36 0.611 1.441 0.454 1.88 0.316 1.253 0.01 0.011 0.009
2027.2 1.0 1.0 1.0 1.544 0.558 0.36 0.611 1.441 0.454 1.88 0.317 1.253 0.01 0.011 0.009
2027.3 1.0 1.0 1.0 1.544 0.558 0.36 0.611 1.441 0.454 1.88 0.318 1.253 0.01 0.011 0.009
2027.4 1.0 1.0 1.0 1.544 0.558 0.36 0.611 1.441 0.454 1.88 0.319 1.253 0.01 0.011 0.009
2027.5 1.0 1.0 1.0 1.544 0.558 0.36 0.611 1.442 0.454 1.88 0.32 1.253 0.01 0.011 0.009
2027.6 1.0 1.0 1.0 1.544 0.558 0.36 0.611 1.442 0.454 1.88 0.321 1.253 0.01 0.011 0.009
2027.7 1.0 1.0 1.0 1.544 0.558 0.36 0.611 1.442 0.454 1.88 0.322 1.253 0.01 0.011 0.009
2027.8 1.0 1.0 1.0 1.544 0.558 0.36 0.611 1.442 0.454 1.88 0.323 1.253 0.01 0.011 0.009
2027.9 1.0 1.0 1.0 1.544 0.558 0.36 0.611 1.442 0.454 1.88 0.323 1.253 0.01 0.011 0.009
2028.0 1.0 1.0 1.0 1.544 0.558 0.36 0.611 1.442 0.454 1.88 0.324 1.253 0.01 0.011 0.009
2028.1 1.0 1.0 1.0 1.544 0.558 0.36 0.611 1.442 0.454 1.88 0.325 1.253 0.01 0.011 0.009
2028.2 1.0 1.0 1.0 1.544 0.558 0.36 0.611 1.442 0.454 1.88 0.326 1.253 0.01 0.011 0.009
2028.3 1.0 1.0 1.0 1.544 0.558 0.36 0.611 1.442 0.454 1.88 0.327 1.253 0.01 0.011 0.009
2028.4 1.0 1.0 1.0 1.544 0.558 0.36 0.611 1.442 0.454 1.88 0.328 1.253 0.01 0.011 0.009
2028.5 1.0 1.0 1.0 1.544 0.558 0.36 0.611 1.442 0.454 1.88 0.329 1.253 0.01 0.011 0.009
2028.6 1.0 1.0 1.0 1.544 0.558 0.36 0.611 1.442 0.454 1.88 0.33 1.253 0.01 0.011 0.009
2028.7 1.0 1.0 1.0 1.544 0.558 0.36 0.611 1.442 0.454 1.88 0.33 1.253 0.01 0.011 0.009
2028.8 1.0 1.0 1.0 1.544 0.558 0.36 0.611 1.442 0.454 1.88 0.331 1.253 0.01 0.011 0.009
2028.9 1.0 1.0 1.0 1.544 0.558 0.36 0.611 1.442 0.454 1.88 0.332 1.253 0.01 0.011 0.009
2029.0 1.0 1.0 1.0 1.544 0.558 0.36 0.611 1.442 0.454 1.88 0.333 1.253 0.01 0.011 0.009
2029.1 1.0 1.0 1.0 1.544 0.558 0.36 0.611 1.442 0.454 1.88 0.334 1.253 0.01 0.011 0.009
2029.2 1.0 1.0 1.0 1.544 0.558 0.36 0.611 1.442 0.454 1.88 0.335 1.253 0.01 0.011 0.009
2029.3 1.0 1.0 1.0 1.544 0.558 0.36 0.611 1.442 0.454 1.88 0.336 1.253 0.01 0.011 0.009
2029.4 1.0 1.0 1.0 1.544 0.558 0.36 0.611 1.442 0.454 1.88 0.337 1.253 0.01 0.011 0.009
2029.5 1.0 1.0 1.0 1.544 0.558 0.36 0.611 1.442 0.454 1.88 0.337 1.253 0.01 0.011 0.009
2029.6 1.0 1.0 1.0 1.544 0.558 0.36 0.611 1.442 0.454 1.88 0.338 1.253 0.01 0.011 0.009
2029.7 1.0 1.0 1.0 1.544 0.558 0.36 0.611 1.442 0.454 1.88 0.339 1.253 0.01 0.011 0.009
2029.8 1.0 1.0 1.0 1.544 0.558 0.36 0.611 1.442 0.454 1.88 0.34 1.253 0.01 0.011 0.009
2029.9 1.0 1.0 1.0 1.544 0.558 0.36 0.611 1.442 0.454 1.88 0.341 1.253 0.01 0.011 0.009
2030.0 1.0 1.0 1.0 1.544 0.558 0.36 0.611 1.442 0.454 1.88 0.342 1.253 0.01 0.011 0.009
2030.1 1.0 1.0 1.0 1.544 0.558 0.36 0.611 1.442 0.454 1.88 0.343 1.253 0.01 0.011 0.009
2030.2 1.0 1.0 1.0 1.544 0.558 0.36 0.611 1.442 0.454 1.88 0.344 1.253 0.01 0.011 0.009
2030.3 1.0 1.0 1.0 1.544 0.558 0.36 0.611 1.442 0.454 1.88 0.344 1.253 0.01 0.011 0.009
2030.4 1.0 1.0 1.0 1.544 0.558 0.36 0.611 1.442 0.454 1.88 0.345 1.253 0.01 0.011 0.009
2030.5 1.0 1.0 1.0 1.544 0.558 0.36 0.611 1.442 0.454 1.88 0.346 1.253 0.01 0.011 0.009
2030.6 1.0 1.0 1.0 1.544 0.558 0.36 0.611 1.442 0.454 1.88 0.347 1.253 0.01 0.011 0.009
2030.7 1.0 1.0 1.0 1.544 0.558 0.36 0.611 1.442 0.454 1.88 0.348 1.253 0.01 0.011 0.009
2030.8 1.0 1.0 1.0 1.544 0.558 0.36 0.611 1.442 0.454 1.88 0.349 1.253 0.01 0.011 0.009
2030.9 1.0 1.0 1.0 1.544 0.558 0.36 0.611 1.442 0.454 1.88 0.35 1.253 0.01 0.011 0.009
2031.0 1.0 1.0 1.0 1.544 0.558 0.36 0.611 1.442 0.454 1.88 0.35 1.253 0.01 0.011 0.009
2031.1 1.0 1.0 1.0 1.544 0.558 0.36 0.611 1.442 0.454 1.88 0.351 1.253 0.01 0.011 0.009
2031.2 1.0 1.0 1.0 1.544 0.558 0.36 0.611 1.442 0.454 1.88 0.352 1.253 0.01 0.011 0.009
2031.3 1.0 1.0 1.0 1.544 0.558 0.36 0.611 1.442 0.454 1.88 0.353 1.253 0.01 0.011 0.009
2031.4 1.0 1.0 1.0 1.544 0.558 0.36 0.611 1.442 0.454 1.88 0.354 1.253 0.01 0.011 0.009
2031.5 1.0 1.0 1.0 1.544 0.558 0.36 0.611 1.442 0.454 1.88 0.355 1.253 0.01 0.011 0.009
2031.6 1.0 1.0 1.0 1.544 0.558 0.36 0.611 1.442 0.454 1.88 0.356 1.253 0.01 0.011 0.009
2031.7 1.0 1.0 1.0 1.544 0.558 0.36 0.611 1.442 0.454 1.88 0.356 1.253 0.01 0.011 0.009
2031.8 1.0 1.0 1.0 1.544 0.558 0.36 0.611 1.442 0.454 1.88 0.357 1.253 0.01 0.011 0.009
2031.9 1.0 1.0 1.0 1.544 0.558 0.36 0.611 1.442 0.454 1.88 0.358 1.253 0.01 0.011 0.009
2032.0 1.0 1.0 1.0 1.544 0.558 0.36 0.611 1.442 0.454 1.88 0.359 1.253 0.01 0.011 0.009
2032.1 1.0 1.0 1.0 1.544 0.558 0.36 0.611 1.442 0.454 1.88 0.36 1.253 0.01 0.011 0.009
2032.2 1.0 1.0 1.0 1.544 0.558 0.36 0.611 1.442 0.454 1.88 0.361 1.253 0.01 0.011 0.009
2032.3 1.0 1.0 1.0 1.544 0.558 0.36 0.611 1.442 0.454 1.88 0.361 1.253 0.01 0.011 0.009
2032.4 1.0 1.0 1.0 1.544 0.558 0.36 0.611 1.442 0.454 1.88 0.362 1.253 0.01 0.011 0.009
2032.5 1.0 1.0 1.0 1.544 0.558 0.36 0.611 1.442 0.454 1.88 0.363 1.253 0.01 0.011 0.009
2032.6 1.0 1.0 1.0 1.544 0.558 0.36 0.611 1.442 0.454 1.88 0.364 1.253 0.01 0.011 0.009
2032.7 1.0 1.0 1.0 1.544 0.558 0.36 0.611 1.442 0.454 1.88 0.365 1.253 0.01 0.011 0.009
2032.8 1.0 1.0 1.0 1.544 0.558 0.36 0.611 1.442 0.454 1.88 0.366 1.253 0.01 0.011 0.009
2032.9 1.0 1.0 1.0 1.544 0.558 0.36 0.611 1.442 0.454 1.88 0.367 1.253 0.01 0.011 0.009
2033.0 1.0 1.0 1.0 1.544 0.558 0.36 0.611 1.442 0.454 1.88 0.367 1.253 0.01 0.011 0.009
2033.1 1.0 1.0 1.0 1.544 0.558 0.36 0.611 1.442 0.454 1.88 0.368 1.253 0.01 0.011 0.009
2033.2 1.0 1.0 1.0 1.544 0.558 0.36 0.611 1.442 0.454 1.88 0.369 1.253 0.01 0.011 0.009
2033.3 1.0 1.0 1.0 1.544 0.558 0.36 0.611 1.442 0.454 1.88 0.37 1.253 0.01 0.011 0.009
2033.4 1.0 1.0 1.0 1.544 0.558 0.36 0.611 1.442 0.454 1.88 0.371 1.253 0.01 0.011 0.009
2033.5 1.0 1.0 1.0 1.544 0.558 0.36 0.611 1.442 0.454 1.88 0.372 1.253 0.01 0.011 0.009
2033.6 1.0 1.0 1.0 1.544 0.558 0.36 0.611 1.442 0.454 1.88 0.372 1.253 0.01 0.011 0.009
2033.7 1.0 1.0 1.0 1.544 0.558 0.36 0.611 1.442 0.454 1.88 0.373 1.253 0.01 0.011 0.009
2033.8 1.0 1.0 1.0 1.544 0.558 0.36 0.611 1.442 0.454 1.88 0.374 1.253 0.01 0.011 0.009
2033.9 1.0 1.0 1.0 1.544 0.558 0.36 0.611 1.442 0.454 1.88 0.375 1.253 0.01 0.011 0.009
2034.0 1.0 1.0 1.0 1.544 0.558 0.36 0.611 1.442 0.454 1.88 0.376 1.253 0.01 0.011 0.009
2034.1 1.0 1.0 1.0 1.544 0.558 0.36 0.611 1.442 0.454 1.88 0.376 1.253 0.01 0.011 0.009
2034.2 1.0 1.0 1.0 1.544 0.558 0.36 0.611 1.442 0.454 1.88 0.377 1.253 0.01 0.011 0.009
2034.3 1.0 1.0 1.0 1.544 0.558 0.36 0.611 1.442 0.454 1.88 0.378 1.253 0.01 0.011 0.009
2034.4 1.0 1.0 1.0 1.544 0.558 0.36 0.611 1.442 0.454 1.88 0.379 1.253 0.01 0.011 0.009
2034.5 1.0 1.0 1.0 1.544 0.558 0.36 0.611 1.442 0.454 1.88 0.38 1.253 0.01 0.011 0.009
2034.6 1.0 1.0 1.0 1.544 0.558 0.36 0.611 1.442 0.454 1.88 0.381 1.253 0.01 0.011 0.009
2034.7 1.0 1.0 1.0 1.544 0.558 0.36 0.611 1.442 0.454 1.88 0.381 1.253 0.01 0.011 0.009
2034.8 1.0 1.0 1.0 1.544 0.558 0.36 0.611 1.442 0.454 1.88 0.382 1.253 0.01 0.011 0.009
2034.9 1.0 1.0 1.0 1.544 0.558 0.36 0.611 1.442 0.454 1.88 0.383 1.253 0.01 0.011 0.009
2035.0 1.0 1.0 1.0 1.544 0.558 0.36 0.611 1.442 0.454 1.88 0.384 1.253 0.01 0.011 0.009
2035.1 1.0 1.0 1.0 1.544 0.558 0.36 0.611 1.442 0.454 1.88 0.385 1.253 0.01 0.011 0.009
2035.2 1.0 1.0 1.0 1.544 0.558 0.36 0.611 1.442 0.454 1.88 0.385 1.253 0.01 0.011 0.009
2035.3 1.0 1.0 1.0 1.544 0.558 0.36 0.611 1.442 0.454 1.88 0.386 1.253 0.01 0.011 0.009
2035.4 1.0 1.0 1.0 1.544 0.558 0.36 0.611 1.442 0.454 1.88 0.387 1.253 0.01 0.011 0.009
2035.5 1.0 1.0 1.0 1.544 0.558 0.36 0.611 1.442 0.454 1.88 0.388 1.253 0.01 0.011 0.009
2035.6 1.0 1.0 1.0 1.544 0.558 0.36 0.611 1.442 0.454 1.88 0.389 1.253 0.01 0.011 0.009
2035.7 1.0 1.0 1.0 1.544 0.558 0.36 0.611 1.443 0.454 1.88 0.39 1.253 0.01 0.011 0.009
2035.8 1.0 1.0 1.0 1.544 0.558 0.36 0.611 1.443 0.454 1.88 0.39 1.253 0.01 0.011 0.009
2035.9 1.0 1.0 1.0 1.544 0.558 0.36 0.611 1.443 0.454 1.88 0.391 1.253 0.01 0.011 0.009
2036.0 1.0 1.0 1.0 1.544 0.558 0.36 0.611 1.443 0.454 1.88 0.392 1.253 0.01 0.011 0.009
2036.1 1.0 1.0 1.0 1.544 0.558 0.36 0.611 1.443 0.454 1.88 0.393 1.253 0.01 0.011 0.009
2036.2 1.0 1.0 1.0 1.544 0.558 0.36 0.611 1.443 0.454 1.88 0.394 1.253 0.01 0.011 0.009
2036.3 1.0 1.0 1.0 1.544 0.558 0.36 0.611 1.443 0.454 1.88 0.394 1.253 0.01 0.011 0.009
2036.4 1.0 1.0 1.0 1.544 0.558 0.36 0.611 1.443 0.454 1.88 0.395 1.253 0.01 0.011 0.009
2036.5 1.0 1.0 1.0 1.544 0.558 0.36 0.611 1.443 0.454 1.88 0.396 1.253 0.01 0.011 0.009
2036.6 1.0 1.0 1.0 1.544 0.558 0.36 0.611 1.443 0.454 1.88 0.397 1.253 0.01 0.011 0.009
2036.7 1.0 1.0 1.0 1.544 0.558 0.36 0.611 1.443 0.454 1.88 0.398 1.253 0.01 0.011 0.009
2036.8 1.0 1.0 1.0 1.544 0.558 0.36 0.611 1.443 0.454 1.88 0.398 1.253 0.01 0.011 0.009
2036.9 1.0 1.0 1.0 1.544 0.558 0.36 0.611 1.443 0.454 1.88 0.399 1.253 0.01 0.011 0.009
2037.0 1.0 1.0 1.0 1.544 0.558 0.36 0.611 1.443 0.454 1.88 0.4 1.253 0.01 0.011 0.009
2037.1 1.0 1.0 1.0 1.544 0.558 0.36 0.611 1.443 0.454 1.88 0.401 1.253 0.01 0.011 0.009
2037.2 1.0 1.0 1.0 1.544 0.558 0.36 0.611 1.443 0.454 1.88 0.402 1.253 0.01 0.011 0.009
2037.3 1.0 1.0 1.0 1.544 0.558 0.36 0.611 1.443 0.454 1.88 0.402 1.253 0.01 0.011 0.009
2037.4 1.0 1.0 1.0 1.544 0.558 0.36 0.611 1.443 0.454 1.88 0.403 1.253 0.01 0.011 0.009
2037.5 1.0 1.0 1.0 1.544 0.558 0.36 0.611 1.443 0.454 1.88 0.404 1.253 0.01 0.011 0.009
2037.6 1.0 1.0 1.0 1.544 0.558 0.36 0.611 1.443 0.454 1.88 0.405 1.253 0.01 0.011 0.009
2037.7 1.0 1.0 1.0 1.544 0.558 0.36 0.611 1.443 0.454 1.88 0.405 1.253 0.01 0.011 0.009
2037.8 1.0 1.0 1.0 1.544 0.558 0.36 0.611 1.443 0.454 1.88 0.406 1.253 0.01 0.011 0.009
2037.9 1.0 1.0 1.0 1.544 0.558 0.36 0.611 1.443 0.454 1.88 0.407 1.253 0.01 0.011 0.009
2038.0 1.0 1.0 1.0 1.544 0.558 0.36 0.611 1.443 0.454 1.88 0.408 1.253 0.01 0.011 0.009
2038.1 1.0 1.0 1.0 1.544 0.558 0.36 0.611 1.443 0.454 1.88 0.409 1.253 0.01 0.011 0.009
2038.2 1.0 1.0 1.0 1.544 0.558 0.36 0.611 1.443 0.454 1.88 0.409 1.253 0.01 0.011 0.009
2038.3 1.0 1.0 1.0 1.544 0.558 0.36 0.611 1.443 0.454 1.88 0.41 1.253 0.01 0.011 0.009
2038.4 1.0 1.0 1.0 1.544 0.558 0.36 0.611 1.443 0.454 1.88 0.411 1.253 0.01 0.011 0.009
2038.5 1.0 1.0 1.0 1.544 0.558 0.36 0.611 1.443 0.454 1.88 0.412 1.253 0.01 0.011 0.009
2038.6 1.0 1.0 1.0 1.544 0.558 0.36 0.611 1.443 0.454 1.88 0.413 1.253 0.01 0.011 0.009
2038.7 1.0 1.0 1.0 1.544 0.558 0.36 0.611 1.443 0.454 1.88 0.413 1.253 0.01 0.011 0.009
2038.8 1.0 1.0 1.0 1.544 0.558 0.36 0.611 1.443 0.454 1.88 0.414 1.253 0.01 0.011 0.009
2038.9 1.0 1.0 1.0 1.544 0.558 0.36 0.611 1.443 0.454 1.88 0.415 1.253 0.01 0.011 0.009
2039.0 1.0 1.0 1.0 1.544 0.558 0.36 0.611 1.443 0.454 1.88 0.416 1.253 0.01 0.011 0.009
2039.1 1.0 1.0 1.0 1.544 0.558 0.36 0.611 1.443 0.454 1.88 0.416 1.253 0.01 0.011 0.009
2039.2 1.0 1.0 1.0 1.544 0.558 0.36 0.611 1.443 0.454 1.88 0.417 1.253 0.01 0.011 0.009
2039.3 1.0 1.0 1.0 1.544 0.558 0.36 0.611 1.443 0.454 1.88 0.418 1.253 0.01 0.011 0.009
2039.4 1.0 1.0 1.0 1.544 0.558 0.36 0.611 1.443 0.454 1.88 0.419 1.253 0.01 0.011 0.009
2039.5 1.0 1.0 1.0 1.544 0.558 0.36 0.611 1.443 0.454 1.88 0.42 1.253 0.01 0.011 0.009
2039.6 1.0 1.0 1.0 1.544 0.558 0.36 0.611 1.443 0.454 1.88 0.42 1.253 0.01 0.011 0.009
2039.7 1.0 1.0 1.0 1.544 0.558 0.36 0.611 1.443 0.454 1.88 0.421 1.253 0.01 0.011 0.009
2039.8 1.0 1.0 1.0 1.544 0.558 0.36 0.611 1.443 0.454 1.88 0.422 1.253 0.01 0.011 0.009
2039.9 1.0 1.0 1.0 1.544 0.558 0.36 0.611 1.443 0.454 1.88 0.423 1.253 0.01 0.011 0.009
2040.0 1.0 1.0 1.0 1.544 0.558 0.36 0.611 1.443 0.454 1.88 0.423 1.253 0.01 0.011 0.009
2040.1 1.0 1.0 1.0 1.544 0.558 0.36 0.611 1.443 0.454 1.88 0.424 1.253 0.01 0.011 0.009
2040.2 1.0 1.0 1.0 1.544 0.558 0.36 0.611 1.443 0.454 1.88 0.425 1.253 0.01 0.011 0.009
2040.3 1.0 1.0 1.0 1.544 0.558 0.36 0.611 1.443 0.454 1.88 0.426 1.253 0.01 0.011 0.009
2040.4 1.0 1.0 1.0 1.544 0.558 0.36 0.611 1.443 0.454 1.88 0.426 1.253 0.01 0.011 0.009
2040.5 1.0 1.0 1.0 1.544 0.558 0.36 0.611 1.443 0.454 1.88 0.427 1.253 0.01 0.011 0.009
2040.6 1.0 1.0 1.0 1.544 0.558 0.36 0.611 1.443 0.454 1.88 0.428 1.253 0.01 0.011 0.009
2040.7 1.0 1.0 1.0 1.544 0.558 0.36 0.611 1.443 0.454 1.88 0.429 1.253 0.01 0.011 0.009
2040.8 1.0 1.0 1.0 1.544 0.558 0.36 0.611 1.443 0.454 1.88 0.429 1.253 0.01 0.011 0.009
2040.9 1.0 1.0 1.0 1.544 0.558 0.36 0.611 1.443 0.454 1.88 0.43 1.253 0.01 0.011 0.009
2041.0 1.0 1.0 1.0 1.544 0.558 0.36 0.611 1.443 0.454 1.88 0.431 1.253 0.01 0.011 0.009
2041.1 1.0 1.0 1.0 1.544 0.558 0.36 0.611 1.443 0.454 1.88 0.432 1.253 0.01 0.011 0.009
2041.2 1.0 1.0 1.0 1.544 0.558 0.36 0.611 1.443 0.454 1.88 0.432 1.253 0.01 0.011 0.009
2041.3 1.0 1.0 1.0 1.544 0.558 0.36 0.611 1.443 0.454 1.88 0.433 1.253 0.01 0.011 0.009
2041.4 1.0 1.0 1.0 1.544 0.558 0.36 0.611 1.443 0.454 1.88 0.434 1.253 0.01 0.011 0.009
2041.5 1.0 1.0 1.0 1.544 0.558 0.36 0.611 1.443 0.454 1.88 0.435 1.253 0.01 0.011 0.009
2041.6 1.0 1.0 1.0 1.544 0.558 0.36 0.611 1.443 0.454 1.88 0.435 1.253 0.01 0.011 0.009
2041.7 1.0 1.0 1.0 1.544 0.558 0.36 0.611 1.443 0.454 1.88 0.436 1.253 0.01 0.011 0.009
2041.8 1.0 1.0 1.0 1.544 0.558 0.36 0.611 1.443 0.454 1.88 0.437 1.253 0.01 0.011 0.009
2041.9 1.0 1.0 1.0 1.544 0.558 0.36 0.611 1.443 0.454 1.88 0.438 1.253 0.01 0.011 0.009
2042.0 1.0 1.0 1.0 1.544 0.558 0.36 0.611 1.443 0.454 1.88 0.438 1.253 0.01 0.011 0.009
2042.1 1.0 1.0 1.0 1.544 0.558 0.36 0.611 1.443 0.454 1.88 0.439 1.253 0.01 0.011 0.009
2042.2 1.0 1.0 1.0 1.544 0.558 0.36 0.611 1.443 0.454 1.88 0.44 1.253 0.01 0.011 0.009
2042.3 1.0 1.0 1.0 1.544 0.558 0.36 0.611 1.443 0.454 1.88 0.441 1.253 0.01 0.011 0.009
2042.4 1.0 1.0 1.0 1.544 0.558 0.36 0.611 1.443 0.454 1.88 0.441 1.253 0.01 0.011 0.009
2042.5 1.0 1.0 1.0 1.544 0.558 0.36 0.611 1.443 0.454 1.88 0.442 1.253 0.01 0.011 0.009
2042.6 1.0 1.0 1.0 1.544 0.558 0.36 0.611 1.443 0.454 1.88 0.443 1.253 0.01 0.011 0.009
2042.7 1.0 1.0 1.0 1.544 0.558 0.36 0.611 1.443 0.454 1.88 0.444 1.253 0.01 0.011 0.009
2042.8 1.0 1.0 1.0 1.544 0.558 0.36 0.611 1.443 0.454 1.88 0.444 1.253 0.01 0.011 0.009
2042.9 1.0 1.0 1.0 1.544 0.558 0.36 0.611 1.443 0.454 1.88 0.445 1.253 0.01 0.011 0.009
2043.0 1.0 1.0 1.0 1.544 0.558 0.36 0.611 1.443 0.454 1.88 0.446 1.253 0.01 0.011 0.009
2043.1 1.0 1.0 1.0 1.544 0.558 0.36 0.611 1.443 0.454 1.88 0.447 1.253 0.01 0.011 0.009
2043.2 1.0 1.0 1.0 1.544 0.558 0.36 0.611 1.443 0.454 1.88 0.447 1.253 0.01 0.011 0.009
2043.3 1.0 1.0 1.0 1.544 0.558 0.36 0.611 1.443 0.454 1.88 0.448 1.253 0.01 0.011 0.009
2043.4 1.0 1.0 1.0 1.544 0.558 0.36 0.611 1.443 0.454 1.88 0.449 1.253 0.01 0.011 0.009
2043.5 1.0 1.0 1.0 1.544 0.558 0.36 0.611 1.443 0.454 1.88 0.45 1.253 0.01 0.011 0.009
2043.6 1.0 1.0 1.0 1.544 0.558 0.36 0.611 1.443 0.454 1.88 0.45 1.253 0.01 0.011 0.009
2043.7 1.0 1.0 1.0 1.544 0.558 0.36 0.611 1.443 0.454 1.88 0.451 1.253 0.01 0.011 0.009
2043.8 1.0 1.0 1.0 1.544 0.558 0.36 0.611 1.443 0.454 1.88 0.452 1.253 0.01 0.011 0.009
2043.9 1.0 1.0 1.0 1.544 0.558 0.36 0.611 1.443 0.454 1.88 0.453 1.253 0.01 0.011 0.009
2044.0 1.0 1.0 1.0 1.544 0.558 0.36 0.611 1.443 0.454 1.88 0.453 1.253 0.01 0.011 0.009
2044.1 1.0 1.0 1.0 1.544 0.558 0.36 0.611 1.443 0.454 1.88 0.454 1.253 0.01 0.011 0.009
2044.2 1.0 1.0 1.0 1.544 0.558 0.36 0.611 1.443 0.454 1.88 0.455 1.253 0.01 0.011 0.009
2044.3 1.0 1.0 1.0 1.544 0.558 0.36 0.611 1.443 0.454 1.88 0.455 1.253 0.01 0.011 0.009
2044.4 1.0 1.0 1.0 1.544 0.558 0.36 0.611 1.443 0.454 1.88 0.456 1.253 0.01 0.011 0.009
2044.5 1.0 1.0 1.0 1.544 0.558 0.36 0.611 1.443 0.454 1.88 0.457 1.253 0.01 0.011 0.009
2044.6 1.0 1.0 1.0 1.544 0.558 0.36 0.611 1.443 0.454 1.88 0.458 1.253 0.01 0.011 0.009
2044.7 1.0 1.0 1.0 1.544 0.558 0.36 0.611 1.443 0.454 1.88 0.458 1.253 0.01 0.011 0.009
2044.8 1.0 1.0 1.0 1.544 0.558 0.36 0.611 1.443 0.454 1.88 0.459 1.253 0.01 0.011 0.009
2044.9 1.0 1.0 1.0 1.544 0.558 0.36 0.611 1.443 0.454 1.88 0.46 1.253 0.01 0.011 0.009
2045.0 1.0 1.0 1.0 1.544 0.558 0.36 0.611 1.443 0.454 1.88 0.461 1.253 0.01 0.011 0.009
2045.1 1.0 1.0 1.0 1.544 0.558 0.36 0.611 1.443 0.454 1.88 0.461 1.253 0.01 0.011 0.009
2045.2 1.0 1.0 1.0 1.544 0.558 0.36 0.611 1.444 0.454 1.88 0.462 1.253 0.01 0.011 0.009
2045.3 1.0 1.0 1.0 1.544 0.558 0.36 0.612 1.444 0.454 1.88 0.463 1.253 0.01 0.011 0.009
2045.4 1.0 1.0 1.0 1.544 0.558 0.36 0.612 1.444 0.454 1.88 0.463 1.253 0.01 0.011 0.009
2045.5 1.0 1.0 1.0 1.544 0.558 0.36 0.612 1.444 0.454 1.88 0.464 1.253 0.01 0.011 0.009
2045.6 1.0 1.0 1.0 1.544 0.558 0.36 0.612 1.444 0.454 1.88 0.465 1.253 0.01 0.011 0.009
2045.7 1.0 1.0 1.0 1.544 0.558 0.36 0.612 1.444 0.454 1.88 0.466 1.253 0.01 0.011 0.009
2045.8 1.0 1.0 1.0 1.544 0.558 0.36 0.612 1.444 0.454 1.88 0.466 1.253 0.01 0.011 0.009
2045.9 1.0 1.0 1.0 1.544 0.558 0.36 0.612 1.444 0.454 1.88 0.467 1.253 0.01 0.011 0.009
2046.0 1.0 1.0 1.0 1.544 0.558 0.36 0.612 1.444 0.454 1.88 0.468 1.253 0.01 0.011 0.009
2046.1 1.0 1.0 1.0 1.544 0.558 0.36 0.612 1.444 0.454 1.88 0.468 1.253 0.01 0.011 0.009
2046.2 1.0 1.0 1.0 1.544 0.558 0.36 0.612 1.444 0.454 1.88 0.469 1.253 0.01 0.011 0.009
2046.3 1.0 1.0 1.0 1.544 0.558 0.36 0.612 1.444 0.454 1.88 0.47 1.253 0.01 0.011 0.009
2046.4 1.0 1.0 1.0 1.544 0.558 0.36 0.612 1.444 0.454 1.88 0.471 1.253 0.01 0.011 0.009
2046.5 1.0 1.0 1.0 1.544 0.558 0.36 0.612 1.444 0.454 1.88 0.471 1.253 0.01 0.011 0.009
2046.6 1.0 1.0 1.0 1.544 0.558 0.36 0.612 1.444 0.454 1.88 0.472 1.253 0.01 0.011 0.009
2046.7 1.0 1.0 1.0 1.544 0.558 0.36 0.612 1.444 0.454 1.88 0.473 1.253 0.01 0.011 0.009
2046.8 1.0 1.0 1.0 1.544 0.558 0.36 0.612 1.444 0.454 1.88 0.473 1.253 0.01 0.011 0.009
2046.9 1.0 1.0 1.0 1.544 0.558 0.36 0.612 1.444 0.454 1.88 0.474 1.253 0.01 0.011 0.009
2047.0 1.0 1.0 1.0 1.544 0.558 0.36 0.612 1.444 0.454 1.88 0.475 1.253 0.01 0.011 0.009
2047.1 1.0 1.0 1.0 1.544 0.558 0.36 0.612 1.444 0.454 1.88 0.475 1.253 0.01 0.011 0.009
2047.2 1.0 1.0 1.0 1.544 0.558 0.36 0.612 1.444 0.454 1.88 0.476 1.253 0.01 0.011 0.009
2047.3 1.0 1.0 1.0 1.544 0.558 0.36 0.612 1.444 0.454 1.88 0.477 1.253 0.01 0.011 0.009
2047.4 1.0 1.0 1.0 1.544 0.558 0.36 0.612 1.444 0.454 1.88 0.478 1.253 0.01 0.011 0.009
2047.5 1.0 1.0 1.0 1.544 0.558 0.36 0.612 1.444 0.454 1.88 0.478 1.253 0.01 0.011 0.009
2047.6 1.0 1.0 1.0 1.544 0.558 0.36 0.612 1.444 0.454 1.88 0.479 1.253 0.01 0.011 0.009
2047.7 1.0 1.0 1.0 1.544 0.558 0.36 0.612 1.444 0.454 1.88 0.48 1.253 0.01 0.011 0.009
2047.8 1.0 1.0 1.0 1.544 0.558 0.36 0.612 1.444 0.454 1.88 0.48 1.253 0.01 0.011 0.009
2047.9 1.0 1.0 1.0 1.544 0.558 0.36 0.612 1.444 0.454 1.88 0.481 1.253 0.01 0.011 0.009
2048.0 1.0 1.0 1.0 1.544 0.558 0.36 0.612 1.444 0.454 1.88 0.482 1.253 0.01 0.011 0.009
2048.1 1.0 1.0 1.0 1.544 0.558 0.36 0.612 1.444 0.454 1.88 0.482 1.253 0.01 0.011 0.009
2048.2 1.0 1.0 1.0 1.544 0.558 0.36 0.612 1.444 0.454 1.88 0.483 1.253 0.01 0.011 0.009
2048.3 1.0 1.0 1.0 1.544 0.558 0.36 0.612 1.444 0.454 1.88 0.484 1.253 0.01 0.011 0.009
2048.4 1.0 1.0 1.0 1.544 0.558 0.36 0.612 1.444 0.454 1.88 0.485 1.253 0.01 0.011 0.009
2048.5 1.0 1.0 1.0 1.544 0.558 0.36 0.612 1.444 0.454 1.88 0.485 1.253 0.01 0.011 0.009
2048.6 1.0 1.0 1.0 1.544 0.558 0.36 0.612 1.444 0.454 1.88 0.486 1.253 0.01 0.011 0.009
2048.7 1.0 1.0 1.0 1.544 0.558 0.36 0.612 1.444 0.454 1.88 0.487 1.253 0.01 0.011 0.009
2048.8 1.0 1.0 1.0 1.544 0.558 0.36 0.612 1.444 0.454 1.88 0.487 1.253 0.01 0.011 0.009
2048.9 1.0 1.0 1.0 1.544 0.558 0.36 0.612 1.444 0.454 1.88 0.488 1.253 0.01 0.011 0.009
2049.0 1.0 1.0 1.0 1.544 0.558 0.36 0.612 1.444 0.454 1.88 0.489 1.253 0.01 0.011 0.009
2049.1 1.0 1.0 1.0 1.544 0.558 0.36 0.612 1.444 0.454 1.88 0.489 1.253 0.01 0.011 0.009
2049.2 1.0 1.0 1.0 1.544 0.558 0.36 0.612 1.444 0.454 1.88 0.49 1.253 0.01 0.011 0.009
2049.3 1.0 1.0 1.0 1.544 0.558 0.36 0.612 1.444 0.454 1.88 0.491 1.253 0.01 0.011 0.009
2049.4 1.0 1.0 1.0 1.544 0.558 0.36 0.612 1.444 0.454 1.88 0.491 1.253 0.01 0.011 0.009
2049.5 1.0 1.0 1.0 1.544 0.558 0.36 0.612 1.444 0.454 1.88 0.492 1.253 0.01 0.011 0.009
2049.6 1.0 1.0 1.0 1.544 0.558 0.36 0.612 1.444 0.454 1.88 0.493 1.253 0.01 0.011 0.009
2049.7 1.0 1.0 1.0 1.544 0.558 0.36 0.612 1.444 0.454 1.88 0.494 1.253 0.01 0.011 0.009
2049.8 1.0 1.0 1.0 1.544 0.558 0.36 0.612 1.444 0.454 1.88 0.494 1.253 0.01 0.011 0.009
2049.9 1.0 1.0 1.0 1.544 0.558 0.36 0.612 1.444 0.454 1.88 0.495 1.253 0.01 0.011 0.009
2050.0 1.0 1.0 1.0 1.544 0.558 0.36 0.612 1.444 0.454 1.88 0.496 1.253 0.01 0.011 0.009
2050.1 1.0 1.0 1.0 1.544 0.558 0.36 0.612 1.444 0.454 1.88 0.496 1.253 0.01 0.011 0.009
2050.2 1.0 1.0 1.0 1.544 0.558 0.36 0.612 1.444 0.454 1.88 0.497 1.253 0.01 0.011 0.009
2050.3 1.0 1.0 1.0 1.544 0.558 0.36 0.612 1.444 0.454 1.88 0.498 1.253 0.01 0.011 0.009
2050.4 1.0 1.0 1.0 1.544 0.558 0.36 0.612 1.444 0.454 1.88 0.498 1.253 0.01 0.011 0.009
2050.5 1.0 1.0 1.0 1.544 0.558 0.36 0.612 1.444 0.454 1.88 0.499 1.253 0.01 0.011 0.009
2050.6 1.0 1.0 1.0 1.544 0.558 0.36 0.612 1.444 0.454 1.88 0.5 1.253 0.01 0.011 0.009
2050.7 1.0 1.0 1.0 1.544 0.558 0.36 0.612 1.444 0.454 1.88 0.5 1.253 0.01 0.011 0.009
2050.8 1.0 1.0 1.0 1.544 0.558 0.36 0.612 1.444 0.454 1.88 0.501 1.253 0.01 0.011 0.009
2050.9 1.0 1.0 1.0 1.544 0.558 0.36 0.612 1.444 0.454 1.88 0.502 1.253 0.01 0.011 0.009
2051.0 1.0 1.0 1.0 1.544 0.558 0.36 0.612 1.444 0.454 1.88 0.502 1.253 0.01 0.011 0.009
2051.1 1.0 1.0 1.0 1.544 0.558 0.36 0.612 1.444 0.454 1.88 0.503 1.253 0.01 0.011 0.009
2051.2 1.0 1.0 1.0 1.544 0.558 0.36 0.612 1.444 0.454 1.88 0.504 1.253 0.01 0.011 0.009
2051.3 1.0 1.0 1.0 1.544 0.558 0.36 0.612 1.444 0.454 1.88 0.504 1.253 0.01 0.011 0.009
2051.4 1.0 1.0 1.0 1.544 0.558 0.36 0.612 1.444 0.454 1.88 0.505 1.253 0.01 0.011 0.009
2051.5 1.0 1.0 1.0 1.544 0.558 0.36 0.612 1.444 0.454 1.88 0.506 1.253 0.01 0.011 0.009
2051.6 1.0 1.0 1.0 1.544 0.558 0.36 0.612 1.444 0.454 1.88 0.506 1.253 0.01 0.011 0.009
2051.7 1.0 1.0 1.0 1.544 0.558 0.36 0.612 1.444 0.454 1.88 0.507 1.253 0.01 0.011 0.009
2051.8 1.0 1.0 1.0 1.544 0.558 0.36 0.612 1.444 0.454 1.88 0.508 1.253 0.01 0.011 0.009
2051.9 1.0 1.0 1.0 1.544 0.558 0.36 0.612 1.444 0.454 1.88 0.508 1.253 0.01 0.011 0.009
2052.0 1.0 1.0 1.0 1.544 0.558 0.36 0.612 1.444 0.454 1.88 0.509 1.253 0.01 0.011 0.009
2052.1 1.0 1.0 1.0 1.544 0.558 0.36 0.612 1.444 0.454 1.88 0.51 1.253 0.01 0.011 0.009
2052.2 1.0 1.0 1.0 1.544 0.558 0.36 0.612 1.444 0.454 1.88 0.51 1.253 0.01 0.011 0.009
2052.3 1.0 1.0 1.0 1.544 0.558 0.36 0.612 1.444 0.454 1.88 0.511 1.253 0.01 0.011 0.009
2052.4 1.0 1.0 1.0 1.544 0.558 0.36 0.612 1.444 0.454 1.88 0.512 1.253 0.01 0.011 0.009
2052.5 1.0 1.0 1.0 1.544 0.558 0.36 0.612 1.444 0.454 1.88 0.512 1.253 0.01 0.011 0.009
2052.6 1.0 1.0 1.0 1.544 0.558 0.36 0.612 1.444 0.454 1.88 0.513 1.253 0.01 0.011 0.009
2052.7 1.0 1.0 1.0 1.544 0.558 0.36 0.612 1.444 0.454 1.88 0.514 1.253 0.01 0.011 0.009
2052.8 1.0 1.0 1.0 1.544 0.558 0.36 0.612 1.444 0.454 1.88 0.514 1.253 0.01 0.011 0.009
2052.9 1.0 1.0 1.0 1.544 0.558 0.36 0.612 1.444 0.454 1.88 0.515 1.253 0.01 0.011 0.009
2053.0 1.0 1.0 1.0 1.544 0.558 0.36 0.612 1.444 0.454 1.88 0.516 1.253 0.01 0.011 0.009
2053.1 1.0 1.0 1.0 1.544 0.558 0.36 0.612 1.444 0.454 1.88 0.516 1.253 0.01 0.011 0.009
2053.2 1.0 1.0 1.0 1.544 0.558 0.36 0.612 1.444 0.454 1.88 0.517 1.253 0.01 0.011 0.009
2053.3 1.0 1.0 1.0 1.544 0.558 0.36 0.612 1.444 0.454 1.88 0.518 1.253 0.01 0.011 0.009
2053.4 1.0 1.0 1.0 1.544 0.558 0.36 0.612 1.444 0.454 1.88 0.518 1.253 0.01 0.011 0.009
2053.5 1.0 1.0 1.0 1.544 0.558 0.36 0.612 1.444 0.454 1.88 0.519 1.253 0.01 0.011 0.009
2053.6 1.0 1.0 1.0 1.544 0.558 0.36 0.612 1.444 0.454 1.88 0.52 1.253 0.01 0.011 0.009
2053.7 1.0 1.0 1.0 1.544 0.558 0.36 0.612 1.444 0.454 1.88 0.52 1.253 0.01 0.011 0.009
2053.8 1.0 1.0 1.0 1.544 0.558 0.36 0.612 1.444 0.454 1.88 0.521 1.253 0.01 0.011 0.009
2053.9 1.0 1.0 1.0 1.544 0.558 0.36 0.612 1.444 0.454 1.88 0.522 1.253 0.01 0.011 0.009
2054.0 1.0 1.0 1.0 1.544 0.558 0.36 0.612 1.444 0.454 1.88 0.522 1.253 0.01 0.011 0.009
2054.1 1.0 1.0 1.0 1.544 0.558 0.36 0.612 1.444 0.454 1.88 0.523 1.253 0.01 0.011 0.009
2054.2 1.0 1.0 1.0 1.544 0.558 0.36 0.612 1.444 0.454 1.88 0.523 1.253 0.01 0.011 0.009
2054.3 1.0 1.0 1.0 1.544 0.558 0.36 0.612 1.444 0.454 1.88 0.524 1.253 0.01 0.011 0.009
2054.4 1.0 1.0 1.0 1.544 0.558 0.36 0.612 1.444 0.454 1.88 0.525 1.253 0.01 0.011 0.009
2054.5 1.0 1.0 1.0 1.544 0.558 0.36 0.612 1.444 0.454 1.88 0.525 1.253 0.01 0.011 0.009
2054.6 1.0 1.0 1.0 1.544 0.558 0.36 0.612 1.444 0.454 1.88 0.526 1.253 0.01 0.011 0.009
2054.7 1.0 1.0 1.0 1.544 0.558 0.36 0.612 1.444 0.454 1.88 0.527 1.253 0.01 0.011 0.009
2054.8 1.0 1.0 1.0 1.544 0.558 0.36 0.612 1.444 0.454 1.88 0.527 1.253 0.01 0.011 0.009
2054.9 1.0 1.0 1.0 1.544 0.558 0.36 0.612 1.444 0.454 1.88 0.528 1.253 0.01 0.011 0.009
2055.0 1.0 1.0 1.0 1.544 0.558 0.36 0.612 1.444 0.454 1.88 0.529 1.253 0.01 0.011 0.009
2055.1 1.0 1.0 1.0 1.544 0.558 0.36 0.612 1.444 0.454 1.88 0.529 1.253 0.01 0.011 0.009
2055.2 1.0 1.0 1.0 1.544 0.558 0.36 0.612 1.444 0.454 1.88 0.53 1.253 0.01 0.011 0.009
2055.3 1.0 1.0 1.0 1.544 0.558 0.36 0.612 1.444 0.454 1.88 0.531 1.253 0.01 0.011 0.009
2055.4 1.0 1.0 1.0 1.544 0.558 0.36 0.612 1.444 0.454 1.88 0.531 1.253 0.01 0.011 0.009
2055.5 1.0 1.0 1.0 1.544 0.558 0.36 0.612 1.444 0.454 1.88 0.532 1.253 0.01 0.011 0.009
2055.6 1.0 1.0 1.0 1.544 0.558 0.36 0.612 1.444 0.454 1.88 0.533 1.253 0.01 0.011 0.009
2055.7 1.0 1.0 1.0 1.544 0.558 0.36 0.612 1.444 0.454 1.88 0.533 1.253 0.01 0.011 0.009
2055.8 1.0 1.0 1.0 1.544 0.558 0.36 0.612 1.444 0.454 1.88 0.534 1.253 0.01 0.011 0.009
2055.9 1.0 1.0 1.0 1.544 0.558 0.36 0.612 1.444 0.454 1.88 0.534 1.253 0.01 0.011 0.009
2056.0 1.0 1.0 1.0 1.544 0.558 0.36 0.612 1.444 0.454 1.88 0.535 1.253 0.01 0.011 0.009
2056.1 1.0 1.0 1.0 1.544 0.558 0.36 0.612 1.444 0.454 1.88 0.536 1.253 0.01 0.011 0.009
2056.2 1.0 1.0 1.0 1.544 0.558 0.36 0.612 1.444 0.454 1.88 0.536 1.253 0.01 0.011 0.009
2056.3 1.0 1.0 1.0 1.544 0.558 0.36 0.612 1.444 0.454 1.88 0.537 1.253 0.01 0.011 0.009
2056.4 1.0 1.0 1.0 1.544 0.558 0.36 0.612 1.445 0.454 1.88 0.538 1.253 0.01 0.011 0.009
2056.5 1.0 1.0 1.0 1.544 0.558 0.36 0.612 1.445 0.454 1.88 0.538 1.253 0.01 0.011 0.009
2056.6 1.0 1.0 1.0 1.544 0.558 0.36 0.612 1.445 0.454 1.88 0.539 1.253 0.01 0.011 0.009
2056.7 1.0 1.0 1.0 1.544 0.558 0.36 0.612 1.445 0.454 1.88 0.539 1.253 0.01 0.011 0.009
2056.8 1.0 1.0 1.0 1.544 0.558 0.36 0.612 1.445 0.454 1.88 0.54 1.253 0.01 0.011 0.009
2056.9 1.0 1.0 1.0 1.544 0.558 0.36 0.612 1.445 0.454 1.88 0.541 1.253 0.01 0.011 0.009
2057.0 1.0 1.0 1.0 1.544 0.558 0.36 0.612 1.445 0.454 1.88 0.541 1.253 0.01 0.011 0.009
2057.1 1.0 1.0 1.0 1.544 0.558 0.36 0.612 1.445 0.454 1.88 0.542 1.253 0.01 0.011 0.009
2057.2 1.0 1.0 1.0 1.544 0.558 0.36 0.612 1.445 0.454 1.88 0.543 1.253 0.01 0.011 0.009
2057.3 1.0 1.0 1.0 1.544 0.558 0.36 0.612 1.445 0.454 1.88 0.543 1.253 0.01 0.011 0.009
2057.4 1.0 1.0 1.0 1.544 0.558 0.36 0.612 1.445 0.454 1.88 0.544 1.253 0.01 0.011 0.009
2057.5 1.0 1.0 1.0 1.544 0.558 0.36 0.612 1.445 0.454 1.88 0.545 1.253 0.01 0.011 0.009
2057.6 1.0 1.0 1.0 1.544 0.558 0.36 0.612 1.445 0.454 1.88 0.545 1.253 0.01 0.011 0.009
2057.7 1.0 1.0 1.0 1.544 0.558 0.36 0.612 1.445 0.454 1.88 0.546 1.253 0.01 0.011 0.009
2057.8 1.0 1.0 1.0 1.544 0.558 0.36 0.612 1.445 0.454 1.88 0.546 1.253 0.01 0.011 0.009
2057.9 1.0 1.0 1.0 1.544 0.558 0.36 0.612 1.445 0.454 1.88 0.547 1.253 0.01 0.011 0.009
2058.0 1.0 1.0 1.0 1.544 0.558 0.36 0.612 1.445 0.454 1.88 0.548 1.253 0.01 0.011 0.009
2058.1 1.0 1.0 1.0 1.544 0.558 0.36 0.612 1.445 0.454 1.88 0.548 1.253 0.01 0.011 0.009
2058.2 1.0 1.0 1.0 1.544 0.558 0.36 0.612 1.445 0.454 1.88 0.549 1.253 0.01 0.011 0.009
2058.3 1.0 1.0 1.0 1.544 0.558 0.36 0.612 1.445 0.454 1.88 0.549 1.253 0.01 0.011 0.009
2058.4 1.0 1.0 1.0 1.544 0.558 0.36 0.612 1.445 0.454 1.88 0.55 1.253 0.01 0.011 0.009
2058.5 1.0 1.0 1.0 1.544 0.558 0.36 0.612 1.445 0.454 1.88 0.551 1.253 0.01 0.011 0.009
2058.6 1.0 1.0 1.0 1.544 0.558 0.36 0.612 1.445 0.454 1.88 0.551 1.253 0.01 0.011 0.009
2058.7 1.0 1.0 1.0 1.544 0.558 0.36 0.612 1.445 0.454 1.88 0.552 1.253 0.01 0.011 0.009
2058.8 1.0 1.0 1.0 1.544 0.558 0.36 0.612 1.445 0.454 1.88 0.553 1.253 0.01 0.011 0.009
2058.9 1.0 1.0 1.0 1.544 0.558 0.36 0.612 1.445 0.454 1.88 0.553 1.253 0.01 0.011 0.009
2059.0 1.0 1.0 1.0 1.544 0.558 0.36 0.612 1.445 0.454 1.88 0.554 1.253 0.01 0.011 0.009
2059.1 1.0 1.0 1.0 1.544 0.558 0.36 0.612 1.445 0.454 1.88 0.554 1.253 0.01 0.011 0.009
2059.2 1.0 1.0 1.0 1.544 0.558 0.36 0.612 1.445 0.454 1.88 0.555 1.253 0.01 0.011 0.009
2059.3 1.0 1.0 1.0 1.544 0.558 0.36 0.612 1.445 0.454 1.88 0.556 1.253 0.01 0.011 0.009
2059.4 1.0 1.0 1.0 1.544 0.558 0.36 0.612 1.445 0.454 1.88 0.556 1.253 0.01 0.011 0.009
2059.5 1.0 1.0 1.0 1.544 0.558 0.36 0.612 1.445 0.454 1.88 0.557 1.253 0.01 0.011 0.009
2059.6 1.0 1.0 1.0 1.544 0.558 0.36 0.612 1.445 0.454 1.88 0.557 1.253 0.01 0.011 0.009
2059.7 1.0 1.0 1.0 1.544 0.558 0.36 0.612 1.445 0.454 1.88 0.558 1.253 0.01 0.011 0.009
2059.8 1.0 1.0 1.0 1.544 0.558 0.36 0.612 1.445 0.454 1.88 0.559 1.253 0.01 0.011 0.009
2059.9 1.0 1.0 1.0 1.544 0.558 0.36 0.612 1.445 0.454 1.88 0.559 1.253 0.01 0.011 0.009
2060.0 1.0 1.0 1.0 1.544 0.558 0.36 0.612 1.445 0.454 1.88 0.56 1.253 0.01 0.011 0.009
2060.1 1.0 1.0 1.0 1.544 0.558 0.36 0.612 1.445 0.454 1.88 0.561 1.253 0.01 0.011 0.009
2060.2 1.0 1.0 1.0 1.544 0.558 0.36 0.612 1.445 0.454 1.88 0.561 1.253 0.01 0.011 0.009
2060.3 1.0 1.0 1.0 1.544 0.558 0.36 0.612 1.445 0.454 1.88 0.562 1.253 0.01 0.011 0.009
2060.4 1.0 1.0 1.0 1.544 0.558 0.36 0.612 1.445 0.454 1.88 0.562 1.253 0.01 0.011 0.009
2060.5 1.0 1.0 1.0 1.544 0.558 0.36 0.612 1.445 0.454 1.88 0.563 1.253 0.01 0.011 0.009
2060.6 1.0 1.0 1.0 1.544 0.558 0.36 0.612 1.445 0.454 1.88 0.564 1.253 0.01 0.011 0.009
2060.7 1.0 1.0 1.0 1.544 0.558 0.36 0.612 1.445 0.454 1.88 0.564 1.253 0.01 0.011 0.009
2060.8 1.0 1.0 1.0 1.544 0.558 0.36 0.612 1.445 0.454 1.88 0.565 1.253 0.01 0.011 0.009
2060.9 1.0 1.0 1.0 1.544 0.558 0.36 0.612 1.445 0.454 1.88 0.565 1.253 0.01 0.011 0.009
2061.0 1.0 1.0 1.0 1.544 0.558 0.36 0.612 1.445 0.454 1.88 0.566 1.253 0.01 0.011 0.009
2061.1 1.0 1.0 1.0 1.544 0.558 0.36 0.612 1.445 0.454 1.88 0.567 1.253 0.01 0.011 0.009
2061.2 1.0 1.0 1.0 1.544 0.558 0.36 0.612 1.445 0.454 1.88 0.567 1.253 0.01 0.011 0.009
2061.3 1.0 1.0 1.0 1.544 0.558 0.36 0.612 1.445 0.454 1.88 0.568 1.253 0.01 0.011 0.009
2061.4 1.0 1.0 1.0 1.544 0.558 0.36 0.612 1.445 0.454 1.88 0.568 1.253 0.01 0.011 0.009
2061.5 1.0 1.0 1.0 1.544 0.558 0.36 0.612 1.445 0.454 1.88 0.569 1.253 0.01 0.011 0.009
2061.6 1.0 1.0 1.0 1.544 0.558 0.36 0.612 1.445 0.454 1.88 0.57 1.253 0.01 0.011 0.009
2061.7 1.0 1.0 1.0 1.544 0.558 0.36 0.612 1.445 0.454 1.88 0.57 1.253 0.01 0.011 0.009
2061.8 1.0 1.0 1.0 1.544 0.558 0.36 0.612 1.445 0.454 1.88 0.571 1.253 0.01 0.011 0.009
2061.9 1.0 1.0 1.0 1.544 0.558 0.36 0.612 1.445 0.454 1.88 0.571 1.253 0.01 0.011 0.009
2062.0 1.0 1.0 1.0 1.544 0.558 0.36 0.612 1.445 0.454 1.88 0.572 1.253 0.01 0.011 0.009
2062.1 1.0 1.0 1.0 1.544 0.558 0.36 0.612 1.445 0.454 1.88 0.573 1.253 0.01 0.011 0.009
2062.2 1.0 1.0 1.0 1.544 0.558 0.36 0.612 1.445 0.454 1.88 0.573 1.253 0.01 0.011 0.009
2062.3 1.0 1.0 1.0 1.544 0.558 0.36 0.612 1.445 0.454 1.88 0.574 1.253 0.01 0.011 0.009
2062.4 1.0 1.0 1.0 1.544 0.558 0.36 0.612 1.445 0.454 1.88 0.574 1.253 0.01 0.011 0.009
2062.5 1.0 1.0 1.0 1.544 0.558 0.36 0.612 1.445 0.454 1.88 0.575 1.253 0.01 0.011 0.009
2062.6 1.0 1.0 1.0 1.544 0.558 0.36 0.612 1.445 0.454 1.88 0.575 1.253 0.01 0.011 0.009
2062.7 1.0 1.0 1.0 1.544 0.558 0.36 0.612 1.445 0.454 1.88 0.576 1.253 0.01 0.011 0.009
2062.8 1.0 1.0 1.0 1.544 0.558 0.36 0.612 1.445 0.454 1.88 0.577 1.253 0.01 0.011 0.009
2062.9 1.0 1.0 1.0 1.544 0.558 0.36 0.612 1.445 0.454 1.88 0.577 1.253 0.01 0.011 0.009
2063.0 1.0 1.0 1.0 1.544 0.558 0.36 0.612 1.445 0.454 1.88 0.578 1.253 0.01 0.011 0.009
2063.1 1.0 1.0 1.0 1.544 0.558 0.36 0.612 1.445 0.454 1.88 0.578 1.253 0.01 0.011 0.009
2063.2 1.0 1.0 1.0 1.544 0.558 0.36 0.612 1.445 0.454 1.88 0.579 1.253 0.01 0.011 0.009
2063.3 1.0 1.0 1.0 1.544 0.558 0.36 0.612 1.445 0.454 1.88 0.58 1.253 0.01 0.011 0.009
2063.4 1.0 1.0 1.0 1.544 0.558 0.36 0.612 1.445 0.454 1.88 0.58 1.253 0.01 0.011 0.009
2063.5 1.0 1.0 1.0 1.544 0.558 0.36 0.612 1.445 0.454 1.88 0.581 1.253 0.01 0.011 0.009
2063.6 1.0 1.0 1.0 1.544 0.558 0.36 0.612 1.445 0.454 1.88 0.581 1.253 0.01 0.011 0.009
2063.7 1.0 1.0 1.0 1.544 0.558 0.36 0.612 1.445 0.454 1.88 0.582 1.253 0.01 0.011 0.009
2063.8 1.0 1.0 1.0 1.544 0.558 0.36 0.612 1.445 0.454 1.88 0.583 1.253 0.01 0.011 0.009
2063.9 1.0 1.0 1.0 1.544 0.558 0.36 0.612 1.445 0.454 1.88 0.583 1.253 0.01 0.011 0.009
2064.0 1.0 1.0 1.0 1.544 0.558 0.36 0.612 1.445 0.454 1.88 0.584 1.253 0.01 0.011 0.009
2064.1 1.0 1.0 1.0 1.544 0.558 0.36 0.612 1.445 0.454 1.88 0.584 1.253 0.01 0.011 0.009
2064.2 1.0 1.0 1.0 1.544 0.558 0.36 0.612 1.445 0.454 1.88 0.585 1.253 0.01 0.011 0.009
2064.3 1.0 1.0 1.0 1.544 0.558 0.36 0.612 1.445 0.454 1.88 0.585 1.253 0.01 0.011 0.009
2064.4 1.0 1.0 1.0 1.544 0.558 0.36 0.612 1.445 0.454 1.88 0.586 1.253 0.01 0.011 0.009
2064.5 1.0 1.0 1.0 1.544 0.558 0.36 0.612 1.445 0.454 1.88 0.587 1.253 0.01 0.011 0.009
2064.6 1.0 1.0 1.0 1.544 0.558 0.36 0.612 1.445 0.454 1.88 0.587 1.253 0.01 0.011 0.009
2064.7 1.0 1.0 1.0 1.544 0.558 0.36 0.612 1.445 0.454 1.88 0.588 1.253 0.01 0.011 0.009
2064.8 1.0 1.0 1.0 1.544 0.558 0.36 0.612 1.445 0.454 1.88 0.588 1.253 0.01 0.011 0.009
2064.9 1.0 1.0 1.0 1.544 0.558 0.36 0.612 1.445 0.454 1.88 0.589 1.253 0.01 0.011 0.009
2065.0 1.0 1.0 1.0 1.544 0.558 0.36 0.612 1.445 0.454 1.88 0.589 1.253 0.01 0.011 0.009
2065.1 1.0 1.0 1.0 1.544 0.558 0.36 0.612 1.445 0.454 1.88 0.59 1.253 0.01 0.011 0.009
2065.2 1.0 1.0 1.0 1.544 0.558 0.36 0.612 1.445 0.454 1.88 0.591 1.253 0.01 0.011 0.009
2065.3 1.0 1.0 1.0 1.544 0.558 0.36 0.612 1.445 0.454 1.88 0.591 1.253 0.01 0.011 0.009
2065.4 1.0 1.0 1.0 1.544 0.558 0.36 0.612 1.445 0.454 1.88 0.592 1.253 0.01 0.011 0.009
2065.5 1.0 1.0 1.0 1.544 0.558 0.36 0.612 1.445 0.454 1.88 0.592 1.253 0.01 0.011 0.009
2065.6 1.0 1.0 1.0 1.544 0.558 0.36 0.612 1.445 0.454 1.88 0.593 1.253 0.01 0.011 0.009
2065.7 1.0 1.0 1.0 1.544 0.558 0.36 0.612 1.445 0.454 1.88 0.593 1.253 0.01 0.011 0.009
2065.8 1.0 1.0 1.0 1.544 0.558 0.36 0.612 1.445 0.454 1.88 0.594 1.253 0.01 0.011 0.009
2065.9 1.0 1.0 1.0 1.544 0.558 0.36 0.612 1.445 0.454 1.88 0.595 1.253 0.01 0.011 0.009
2066.0 1.0 1.0 1.0 1.544 0.558 0.36 0.612 1.445 0.454 1.88 0.595 1.253 0.01 0.011 0.009
2066.1 1.0 1.0 1.0 1.544 0.558 0.36 0.612 1.445 0.454 1.88 0.596 1.253 0.01 0.011 0.009
2066.2 1.0 1.0 1.0 1.544 0.558 0.36 0.612 1.445 0.454 1.88 0.596 1.253 0.01 0.011 0.009
2066.3 1.0 1.0 1.0 1.544 0.558 0.36 0.612 1.445 0.454 1.88 0.597 1.253 0.01 0.011 0.009
2066.4 1.0 1.0 1.0 1.544 0.558 0.36 0.612 1.445 0.454 1.88 0.597 1.253 0.01 0.011 0.009
2066.5 1.0 1.0 1.0 1.544 0.558 0.36 0.612 1.445 0.454 1.88 0.598 1.253 0.01 0.011 0.009
2066.6 1.0 1.0 1.0 1.544 0.558 0.36 0.612 1.445 0.454 1.88 0.599 1.253 0.01 0.011 0.009
2066.7 1.0 1.0 1.0 1.544 0.558 0.36 0.612 1.445 0.454 1.88 0.599 1.253 0.01 0.011 0.009
2066.8 1.0 1.0 1.0 1.544 0.558 0.36 0.612 1.445 0.454 1.88 0.6 1.253 0.01 0.011 0.009
2066.9 1.0 1.0 1.0 1.544 0.558 0.36 0.612 1.445 0.454 1.88 0.6 1.253 0.01 0.011 0.009
2067.0 1.0 1.0 1.0 1.544 0.558 0.36 0.612 1.445 0.454 1.88 0.601 1.253 0.01 0.011 0.009
2067.1 1.0 1.0 1.0 1.544 0.558 0.36 0.612 1.445 0.454 1.88 0.601 1.253 0.01 0.011 0.009
2067.2 1.0 1.0 1.0 1.544 0.558 0.36 0.612 1.445 0.454 1.88 0.602 1.253 0.01 0.011 0.009
2067.3 1.0 1.0 1.0 1.544 0.558 0.36 0.612 1.445 0.454 1.88 0.603 1.253 0.01 0.011 0.009
2067.4 1.0 1.0 1.0 1.544 0.558 0.36 0.612 1.445 0.454 1.88 0.603 1.253 0.01 0.011 0.009
2067.5 1.0 1.0 1.0 1.544 0.558 0.36 0.612 1.445 0.454 1.88 0.604 1.253 0.01 0.011 0.009
2067.6 1.0 1.0 1.0 1.544 0.558 0.36 0.612 1.445 0.454 1.88 0.604 1.253 0.01 0.011 0.009
2067.7 1.0 1.0 1.0 1.544 0.558 0.36 0.612 1.445 0.454 1.88 0.605 1.253 0.01 0.011 0.009
2067.8 1.0 1.0 1.0 1.544 0.558 0.36 0.612 1.445 0.454 1.88 0.605 1.253 0.01 0.011 0.009
2067.9 1.0 1.0 1.0 1.544 0.558 0.36 0.612 1.445 0.454 1.88 0.606 1.253 0.01 0.011 0.009
2068.0 1.0 1.0 1.0 1.544 0.558 0.36 0.612 1.445 0.454 1.88 0.606 1.253 0.01 0.011 0.009
2068.1 1.0 1.0 1.0 1.544 0.558 0.36 0.612 1.445 0.454 1.88 0.607 1.253 0.01 0.011 0.009
2068.2 1.0 1.0 1.0 1.544 0.558 0.36 0.612 1.445 0.454 1.88 0.608 1.253 0.01 0.011 0.009
2068.3 1.0 1.0 1.0 1.544 0.558 0.36 0.612 1.445 0.454 1.88 0.608 1.253 0.01 0.011 0.009
2068.4 1.0 1.0 1.0 1.544 0.558 0.36 0.612 1.445 0.454 1.88 0.609 1.253 0.01 0.011 0.009
2068.5 1.0 1.0 1.0 1.544 0.558 0.36 0.612 1.445 0.454 1.88 0.609 1.253 0.01 0.011 0.009
2068.6 1.0 1.0 1.0 1.544 0.558 0.36 0.612 1.445 0.454 1.88 0.61 1.253 0.01 0.011 0.009
2068.7 1.0 1.0 1.0 1.544 0.558 0.36 0.612 1.445 0.454 1.88 0.61 1.253 0.01 0.011 0.009
2068.8 1.0 1.0 1.0 1.544 0.558 0.36 0.612 1.445 0.454 1.88 0.611 1.253 0.01 0.011 0.009
2068.9 1.0 1.0 1.0 1.544 0.558 0.36 0.612 1.445 0.454 1.88 0.611 1.253 0.01 0.011 0.009
2069.0 1.0 1.0 1.0 1.544 0.558 0.36 0.612 1.445 0.454 1.88 0.612 1.253 0.01 0.011 0.009
2069.1 1.0 1.0 1.0 1.544 0.558 0.36 0.612 1.445 0.454 1.88 0.613 1.253 0.01 0.011 0.009
2069.2 1.0 1.0 1.0 1.544 0.558 0.36 0.612 1.445 0.454 1.88 0.613 1.253 0.01 0.011 0.009
2069.3 1.0 1.0 1.0 1.544 0.558 0.36 0.612 1.445 0.454 1.88 0.614 1.253 0.01 0.011 0.009
2069.4 1.0 1.0 1.0 1.544 0.558 0.36 0.612 1.445 0.454 1.88 0.614 1.253 0.01 0.011 0.009
2069.5 1.0 1.0 1.0 1.544 0.558 0.36 0.612 1.445 0.454 1.88 0.615 1.253 0.01 0.011 0.009
2069.6 1.0 1.0 1.0 1.544 0.558 0.36 0.612 1.445 0.454 1.88 0.615 1.253 0.01 0.011 0.009
2069.7 1.0 1.0 1.0 1.544 0.558 0.36 0.612 1.445 0.454 1.88 0.616 1.253 0.01 0.011 0.009
2069.8 1.0 1.0 1.0 1.544 0.558 0.36 0.612 1.445 0.454 1.88 0.616 1.253 0.01 0.011 0.009
2069.9 1.0 1.0 1.0 1.544 0.558 0.36 0.612 1.446 0.454 1.88 0.617 1.253 0.01 0.011 0.009
2070.0 1.0 1.0 1.0 1.544 0.558 0.36 0.612 1.446 0.454 1.88 0.617 1.253 0.01 0.011 0.009
2070.1 1.0 1.0 1.0 1.544 0.558 0.36 0.612 1.446 0.454 1.88 0.618 1.253 0.01 0.011 0.009
2070.2 1.0 1.0 1.0 1.544 0.558 0.36 0.612 1.446 0.454 1.88 0.619 1.253 0.01 0.011 0.009
2070.3 1.0 1.0 1.0 1.544 0.558 0.36 0.612 1.446 0.454 1.88 0.619 1.253 0.01 0.011 0.009
2070.4 1.0 1.0 1.0 1.544 0.558 0.36 0.612 1.446 0.454 1.88 0.62 1.253 0.01 0.011 0.009
2070.5 1.0 1.0 1.0 1.544 0.558 0.36 0.612 1.446 0.454 1.88 0.62 1.253 0.01 0.011 0.009
2070.6 1.0 1.0 1.0 1.544 0.558 0.36 0.612 1.446 0.454 1.88 0.621 1.253 0.01 0.011 0.009
2070.7 1.0 1.0 1.0 1.544 0.558 0.36 0.612 1.446 0.454 1.88 0.621 1.253 0.01 0.011 0.009
2070.8 1.0 1.0 1.0 1.544 0.558 0.36 0.612 1.446 0.454 1.88 0.622 1.253 0.01 0.011 0.009
2070.9 1.0 1.0 1.0 1.544 0.558 0.36 0.612 1.446 0.454 1.88 0.622 1.253 0.01 0.011 0.009
2071.0 1.0 1.0 1.0 1.544 0.558 0.36 0.612 1.446 0.454 1.88 0.623 1.253 0.01 0.011 0.009
2071.1 1.0 1.0 1.0 1.544 0.558 0.36 0.612 1.446 0.454 1.88 0.623 1.253 0.01 0.011 0.009
2071.2 1.0 1.0 1.0 1.544 0.558 0.36 0.612 1.446 0.454 1.88 0.624 1.253 0.01 0.011 0.009
2071.3 1.0 1.0 1.0 1.544 0.558 0.36 0.612 1.446 0.454 1.88 0.624 1.253 0.01 0.011 0.009
2071.4 1.0 1.0 1.0 1.544 0.558 0.36 0.612 1.446 0.454 1.88 0.625 1.253 0.01 0.011 0.009
2071.5 1.0 1.0 1.0 1.544 0.558 0.36 0.612 1.446 0.454 1.88 0.626 1.253 0.01 0.011 0.009
2071.6 1.0 1.0 1.0 1.544 0.558 0.36 0.612 1.446 0.454 1.88 0.626 1.253 0.01 0.011 0.009
2071.7 1.0 1.0 1.0 1.544 0.558 0.36 0.612 1.446 0.454 1.88 0.627 1.253 0.01 0.011 0.009
2071.8 1.0 1.0 1.0 1.544 0.558 0.36 0.612 1.446 0.454 1.88 0.627 1.253 0.01 0.011 0.009
2071.9 1.0 1.0 1.0 1.544 0.558 0.36 0.612 1.446 0.454 1.88 0.628 1.253 0.01 0.011 0.009
2072.0 1.0 1.0 1.0 1.544 0.558 0.36 0.612 1.446 0.454 1.88 0.628 1.253 0.01 0.011 0.009
2072.1 1.0 1.0 1.0 1.544 0.558 0.36 0.612 1.446 0.454 1.88 0.629 1.253 0.01 0.011 0.009
2072.2 1.0 1.0 1.0 1.544 0.558 0.36 0.612 1.446 0.454 1.88 0.629 1.253 0.01 0.011 0.009
2072.3 1.0 1.0 1.0 1.544 0.558 0.36 0.612 1.446 0.454 1.88 0.63 1.253 0.01 0.011 0.009
2072.4 1.0 1.0 1.0 1.544 0.558 0.36 0.612 1.446 0.454 1.88 0.63 1.253 0.01 0.011 0.009
2072.5 1.0 1.0 1.0 1.544 0.558 0.36 0.612 1.446 0.454 1.88 0.631 1.253 0.01 0.011 0.009
2072.6 1.0 1.0 1.0 1.544 0.558 0.36 0.612 1.446 0.454 1.88 0.631 1.253 0.01 0.011 0.009
2072.7 1.0 1.0 1.0 1.544 0.558 0.36 0.612 1.446 0.454 1.88 0.632 1.253 0.01 0.011 0.009
2072.8 1.0 1.0 1.0 1.544 0.558 0.36 0.612 1.446 0.454 1.88 0.632 1.253 0.01 0.011 0.009
2072.9 1.0 1.0 1.0 1.544 0.558 0.36 0.612 1.446 0.454 1.88 0.633 1.253 0.01 0.011 0.009
2073.0 1.0 1.0 1.0 1.544 0.558 0.36 0.612 1.446 0.454 1.88 0.634 1.253 0.01 0.011 0.009
2073.1 1.0 1.0 1.0 1.544 0.558 0.36 0.612 1.446 0.454 1.88 0.634 1.253 0.01 0.011 0.009
2073.2 1.0 1.0 1.0 1.544 0.558 0.36 0.612 1.446 0.454 1.88 0.635 1.253 0.01 0.011 0.009
2073.3 1.0 1.0 1.0 1.544 0.558 0.36 0.612 1.446 0.454 1.88 0.635 1.253 0.01 0.011 0.009
2073.4 1.0 1.0 1.0 1.544 0.558 0.36 0.612 1.446 0.454 1.88 0.636 1.253 0.01 0.011 0.009
2073.5 1.0 1.0 1.0 1.544 0.558 0.36 0.612 1.446 0.454 1.88 0.636 1.253 0.01 0.011 0.009
2073.6 1.0 1.0 1.0 1.544 0.558 0.36 0.612 1.446 0.454 1.88 0.637 1.253 0.01 0.011 0.009
2073.7 1.0 1.0 1.0 1.544 0.558 0.36 0.612 1.446 0.454 1.88 0.637 1.253 0.01 0.011 0.009
2073.8 1.0 1.0 1.0 1.544 0.558 0.36 0.612 1.446 0.454 1.88 0.638 1.253 0.01 0.011 0.009
2073.9 1.0 1.0 1.0 1.544 0.558 0.36 0.612 1.446 0.454 1.88 0.638 1.253 0.01 0.011 0.009
2074.0 1.0 1.0 1.0 1.544 0.558 0.36 0.612 1.446 0.454 1.88 0.639 1.253 0.01 0.011 0.009
2074.1 1.0 1.0 1.0 1.544 0.558 0.36 0.612 1.446 0.454 1.88 0.639 1.253 0.01 0.011 0.009
2074.2 1.0 1.0 1.0 1.544 0.558 0.36 0.612 1.446 0.454 1.88 0.64 1.253 0.01 0.011 0.009
2074.3 1.0 1.0 1.0 1.544 0.558 0.36 0.612 1.446 0.454 1.88 0.64 1.253 0.01 0.011 0.009
2074.4 1.0 1.0 1.0 1.544 0.558 0.36 0.612 1.446 0.454 1.88 0.641 1.253 0.01 0.011 0.009
2074.5 1.0 1.0 1.0 1.544 0.558 0.36 0.612 1.446 0.454 1.88 0.641 1.253 0.01 0.011 0.009
2074.6 1.0 1.0 1.0 1.544 0.558 0.36 0.612 1.446 0.454 1.88 0.642 1.253 0.01 0.011 0.009
2074.7 1.0 1.0 1.0 1.544 0.558 0.36 0.612 1.446 0.454 1.88 0.642 1.253 0.01 0.011 0.009
2074.8 1.0 1.0 1.0 1.544 0.558 0.36 0.612 1.446 0.454 1.88 0.643 1.253 0.01 0.011 0.009
2074.9 1.0 1.0 1.0 1.544 0.558 0.36 0.612 1.446 0.454 1.88 0.643 1.253 0.01 0.011 0.009
2075.0 1.0 1.0 1.0 1.544 0.558 0.36 0.612 1.446 0.454 1.88 0.644 1.253 0.01 0.011 0.009
2075.1 1.0 1.0 1.0 1.544 0.558 0.36 0.612 1.446 0.454 1.88 0.644 1.253 0.01 0.011 0.009
2075.2 1.0 1.0 1.0 1.544 0.558 0.36 0.612 1.446 0.454 1.88 0.645 1.253 0.01 0.011 0.009
2075.3 1.0 1.0 1.0 1.544 0.558 0.36 0.612 1.446 0.454 1.88 0.646 1.253 0.01 0.011 0.009
2075.4 1.0 1.0 1.0 1.544 0.558 0.36 0.612 1.446 0.454 1.88 0.646 1.253 0.01 0.011 0.009
2075.5 1.0 1.0 1.0 1.544 0.558 0.36 0.612 1.446 0.454 1.88 0.647 1.253 0.01 0.011 0.009
2075.6 1.0 1.0 1.0 1.544 0.558 0.36 0.612 1.446 0.454 1.88 0.647 1.253 0.01 0.011 0.009
2075.7 1.0 1.0 1.0 1.544 0.558 0.36 0.612 1.446 0.454 1.88 0.648 1.253 0.01 0.011 0.009
2075.8 1.0 1.0 1.0 1.544 0.558 0.36 0.612 1.446 0.454 1.88 0.648 1.253 0.01 0.011 0.009
2075.9 1.0 1.0 1.0 1.544 0.558 0.36 0.612 1.446 0.454 1.88 0.649 1.253 0.01 0.011 0.009
2076.0 1.0 1.0 1.0 1.544 0.558 0.36 0.612 1.446 0.454 1.88 0.649 1.253 0.01 0.011 0.009
2076.1 1.0 1.0 1.0 1.544 0.558 0.36 0.612 1.446 0.454 1.88 0.65 1.253 0.01 0.011 0.009
2076.2 1.0 1.0 1.0 1.544 0.558 0.36 0.612 1.446 0.454 1.88 0.65 1.253 0.01 0.011 0.009
2076.3 1.0 1.0 1.0 1.544 0.558 0.36 0.612 1.446 0.454 1.88 0.651 1.253 0.01 0.011 0.009
2076.4 1.0 1.0 1.0 1.544 0.558 0.36 0.612 1.446 0.454 1.88 0.651 1.253 0.01 0.011 0.009
2076.5 1.0 1.0 1.0 1.544 0.558 0.36 0.612 1.446 0.454 1.88 0.652 1.253 0.01 0.011 0.009
2076.6 1.0 1.0 1.0 1.544 0.558 0.36 0.612 1.446 0.454 1.88 0.652 1.253 0.01 0.011 0.009
2076.7 1.0 1.0 1.0 1.544 0.558 0.36 0.612 1.446 0.454 1.88 0.653 1.253 0.01 0.011 0.009
2076.8 1.0 1.0 1.0 1.544 0.558 0.36 0.612 1.446 0.454 1.88 0.653 1.253 0.01 0.011 0.009
2076.9 1.0 1.0 1.0 1.544 0.558 0.36 0.612 1.446 0.454 1.88 0.654 1.253 0.01 0.011 0.009
2077.0 1.0 1.0 1.0 1.544 0.558 0.36 0.612 1.446 0.454 1.88 0.654 1.253 0.01 0.011 0.009
2077.1 1.0 1.0 1.0 1.544 0.558 0.36 0.612 1.446 0.454 1.88 0.655 1.253 0.01 0.011 0.009
2077.2 1.0 1.0 1.0 1.544 0.558 0.36 0.612 1.446 0.454 1.88 0.655 1.253 0.01 0.011 0.009
2077.3 1.0 1.0 1.0 1.544 0.558 0.36 0.612 1.446 0.454 1.88 0.656 1.253 0.01 0.011 0.009
2077.4 1.0 1.0 1.0 1.544 0.558 0.36 0.612 1.446 0.454 1.88 0.656 1.253 0.01 0.011 0.009
2077.5 1.0 1.0 1.0 1.544 0.558 0.36 0.612 1.446 0.454 1.88 0.657 1.253 0.01 0.011 0.009
2077.6 1.0 1.0 1.0 1.544 0.558 0.36 0.612 1.446 0.454 1.88 0.657 1.253 0.01 0.011 0.009
2077.7 1.0 1.0 1.0 1.544 0.558 0.36 0.612 1.446 0.454 1.88 0.658 1.253 0.01 0.011 0.009
2077.8 1.0 1.0 1.0 1.544 0.558 0.36 0.612 1.446 0.454 1.88 0.658 1.253 0.01 0.011 0.009
2077.9 1.0 1.0 1.0 1.544 0.558 0.36 0.612 1.446 0.454 1.88 0.659 1.253 0.01 0.011 0.009
2078.0 1.0 1.0 1.0 1.544 0.558 0.36 0.612 1.446 0.454 1.88 0.659 1.253 0.01 0.011 0.009
2078.1 1.0 1.0 1.0 1.544 0.558 0.36 0.612 1.446 0.454 1.88 0.66 1.253 0.01 0.011 0.009
2078.2 1.0 1.0 1.0 1.544 0.558 0.36 0.612 1.446 0.454 1.88 0.66 1.253 0.01 0.011 0.009
2078.3 1.0 1.0 1.0 1.544 0.558 0.36 0.612 1.446 0.454 1.88 0.661 1.253 0.01 0.011 0.009
2078.4 1.0 1.0 1.0 1.544 0.558 0.36 0.612 1.446 0.454 1.88 0.661 1.253 0.01 0.011 0.009
2078.5 1.0 1.0 1.0 1.544 0.558 0.36 0.612 1.446 0.454 1.88 0.662 1.253 0.01 0.011 0.009
2078.6 1.0 1.0 1.0 1.544 0.558 0.36 0.612 1.446 0.454 1.88 0.662 1.253 0.01 0.011 0.009
2078.7 1.0 1.0 1.0 1.544 0.558 0.36 0.612 1.446 0.454 1.88 0.663 1.253 0.01 0.011 0.009
2078.8 1.0 1.0 1.0 1.544 0.558 0.36 0.612 1.446 0.454 1.88 0.663 1.253 0.01 0.011 0.009
2078.9 1.0 1.0 1.0 1.544 0.558 0.36 0.612 1.446 0.454 1.88 0.664 1.253 0.01 0.011 0.009
2079.0 1.0 1.0 1.0 1.544 0.558 0.36 0.612 1.446 0.454 1.88 0.664 1.253 0.01 0.011 0.009
2079.1 1.0 1.0 1.0 1.544 0.558 0.36 0.612 1.446 0.454 1.88 0.665 1.253 0.01 0.011 0.009
2079.2 1.0 1.0 1.0 1.544 0.558 0.36 0.612 1.446 0.454 1.88 0.665 1.253 0.01 0.011 0.009
2079.3 1.0 1.0 1.0 1.544 0.558 0.36 0.612 1.446 0.454 1.88 0.666 1.253 0.01 0.011 0.009
2079.4 1.0 1.0 1.0 1.544 0.558 0.36 0.612 1.446 0.454 1.88 0.666 1.253 0.01 0.011 0.009
2079.5 1.0 1.0 1.0 1.544 0.558 0.36 0.612 1.446 0.454 1.88 0.667 1.253 0.01 0.011 0.009
2079.6 1.0 1.0 1.0 1.544 0.558 0.36 0.612 1.446 0.454 1.88 0.667 1.253 0.01 0.011 0.009
2079.7 1.0 1.0 1.0 1.544 0.558 0.36 0.612 1.446 0.454 1.88 0.668 1.253 0.01 0.011 0.009
2079.8 1.0 1.0 1.0 1.544 0.558 0.36 0.612 1.446 0.454 1.88 0.668 1.253 0.01 0.011 0.009
2079.9 1.0 1.0 1.0 1.544 0.558 0.36 0.612 1.446 0.454 1.88 0.669 1.253 0.01 0.011 0.009
2080.0 1.0 1.0 1.0 1.544 0.558 0.36 0.612 1.446 0.454 1.88 0.669 1.253 0.01 0.011 0.009
2080.1 1.0 1.0 1.0 1.544 0.558 0.36 0.612 1.446 0.454 1.88 0.67 1.253 0.01 0.011 0.009
2080.2 1.0 1.0 1.0 1.544 0.558 0.36 0.612 1.446 0.454 1.88 0.67 1.253 0.01 0.011 0.009
2080.3 1.0 1.0 1.0 1.544 0.558 0.36 0.612 1.446 0.454 1.88 0.671 1.253 0.01 0.011 0.009
2080.4 1.0 1.0 1.0 1.544 0.558 0.36 0.612 1.446 0.454 1.88 0.671 1.253 0.01 0.011 0.009
2080.5 1.0 1.0 1.0 1.544 0.558 0.36 0.612 1.446 0.454 1.88 0.672 1.253 0.01 0.011 0.009
2080.6 1.0 1.0 1.0 1.544 0.558 0.36 0.612 1.446 0.454 1.88 0.672 1.253 0.01 0.011 0.009
2080.7 1.0 1.0 1.0 1.544 0.558 0.36 0.612 1.446 0.454 1.88 0.673 1.253 0.01 0.011 0.009
2080.8 1.0 1.0 1.0 1.544 0.558 0.36 0.612 1.446 0.454 1.88 0.673 1.253 0.01 0.011 0.009
2080.9 1.0 1.0 1.0 1.544 0.558 0.36 0.612 1.446 0.454 1.88 0.674 1.253 0.01 0.011 0.009
2081.0 1.0 1.0 1.0 1.544 0.558 0.36 0.612 1.446 0.454 1.88 0.674 1.253 0.01 0.011 0.009
2081.1 1.0 1.0 1.0 1.544 0.558 0.36 0.612 1.446 0.454 1.88 0.674 1.253 0.01 0.011 0.009
2081.2 1.0 1.0 1.0 1.544 0.558 0.36 0.612 1.446 0.454 1.88 0.675 1.253 0.01 0.011 0.009
2081.3 1.0 1.0 1.0 1.544 0.558 0.36 0.612 1.446 0.454 1.88 0.675 1.253 0.01 0.011 0.009
2081.4 1.0 1.0 1.0 1.544 0.558 0.36 0.612 1.446 0.454 1.88 0.676 1.253 0.01 0.011 0.009
2081.5 1.0 1.0 1.0 1.544 0.558 0.36 0.612 1.446 0.454 1.88 0.676 1.253 0.01 0.011 0.009
2081.6 1.0 1.0 1.0 1.544 0.558 0.36 0.612 1.446 0.454 1.88 0.677 1.253 0.01 0.011 0.009
2081.7 1.0 1.0 1.0 1.544 0.558 0.36 0.612 1.446 0.454 1.88 0.677 1.253 0.01 0.011 0.009
2081.8 1.0 1.0 1.0 1.544 0.558 0.36 0.612 1.446 0.454 1.88 0.678 1.253 0.01 0.011 0.009
2081.9 1.0 1.0 1.0 1.544 0.558 0.36 0.612 1.446 0.454 1.88 0.678 1.253 0.01 0.011 0.009
2082.0 1.0 1.0 1.0 1.544 0.558 0.36 0.612 1.446 0.454 1.88 0.679 1.253 0.01 0.011 0.008
2082.1 1.0 1.0 1.0 1.544 0.558 0.36 0.612 1.446 0.454 1.88 0.679 1.253 0.01 0.011 0.008
2082.2 1.0 1.0 1.0 1.544 0.558 0.36 0.612 1.446 0.454 1.88 0.68 1.253 0.01 0.011 0.008
2082.3 1.0 1.0 1.0 1.544 0.558 0.36 0.612 1.446 0.454 1.88 0.68 1.253 0.01 0.011 0.008
2082.4 1.0 1.0 1.0 1.544 0.558 0.36 0.612 1.446 0.454 1.88 0.681 1.253 0.01 0.011 0.008
2082.5 1.0 1.0 1.0 1.544 0.558 0.36 0.612 1.446 0.454 1.88 0.681 1.253 0.01 0.011 0.008
2082.6 1.0 1.0 1.0 1.544 0.558 0.36 0.612 1.446 0.454 1.88 0.682 1.253 0.01 0.011 0.008
2082.7 1.0 1.0 1.0 1.544 0.558 0.36 0.612 1.446 0.454 1.88 0.682 1.253 0.01 0.011 0.008
2082.8 1.0 1.0 1.0 1.544 0.558 0.36 0.612 1.446 0.454 1.88 0.683 1.253 0.01 0.011 0.008
2082.9 1.0 1.0 1.0 1.544 0.558 0.36 0.612 1.446 0.454 1.88 0.683 1.253 0.01 0.011 0.008
2083.0 1.0 1.0 1.0 1.544 0.558 0.36 0.612 1.446 0.454 1.88 0.684 1.253 0.01 0.011 0.008
2083.1 1.0 1.0 1.0 1.544 0.558 0.36 0.612 1.446 0.454 1.88 0.684 1.253 0.01 0.011 0.008
2083.2 1.0 1.0 1.0 1.545 0.558 0.36 0.612 1.446 0.454 1.88 0.685 1.253 0.01 0.011 0.008
2083.3 1.0 1.0 1.0 1.545 0.558 0.36 0.612 1.446 0.454 1.88 0.685 1.253 0.01 0.011 0.008
2083.4 1.0 1.0 1.0 1.545 0.558 0.36 0.612 1.446 0.454 1.88 0.685 1.253 0.01 0.011 0.008
2083.5 1.0 1.0 1.0 1.545 0.558 0.36 0.612 1.446 0.454 1.88 0.686 1.253 0.01 0.011 0.008
2083.6 1.0 1.0 1.0 1.545 0.558 0.36 0.612 1.446 0.454 1.88 0.686 1.253 0.01 0.011 0.008
2083.7 1.0 1.0 1.0 1.545 0.558 0.36 0.612 1.446 0.454 1.88 0.687 1.253 0.01 0.011 0.008
2083.8 1.0 1.0 1.0 1.545 0.558 0.36 0.612 1.446 0.454 1.88 0.687 1.253 0.01 0.011 0.008
2083.9 1.0 1.0 1.0 1.545 0.558 0.36 0.612 1.446 0.454 1.88 0.688 1.253 0.01 0.011 0.008
2084.0 1.0 1.0 1.0 1.545 0.558 0.36 0.612 1.446 0.454 1.88 0.688 1.253 0.01 0.011 0.008
2084.1 1.0 1.0 1.0 1.545 0.558 0.36 0.612 1.446 0.454 1.88 0.689 1.253 0.01 0.011 0.008
2084.2 1.0 1.0 1.0 1.545 0.558 0.36 0.612 1.446 0.454 1.88 0.689 1.253 0.01 0.011 0.008
2084.3 1.0 1.0 1.0 1.545 0.558 0.36 0.612 1.446 0.454 1.88 0.69 1.253 0.01 0.011 0.008
2084.4 1.0 1.0 1.0 1.545 0.558 0.36 0.612 1.446 0.454 1.88 0.69 1.253 0.01 0.011 0.008
2084.5 1.0 1.0 1.0 1.545 0.558 0.36 0.612 1.446 0.454 1.88 0.691 1.253 0.01 0.011 0.008
2084.6 1.0 1.0 1.0 1.545 0.558 0.36 0.612 1.446 0.454 1.88 0.691 1.253 0.01 0.011 0.008
2084.7 1.0 1.0 1.0 1.545 0.558 0.36 0.612 1.446 0.454 1.88 0.692 1.253 0.01 0.011 0.008
2084.8 1.0 1.0 1.0 1.545 0.558 0.36 0.612 1.446 0.454 1.88 0.692 1.253 0.01 0.011 0.008
2084.9 1.0 1.0 1.0 1.545 0.558 0.36 0.612 1.446 0.454 1.88 0.693 1.253 0.01 0.011 0.008
2085.0 1.0 1.0 1.0 1.545 0.558 0.36 0.612 1.446 0.454 1.88 0.693 1.253 0.01 0.011 0.008
2085.1 1.0 1.0 1.0 1.545 0.558 0.36 0.612 1.446 0.454 1.88 0.693 1.253 0.01 0.011 0.008
2085.2 1.0 1.0 1.0 1.545 0.558 0.36 0.612 1.446 0.454 1.88 0.694 1.253 0.01 0.011 0.008
2085.3 1.0 1.0 1.0 1.545 0.558 0.36 0.612 1.446 0.454 1.88 0.694 1.253 0.01 0.011 0.008
2085.4 1.0 1.0 1.0 1.545 0.558 0.36 0.612 1.446 0.454 1.88 0.695 1.253 0.01 0.011 0.008
2085.5 1.0 1.0 1.0 1.545 0.558 0.36 0.612 1.446 0.454 1.88 0.695 1.253 0.01 0.012 0.008
2085.6 1.0 1.0 1.0 1.545 0.558 0.36 0.612 1.446 0.454 1.88 0.696 1.253 0.01 0.012 0.008
2085.7 1.0 1.0 1.0 1.545 0.558 0.36 0.612 1.446 0.454 1.88 0.696 1.253 0.01 0.012 0.008
2085.8 1.0 1.0 1.0 1.545 0.558 0.36 0.612 1.446 0.454 1.88 0.697 1.253 0.01 0.012 0.008
2085.9 1.0 1.0 1.0 1.545 0.558 0.36 0.612 1.446 0.454 1.88 0.697 1.253 0.01 0.012 0.008
2086.0 1.0 1.0 1.0 1.545 0.558 0.36 0.612 1.446 0.454 1.88 0.698 1.253 0.01 0.012 0.008
2086.1 1.0 1.0 1.0 1.545 0.558 0.36 0.612 1.446 0.454 1.88 0.698 1.253 0.01 0.012 0.008
2086.2 1.0 1.0 1.0 1.545 0.558 0.36 0.612 1.446 0.454 1.88 0.699 1.253 0.01 0.012 0.008
2086.3 1.0 1.0 1.0 1.545 0.558 0.36 0.612 1.446 0.454 1.88 0.699 1.253 0.01 0.012 0.008
2086.4 1.0 1.0 1.0 1.545 0.558 0.36 0.612 1.446 0.454 1.88 0.699 1.253 0.01 0.012 0.008
2086.5 1.0 1.0 1.0 1.545 0.558 0.36 0.612 1.446 0.454 1.88 0.7 1.253 0.01 0.012 0.008
2086.6 1.0 1.0 1.0 1.545 0.558 0.36 0.612 1.447 0.454 1.88 0.7 1.253 0.01 0.012 0.008
2086.7 1.0 1.0 1.0 1.545 0.558 0.36 0.612 1.447 0.454 1.88 0.701 1.253 0.01 0.012 0.008
2086.8 1.0 1.0 1.0 1.545 0.558 0.36 0.612 1.447 0.454 1.88 0.701 1.253 0.01 0.012 0.008
2086.9 1.0 1.0 1.0 1.545 0.558 0.36 0.612 1.447 0.454 1.88 0.702 1.253 0.01 0.012 0.008
2087.0 1.0 1.0 1.0 1.545 0.558 0.36 0.612 1.447 0.454 1.88 0.702 1.253 0.01 0.012 0.008
2087.1 1.0 1.0 1.0 1.545 0.558 0.36 0.612 1.447 0.454 1.88 0.703 1.253 0.01 0.012 0.008
2087.2 1.0 1.0 1.0 1.545 0.558 0.36 0.612 1.447 0.454 1.88 0.703 1.253 0.01 0.012 0.008
2087.3 1.0 1.0 1.0 1.545 0.558 0.36 0.612 1.447 0.454 1.88 0.704 1.253 0.01 0.012 0.008
2087.4 1.0 1.0 1.0 1.545 0.558 0.36 0.612 1.447 0.454 1.88 0.704 1.253 0.01 0.012 0.008
2087.5 1.0 1.0 1.0 1.545 0.558 0.36 0.612 1.447 0.454 1.88 0.704 1.253 0.01 0.012 0.008
2087.6 1.0 1.0 1.0 1.545 0.558 0.36 0.612 1.447 0.454 1.88 0.705 1.253 0.01 0.012 0.008
2087.7 1.0 1.0 1.0 1.545 0.558 0.36 0.612 1.447 0.454 1.88 0.705 1.253 0.01 0.012 0.008
2087.8 1.0 1.0 1.0 1.545 0.558 0.36 0.612 1.447 0.454 1.88 0.706 1.253 0.01 0.012 0.008
2087.9 1.0 1.0 1.0 1.545 0.558 0.36 0.612 1.447 0.454 1.88 0.706 1.253 0.01 0.012 0.008
2088.0 1.0 1.0 1.0 1.545 0.558 0.36 0.612 1.447 0.454 1.88 0.707 1.253 0.01 0.012 0.008
2088.1 1.0 1.0 1.0 1.545 0.558 0.36 0.612 1.447 0.454 1.88 0.707 1.253 0.01 0.012 0.008
2088.2 1.0 1.0 1.0 1.545 0.558 0.36 0.612 1.447 0.454 1.88 0.708 1.253 0.01 0.012 0.008
2088.3 1.0 1.0 1.0 1.545 0.558 0.36 0.612 1.447 0.454 1.88 0.708 1.253 0.01 0.012 0.008
2088.4 1.0 1.0 1.0 1.545 0.558 0.36 0.612 1.447 0.454 1.88 0.709 1.253 0.01 0.012 0.008
2088.5 1.0 1.0 1.0 1.545 0.558 0.36 0.612 1.447 0.454 1.88 0.709 1.253 0.01 0.012 0.008
2088.6 1.0 1.0 1.0 1.545 0.558 0.36 0.612 1.447 0.454 1.88 0.709 1.253 0.01 0.012 0.008
2088.7 1.0 1.0 1.0 1.545 0.558 0.36 0.612 1.447 0.454 1.88 0.71 1.253 0.01 0.012 0.008
2088.8 1.0 1.0 1.0 1.545 0.558 0.36 0.612 1.447 0.454 1.88 0.71 1.253 0.01 0.012 0.008
2088.9 1.0 1.0 1.0 1.545 0.558 0.36 0.612 1.447 0.454 1.88 0.711 1.253 0.01 0.012 0.008
2089.0 1.0 1.0 1.0 1.545 0.558 0.36 0.612 1.447 0.454 1.88 0.711 1.253 0.01 0.012 0.008
2089.1 1.0 1.0 1.0 1.545 0.558 0.36 0.612 1.447 0.454 1.88 0.712 1.253 0.01 0.012 0.008
2089.2 1.0 1.0 1.0 1.545 0.558 0.36 0.612 1.447 0.454 1.88 0.712 1.253 0.01 0.012 0.008
2089.3 1.0 1.0 1.0 1.545 0.558 0.36 0.612 1.447 0.454 1.88 0.713 1.253 0.01 0.012 0.008
2089.4 1.0 1.0 1.0 1.545 0.558 0.36 0.612 1.447 0.454 1.88 0.713 1.253 0.01 0.012 0.008
2089.5 1.0 1.0 1.0 1.545 0.558 0.36 0.612 1.447 0.454 1.88 0.713 1.253 0.01 0.012 0.008
2089.6 1.0 1.0 1.0 1.545 0.558 0.36 0.612 1.447 0.454 1.88 0.714 1.253 0.01 0.012 0.008
2089.7 1.0 1.0 1.0 1.545 0.558 0.36 0.612 1.447 0.454 1.88 0.714 1.253 0.01 0.012 0.008
2089.8 1.0 1.0 1.0 1.545 0.558 0.36 0.612 1.447 0.454 1.88 0.715 1.253 0.01 0.012 0.008
2089.9 1.0 1.0 1.0 1.545 0.558 0.36 0.612 1.447 0.454 1.88 0.715 1.253 0.01 0.012 0.008
2090.0 1.0 1.0 1.0 1.545 0.558 0.36 0.612 1.447 0.454 1.88 0.716 1.253 0.01 0.012 0.008
2090.1 1.0 1.0 1.0 1.545 0.558 0.36 0.612 1.447 0.454 1.88 0.716 1.253 0.01 0.012 0.008
2090.2 1.0 1.0 1.0 1.545 0.558 0.36 0.612 1.447 0.454 1.88 0.717 1.253 0.01 0.012 0.008
2090.3 1.0 1.0 1.0 1.545 0.558 0.36 0.612 1.447 0.454 1.88 0.717 1.253 0.01 0.012 0.008
2090.4 1.0 1.0 1.0 1.545 0.558 0.36 0.612 1.447 0.454 1.88 0.717 1.253 0.01 0.012 0.008
2090.5 1.0 1.0 1.0 1.545 0.558 0.36 0.612 1.447 0.454 1.88 0.718 1.253 0.01 0.012 0.008
2090.6 1.0 1.0 1.0 1.545 0.558 0.36 0.612 1.447 0.454 1.88 0.718 1.253 0.01 0.012 0.008
2090.7 1.0 1.0 1.0 1.545 0.558 0.36 0.612 1.447 0.454 1.88 0.719 1.253 0.01 0.012 0.008
2090.8 1.0 1.0 1.0 1.545 0.558 0.36 0.612 1.447 0.454 1.88 0.719 1.253 0.01 0.012 0.008
2090.9 1.0 1.0 1.0 1.545 0.558 0.36 0.612 1.447 0.454 1.88 0.72 1.253 0.01 0.012 0.008
2091.0 1.0 1.0 1.0 1.545 0.558 0.36 0.612 1.447 0.454 1.88 0.72 1.253 0.01 0.012 0.008
2091.1 1.0 1.0 1.0 1.545 0.558 0.36 0.612 1.447 0.454 1.88 0.72 1.253 0.01 0.012 0.008
2091.2 1.0 1.0 1.0 1.545 0.558 0.36 0.612 1.447 0.454 1.88 0.721 1.253 0.01 0.012 0.008
2091.3 1.0 1.0 1.0 1.545 0.558 0.36 0.612 1.447 0.454 1.88 0.721 1.253 0.01 0.012 0.008
2091.4 1.0 1.0 1.0 1.545 0.558 0.36 0.612 1.447 0.454 1.88 0.722 1.253 0.01 0.012 0.008
2091.5 1.0 1.0 1.0 1.545 0.558 0.36 0.612 1.447 0.454 1.88 0.722 1.253 0.01 0.012 0.008
2091.6 1.0 1.0 1.0 1.545 0.558 0.36 0.612 1.447 0.454 1.88 0.723 1.253 0.01 0.012 0.008
2091.7 1.0 1.0 1.0 1.545 0.558 0.36 0.612 1.447 0.454 1.88 0.723 1.253 0.01 0.012 0.008
2091.8 1.0 1.0 1.0 1.545 0.558 0.36 0.612 1.447 0.454 1.88 0.724 1.253 0.01 0.012 0.008
2091.9 1.0 1.0 1.0 1.545 0.558 0.36 0.612 1.447 0.454 1.88 0.724 1.253 0.01 0.012 0.008
2092.0 1.0 1.0 1.0 1.545 0.558 0.36 0.612 1.447 0.454 1.88 0.724 1.253 0.01 0.012 0.008
2092.1 1.0 1.0 1.0 1.545 0.558 0.36 0.612 1.447 0.454 1.88 0.725 1.253 0.01 0.012 0.008
2092.2 1.0 1.0 1.0 1.545 0.558 0.36 0.612 1.447 0.454 1.88 0.725 1.253 0.01 0.012 0.008
2092.3 1.0 1.0 1.0 1.545 0.558 0.36 0.612 1.447 0.454 1.88 0.726 1.253 0.01 0.012 0.008
2092.4 1.0 1.0 1.0 1.545 0.558 0.36 0.612 1.447 0.454 1.88 0.726 1.253 0.01 0.012 0.008
2092.5 1.0 1.0 1.0 1.545 0.558 0.36 0.612 1.447 0.454 1.88 0.727 1.253 0.01 0.012 0.008
2092.6 1.0 1.0 1.0 1.545 0.558 0.36 0.612 1.447 0.454 1.88 0.727 1.253 0.01 0.012 0.008
2092.7 1.0 1.0 1.0 1.545 0.558 0.36 0.612 1.447 0.454 1.88 0.727 1.253 0.01 0.012 0.008
2092.8 1.0 1.0 1.0 1.545 0.558 0.36 0.612 1.447 0.454 1.88 0.728 1.253 0.01 0.012 0.008
2092.9 1.0 1.0 1.0 1.545 0.558 0.36 0.612 1.447 0.454 1.88 0.728 1.253 0.01 0.012 0.008
2093.0 1.0 1.0 1.0 1.545 0.558 0.36 0.612 1.447 0.454 1.88 0.729 1.253 0.01 0.012 0.008
2093.1 1.0 1.0 1.0 1.545 0.558 0.36 0.612 1.447 0.454 1.88 0.729 1.253 0.01 0.012 0.008
2093.2 1.0 1.0 1.0 1.545 0.558 0.36 0.612 1.447 0.454 1.88 0.73 1.253 0.01 0.012 0.008
2093.3 1.0 1.0 1.0 1.545 0.558 0.36 0.612 1.447 0.454 1.88 0.73 1.253 0.01 0.012 0.008
2093.4 1.0 1.0 1.0 1.545 0.558 0.36 0.612 1.447 0.454 1.88 0.73 1.253 0.01 0.012 0.008
2093.5 1.0 1.0 1.0 1.545 0.558 0.36 0.612 1.447 0.454 1.88 0.731 1.253 0.01 0.012 0.008
2093.6 1.0 1.0 1.0 1.545 0.558 0.36 0.612 1.447 0.454 1.88 0.731 1.253 0.01 0.012 0.008
2093.7 1.0 1.0 1.0 1.545 0.558 0.36 0.612 1.447 0.454 1.88 0.732 1.253 0.01 0.012 0.008
2093.8 1.0 1.0 1.0 1.545 0.558 0.36 0.612 1.447 0.454 1.88 0.732 1.253 0.01 0.012 0.008
2093.9 1.0 1.0 1.0 1.545 0.558 0.36 0.612 1.447 0.454 1.88 0.733 1.253 0.01 0.012 0.008
2094.0 1.0 1.0 1.0 1.545 0.558 0.36 0.612 1.447 0.454 1.88 0.733 1.253 0.01 0.012 0.008
2094.1 1.0 1.0 1.0 1.545 0.558 0.36 0.612 1.447 0.454 1.88 0.733 1.253 0.01 0.012 0.008
2094.2 1.0 1.0 1.0 1.545 0.558 0.36 0.612 1.447 0.454 1.88 0.734 1.253 0.01 0.012 0.008
2094.3 1.0 1.0 1.0 1.545 0.558 0.36 0.612 1.447 0.454 1.88 0.734 1.253 0.01 0.012 0.008
2094.4 1.0 1.0 1.0 1.545 0.558 0.36 0.612 1.447 0.454 1.88 0.735 1.253 0.01 0.012 0.008
2094.5 1.0 1.0 1.0 1.545 0.558 0.36 0.612 1.447 0.454 1.88 0.735 1.253 0.01 0.012 0.008
2094.6 1.0 1.0 1.0 1.545 0.558 0.36 0.612 1.447 0.454 1.88 0.735 1.253 0.01 0.012 0.008
2094.7 1.0 1.0 1.0 1.545 0.558 0.36 0.612 1.447 0.454 1.88 0.736 1.253 0.01 0.012 0.008
2094.8 1.0 1.0 1.0 1.545 0.558 0.36 0.612 1.447 0.454 1.88 0.736 1.253 0.01 0.012 0.008
2094.9 1.0 1.0 1.0 1.545 0.558 0.36 0.612 1.447 0.454 1.88 0.737 1.253 0.01 0.012 0.008
2095.0 1.0 1.0 1.0 1.545 0.558 0.36 0.612 1.447 0.454 1.88 0.737 1.253 0.01 0.012 0.008
2095.1 1.0 1.0 1.0 1.545 0.558 0.36 0.612 1.447 0.454 1.88 0.738 1.253 0.01 0.012 0.008
2095.2 1.0 1.0 1.0 1.545 0.558 0.36 0.612 1.447 0.454 1.88 0.738 1.253 0.01 0.012 0.008
2095.3 1.0 1.0 1.0 1.545 0.558 0.36 0.612 1.447 0.454 1.88 0.738 1.253 0.01 0.012 0.008
2095.4 1.0 1.0 1.0 1.545 0.558 0.36 0.612 1.447 0.454 1.88 0.739 1.253 0.01 0.012 0.008
2095.5 1.0 1.0 1.0 1.545 0.558 0.36 0.612 1.447 0.454 1.88 0.739 1.253 0.01 0.012 0.008
2095.6 1.0 1.0 1.0 1.545 0.558 0.36 0.612 1.447 0.454 1.88 0.74 1.253 0.01 0.012 0.008
2095.7 1.0 1.0 1.0 1.545 0.558 0.36 0.612 1.447 0.454 1.88 0.74 1.253 0.01 0.012 0.008
2095.8 1.0 1.0 1.0 1.545 0.558 0.36 0.612 1.447 0.454 1.88 0.741 1.253 0.01 0.012 0.008
2095.9 1.0 1.0 1.0 1.545 0.558 0.36 0.612 1.447 0.454 1.88 0.741 1.253 0.01 0.012 0.008
2096.0 1.0 1.0 1.0 1.545 0.558 0.36 0.612 1.447 0.454 1.88 0.741 1.253 0.01 0.012 0.008
2096.1 1.0 1.0 1.0 1.545 0.558 0.36 0.612 1.447 0.454 1.88 0.742 1.253 0.01 0.012 0.008
2096.2 1.0 1.0 1.0 1.545 0.558 0.36 0.612 1.447 0.454 1.88 0.742 1.253 0.01 0.012 0.008
2096.3 1.0 1.0 1.0 1.545 0.558 0.36 0.612 1.447 0.454 1.88 0.743 1.253 0.01 0.012 0.008
2096.4 1.0 1.0 1.0 1.545 0.558 0.36 0.612 1.447 0.454 1.88 0.743 1.253 0.01 0.012 0.008
2096.5 1.0 1.0 1.0 1.545 0.558 0.36 0.612 1.447 0.454 1.88 0.743 1.253 0.01 0.012 0.008
2096.6 1.0 1.0 1.0 1.545 0.558 0.36 0.612 1.447 0.454 1.88 0.744 1.253 0.01 0.012 0.008
2096.7 1.0 1.0 1.0 1.545 0.558 0.36 0.612 1.447 0.454 1.88 0.744 1.253 0.01 0.012 0.008
2096.8 1.0 1.0 1.0 1.545 0.558 0.36 0.612 1.447 0.454 1.88 0.745 1.253 0.01 0.012 0.008
2096.9 1.0 1.0 1.0 1.545 0.558 0.36 0.612 1.447 0.454 1.88 0.745 1.253 0.01 0.012 0.008
2097.0 1.0 1.0 1.0 1.545 0.558 0.36 0.612 1.447 0.454 1.88 0.745 1.253 0.01 0.012 0.008
2097.1 1.0 1.0 1.0 1.545 0.558 0.36 0.612 1.447 0.454 1.88 0.746 1.253 0.01 0.012 0.008
2097.2 1.0 1.0 1.0 1.545 0.558 0.36 0.612 1.447 0.454 1.88 0.746 1.253 0.01 0.012 0.008
2097.3 1.0 1.0 1.0 1.545 0.558 0.36 0.612 1.447 0.454 1.88 0.747 1.253 0.01 0.012 0.008
2097.4 1.0 1.0 1.0 1.545 0.558 0.36 0.612 1.447 0.454 1.88 0.747 1.253 0.01 0.012 0.008
2097.5 1.0 1.0 1.0 1.545 0.558 0.36 0.612 1.447 0.454 1.88 0.748 1.253 0.01 0.012 0.008
2097.6 1.0 1.0 1.0 1.545 0.558 0.36 0.612 1.447 0.454 1.88 0.748 1.253 0.01 0.012 0.008
2097.7 1.0 1.0 1.0 1.545 0.558 0.36 0.612 1.447 0.454 1.88 0.748 1.253 0.01 0.012 0.008
2097.8 1.0 1.0 1.0 1.545 0.558 0.36 0.612 1.447 0.454 1.88 0.749 1.253 0.01 0.012 0.008
2097.9 1.0 1.0 1.0 1.545 0.558 0.36 0.612 1.447 0.454 1.88 0.749 1.253 0.01 0.012 0.008
2098.0 1.0 1.0 1.0 1.545 0.558 0.36 0.612 1.447 0.454 1.88 0.75 1.253 0.01 0.012 0.008
2098.1 1.0 1.0 1.0 1.545 0.558 0.36 0.612 1.447 0.454 1.88 0.75 1.253 0.01 0.012 0.008
2098.2 1.0 1.0 1.0 1.545 0.558 0.36 0.612 1.447 0.454 1.88 0.75 1.253 0.01 0.012 0.008
2098.3 1.0 1.0 1.0 1.545 0.558 0.36 0.612 1.447 0.454 1.88 0.751 1.253 0.01 0.012 0.008
2098.4 1.0 1.0 1.0 1.545 0.558 0.36 0.612 1.447 0.454 1.88 0.751 1.253 0.01 0.012 0.008
2098.5 1.0 1.0 1.0 1.545 0.558 0.36 0.612 1.447 0.454 1.88 0.752 1.253 0.01 0.012 0.008
2098.6 1.0 1.0 1.0 1.545 0.558 0.36 0.612 1.447 0.454 1.88 0.752 1.253 0.01 0.012 0.008
2098.7 1.0 1.0 1.0 1.545 0.558 0.36 0.612 1.447 0.454 1.88 0.752 1.253 0.01 0.012 0.008
2098.8 1.0 1.0 1.0 1.545 0.558 0.36 0.612 1.447 0.454 1.88 0.753 1.253 0.01 0.012 0.008
2098.9 1.0 1.0 1.0 1.545 0.558 0.36 0.612 1.447 0.454 1.88 0.753 1.253 0.01 0.012 0.008
2099.0 1.0 1.0 1.0 1.545 0.558 0.36 0.612 1.447 0.454 1.88 0.754 1.253 0.01 0.012 0.008
2099.1 1.0 1.0 1.0 1.545 0.558 0.36 0.612 1.447 0.454 1.88 0.754 1.253 0.01 0.012 0.008
2099.2 1.0 1.0 1.0 1.545 0.558 0.36 0.612 1.447 0.454 1.88 0.754 1.253 0.01 0.012 0.008
2099.3 1.0 1.0 1.0 1.545 0.558 0.36 0.613 1.447 0.454 1.88 0.755 1.253 0.01 0.012 0.008
2099.4 1.0 1.0 1.0 1.545 0.558 0.36 0.613 1.447 0.454 1.88 0.755 1.253 0.01 0.012 0.008
2099.5 1.0 1.0 1.0 1.545 0.558 0.36 0.613 1.447 0.454 1.88 0.756 1.253 0.01 0.012 0.008
2099.6 1.0 1.0 1.0 1.545 0.558 0.36 0.613 1.447 0.454 1.88 0.756 1.253 0.01 0.012 0.008
2099.7 1.0 1.0 1.0 1.545 0.558 0.36 0.613 1.447 0.454 1.88 0.756 1.253 0.01 0.012 0.008
2099.8 1.0 1.0 1.0 1.545 0.558 0.36 0.613 1.447 0.454 1.88 0.757 1.253 0.01 0.012 0.008
