400.0 1.0 1.0 1.0 1.49 0.547 0.348 0.011 0.012 0.007
400.1 1.0 1.0 1.0 1.49 0.547 0.348 0.011 0.013 0.006
400.2 1.0 1.0 1.0 1.49 0.547 0.348 0.011 0.014 0.006
400.3 1.0 1.0 1.0 1.49 0.547 0.348 0.011 0.014 0.006
400.4 1.0 1.0 1.0 1.49 0.547 0.348 0.011 0.014 0.005
400.5 1.0 1.0 1.0 1.49 0.547 0.348 0.011 0.014 0.005
400.6 1.0 1.0 1.0 1.49 0.547 0.348 0.011 0.014 0.005
400.7 1.0 1.0 1.0 1.49 0.547 0.348 0.011 0.014 0.005
400.8 1.0 1.0 1.0 1.49 0.547 0.348 0.011 0.014 0.005
400.9 1.0 1.0 1.0 1.49 0.547 0.348 0.011 0.014 0.005
401.0 1.0 1.0 1.0 1.49 0.547 0.348 0.01 0.014 0.005
401.1 1.0 1.0 1.0 1.49 0.547 0.348 0.01 0.014 0.005
401.2 1.0 1.0 1.0 1.49 0.547 0.348 0.01 0.014 0.005
401.3 1.0 1.0 1.0 1.49 0.547 0.348 0.01 0.015 0.005
401.4 1.0 1.0 1.0 1.49 0.547 0.348 0.01 0.015 0.005
401.5 1.0 1.0 1.0 1.49 0.547 0.348 0.01 0.015 0.005
401.6 1.0 1.0 1.0 1.49 0.547 0.348 0.01 0.015 0.005
401.7 1.0 1.0 1.0 1.49 0.547 0.348 0.01 0.015 0.005
401.8 1.0 1.0 1.0 1.49 0.547 0.348 0.01 0.015 0.005
401.9 1.0 1.0 1.0 1.49 0.547 0.348 0.01 0.015 0.005
402.0 1.0 1.0 1.0 1.49 0.547 0.348 0.01 0.015 0.005
402.1 1.0 1.0 1.0 1.49 0.547 0.348 0.01 0.015 0.005
402.2 1.0 1.0 1.0 1.49 0.547 0.348 0.01 0.015 0.005
402.3 1.0 1.0 1.0 1.49 0.547 0.348 0.01 0.015 0.005
402.4 1.0 1.0 1.0 1.49 0.547 0.348 0.01 0.015 0.005
402.5 1.0 1.0 1.0 1.49 0.547 0.348 0.01 0.015 0.005
402.6 1.0 1.0 1.0 1.49 0.547 0.348 0.01 0.015 0.005
402.7 1.0 1.0 1.0 1.49 0.547 0.348 0.01 0.015 0.005
402.8 1.0 1.0 1.0 1.49 0.547 0.348 0.01 0.015 0.005
402.9 1.0 1.0 1.0 1.49 0.547 0.348 0.01 0.015 0.005
403.0 1.0 1.0 1.0 1.49 0.547 0.348 0.01 0.015 0.005
403.1 1.0 1.0 1.0 1.49 0.547 0.348 0.01 0.015 0.005
403.2 1.0 1.0 1.0 1.49 0.547 0.348 0.01 0.015 0.005
403.3 1.0 1.0 1.0 1.49 0.547 0.348 0.01 0.015 0.005
403.4 1.0 1.0 1.0 1.49 0.547 0.348 0.01 0.015 0.005
403.5 1.0 1.0 1.0 1.49 0.547 0.348 0.01 0.015 0.005
403.6 1.0 1.0 1.0 1.49 0.547 0.348 0.01 0.015 0.005
403.7 1.0 1.0 1.0 1.49 0.547 0.348 0.01 0.015 0.005
403.8 1.0 1.0 1.0 1.49 0.547 0.348 0.01 0.015 0.005
403.9 1.0 1.0 1.0 1.49 0.547 0.348 0.01 0.015 0.005
404.0 1.0 1.0 1.0 1.49 0.547 0.348 0.01 0.015 0.005
404.1 1.0 1.0 1.0 1.49 0.547 0.348 0.01 0.015 0.005
404.2 1.0 1.0 1.0 1.49 0.547 0.348 0.01 0.015 0.005
404.3 1.0 1.0 1.0 1.49 0.547 0.348 0.01 0.015 0.005
404.4 1.0 1.0 1.0 1.49 0.547 0.348 0.01 0.015 0.005
404.5 1.0 1.0 1.0 1.49 0.547 0.348 0.01 0.015 0.005
404.6 1.0 1.0 1.0 1.49 0.547 0.348 0.01 0.015 0.005
404.7 1.0 1.0 1.0 1.49 0.547 0.348 0.01 0.015 0.005
404.8 1.0 1.0 1.0 1.49 0.547 0.348 0.01 0.015 0.005
404.9 1.0 1.0 1.0 1.49 0.547 0.348 0.01 0.015 0.005
405.0 1.0 1.0 1.0 1.49 0.547 0.348 0.01 0.015 0.005
405.1 1.0 1.0 1.0 1.49 0.547 0.348 0.01 0.015 0.005
405.2 1.0 1.0 1.0 1.49 0.547 0.348 0.01 0.015 0.005
405.3 1.0 1.0 1.0 1.49 0.547 0.348 0.01 0.015 0.005
405.4 1.0 1.0 1.0 1.49 0.547 0.348 0.01 0.015 0.005
405.5 1.0 1.0 1.0 1.49 0.547 0.348 0.01 0.015 0.005
405.6 1.0 1.0 1.0 1.49 0.547 0.348 0.01 0.015 0.005
405.7 1.0 1.0 1.0 1.49 0.547 0.348 0.01 0.015 0.005
405.8 1.0 1.0 1.0 1.49 0.547 0.348 0.01 0.015 0.005
405.9 1.0 1.0 1.0 1.49 0.547 0.348 0.01 0.015 0.005
406.0 1.0 1.0 1.0 1.49 0.547 0.348 0.01 0.015 0.005
406.1 1.0 1.0 1.0 1.49 0.547 0.348 0.01 0.015 0.005
406.2 1.0 1.0 1.0 1.49 0.547 0.348 0.01 0.015 0.005
406.3 1.0 1.0 1.0 1.49 0.547 0.348 0.01 0.015 0.005
406.4 1.0 1.0 1.0 1.49 0.547 0.348 0.01 0.015 0.005
406.5 1.0 1.0 1.0 1.49 0.547 0.348 0.01 0.015 0.005
406.6 1.0 1.0 1.0 1.49 0.547 0.348 0.01 0.015 0.005
406.7 1.0 1.0 1.0 1.49 0.547 0.348 0.01 0.015 0.005
406.8 1.0 1.0 1.0 1.49 0.547 0.348 0.01 0.015 0.005
406.9 1.0 1.0 1.0 1.49 0.547 0.348 0.01 0.015 0.005
407.0 1.0 1.0 1.0 1.49 0.547 0.348 0.01 0.015 0.005
407.1 1.0 1.0 1.0 1.49 0.547 0.348 0.01 0.015 0.005
407.2 1.0 1.0 1.0 1.49 0.547 0.348 0.01 0.015 0.005
407.3 1.0 1.0 1.0 1.49 0.547 0.348 0.01 0.015 0.005
407.4 1.0 1.0 1.0 1.49 0.547 0.348 0.01 0.015 0.005
407.5 1.0 1.0 1.0 1.49 0.547 0.348 0.01 0.015 0.005
407.6 1.0 1.0 1.0 1.49 0.547 0.348 0.01 0.015 0.005
407.7 1.0 1.0 1.0 1.49 0.547 0.348 0.01 0.015 0.005
407.8 1.0 1.0 1.0 1.49 0.547 0.348 0.01 0.015 0.005
407.9 1.0 1.0 1.0 1.49 0.547 0.348 0.01 0.015 0.005
408.0 1.0 1.0 1.0 1.49 0.547 0.348 0.01 0.015 0.005
408.1 1.0 1.0 1.0 1.49 0.547 0.348 0.01 0.015 0.005
408.2 1.0 1.0 1.0 1.49 0.547 0.348 0.01 0.015 0.005
408.3 1.0 1.0 1.0 1.49 0.547 0.348 0.01 0.015 0.005
408.4 1.0 1.0 1.0 1.49 0.547 0.348 0.01 0.015 0.005
408.5 1.0 1.0 1.0 1.49 0.547 0.348 0.01 0.015 0.005
408.6 1.0 1.0 1.0 1.49 0.547 0.348 0.01 0.015 0.005
408.7 1.0 1.0 1.0 1.49 0.547 0.348 0.01 0.015 0.005
408.8 1.0 1.0 1.0 1.49 0.547 0.348 0.01 0.015 0.005
408.9 1.0 1.0 1.0 1.49 0.547 0.348 0.01 0.015 0.005
409.0 1.0 1.0 1.0 1.49 0.547 0.348 0.01 0.015 0.005
409.1 1.0 1.0 1.0 1.49 0.547 0.348 0.01 0.015 0.005
409.2 1.0 1.0 1.0 1.49 0.547 0.348 0.01 0.015 0.005
409.3 1.0 1.0 1.0 1.49 0.547 0.348 0.01 0.015 0.005
409.4 1.0 1.0 1.0 1.49 0.547 0.348 0.01 0.015 0.005
409.5 1.0 1.0 1.0 1.49 0.547 0.348 0.01 0.015 0.005
409.6 1.0 1.0 1.0 1.49 0.547 0.348 0.01 0.015 0.005
409.7 1.0 1.0 1.0 1.49 0.547 0.348 0.01 0.015 0.005
409.8 1.0 1.0 1.0 1.49 0.547 0.348 0.01 0.015 0.005
409.9 1.0 1.0 1.0 1.49 0.547 0.348 0.01 0.015 0.005
410.0 1.0 1.0 1.0 1.49 0.547 0.348 0.01 0.015 0.005
410.1 1.0 1.0 1.0 1.49 0.547 0.348 0.01 0.015 0.005
410.2 1.0 1.0 1.0 1.49 0.547 0.348 0.01 0.015 0.005
410.3 1.0 1.0 1.0 1.49 0.547 0.348 0.01 0.015 0.005
410.4 1.0 1.0 1.0 1.49 0.547 0.348 0.01 0.015 0.005
410.5 1.0 1.0 1.0 1.49 0.547 0.348 0.01 0.015 0.005
410.6 1.0 1.0 1.0 1.49 0.547 0.348 0.01 0.015 0.005
410.7 1.0 1.0 1.0 1.49 0.547 0.348 0.01 0.015 0.005
410.8 1.0 1.0 1.0 1.49 0.547 0.348 0.01 0.015 0.005
410.9 1.0 1.0 1.0 1.49 0.547 0.348 0.01 0.015 0.005
411.0 1.0 1.0 1.0 1.49 0.547 0.348 0.01 0.015 0.005
411.1 1.0 1.0 1.0 1.49 0.547 0.348 0.01 0.015 0.005
411.2 1.0 1.0 1.0 1.49 0.547 0.348 0.01 0.015 0.005
411.3 1.0 1.0 1.0 1.49 0.547 0.348 0.01 0.015 0.005
411.4 1.0 1.0 1.0 1.49 0.547 0.348 0.01 0.015 0.005
411.5 1.0 1.0 1.0 1.49 0.547 0.348 0.01 0.015 0.005
411.6 1.0 1.0 1.0 1.49 0.547 0.348 0.01 0.015 0.005
411.7 1.0 1.0 1.0 1.49 0.547 0.348 0.01 0.015 0.005
411.8 1.0 1.0 1.0 1.49 0.547 0.348 0.01 0.015 0.005
411.9 1.0 1.0 1.0 1.49 0.547 0.348 0.01 0.015 0.005
412.0 1.0 1.0 1.0 1.49 0.547 0.348 0.01 0.015 0.005
412.1 1.0 1.0 1.0 1.49 0.547 0.348 0.01 0.015 0.005
412.2 1.0 1.0 1.0 1.49 0.547 0.348 0.01 0.015 0.005
412.3 1.0 1.0 1.0 1.49 0.547 0.348 0.01 0.015 0.005
412.4 1.0 1.0 1.0 1.49 0.547 0.348 0.01 0.015 0.005
412.5 1.0 1.0 1.0 1.49 0.547 0.348 0.01 0.015 0.005
412.6 1.0 1.0 1.0 1.49 0.547 0.348 0.01 0.015 0.005
412.7 1.0 1.0 1.0 1.49 0.547 0.348 0.01 0.015 0.005
412.8 1.0 1.0 1.0 1.49 0.547 0.348 0.01 0.015 0.005
412.9 1.0 1.0 1.0 1.49 0.547 0.348 0.01 0.015 0.005
413.0 1.0 1.0 1.0 1.49 0.547 0.348 0.01 0.015 0.005
413.1 1.0 1.0 1.0 1.49 0.547 0.348 0.01 0.015 0.005
413.2 1.0 1.0 1.0 1.49 0.547 0.348 0.01 0.015 0.005
413.3 1.0 1.0 1.0 1.49 0.547 0.348 0.01 0.015 0.005
413.4 1.0 1.0 1.0 1.49 0.547 0.348 0.01 0.015 0.005
413.5 1.0 1.0 1.0 1.49 0.547 0.348 0.01 0.015 0.005
413.6 1.0 1.0 1.0 1.49 0.547 0.348 0.01 0.015 0.005
413.7 1.0 1.0 1.0 1.49 0.547 0.348 0.01 0.015 0.005
413.8 1.0 1.0 1.0 1.49 0.547 0.348 0.01 0.015 0.005
413.9 1.0 1.0 1.0 1.49 0.547 0.348 0.01 0.015 0.005
414.0 1.0 1.0 1.0 1.49 0.547 0.348 0.01 0.015 0.005
414.1 1.0 1.0 1.0 1.49 0.547 0.348 0.01 0.015 0.005
414.2 1.0 1.0 1.0 1.49 0.547 0.348 0.01 0.015 0.005
414.3 1.0 1.0 1.0 1.49 0.547 0.348 0.01 0.015 0.005
414.4 1.0 1.0 1.0 1.49 0.547 0.348 0.01 0.015 0.005
414.5 1.0 1.0 1.0 1.49 0.547 0.348 0.01 0.015 0.005
414.6 1.0 1.0 1.0 1.49 0.547 0.348 0.01 0.015 0.005
414.7 1.0 1.0 1.0 1.49 0.547 0.348 0.01 0.015 0.005
414.8 1.0 1.0 1.0 1.49 0.547 0.348 0.01 0.015 0.005
414.9 1.0 1.0 1.0 1.49 0.547 0.348 0.01 0.015 0.005
415.0 1.0 1.0 1.0 1.49 0.547 0.348 0.01 0.015 0.005
415.1 1.0 1.0 1.0 1.49 0.547 0.348 0.01 0.015 0.005
415.2 1.0 1.0 1.0 1.49 0.547 0.348 0.01 0.015 0.005
415.3 1.0 1.0 1.0 1.49 0.547 0.348 0.01 0.015 0.005
415.4 1.0 1.0 1.0 1.49 0.547 0.348 0.01 0.015 0.005
415.5 1.0 1.0 1.0 1.49 0.547 0.348 0.01 0.015 0.005
415.6 1.0 1.0 1.0 1.49 0.547 0.348 0.01 0.015 0.005
415.7 1.0 1.0 1.0 1.49 0.547 0.348 0.01 0.015 0.005
415.8 1.0 1.0 1.0 1.49 0.547 0.348 0.01 0.015 0.005
415.9 1.0 1.0 1.0 1.49 0.547 0.348 0.01 0.015 0.005
416.0 1.0 1.0 1.0 1.49 0.547 0.348 0.01 0.015 0.005
416.1 1.0 1.0 1.0 1.49 0.547 0.348 0.01 0.015 0.005
416.2 1.0 1.0 1.0 1.49 0.547 0.348 0.01 0.015 0.005
416.3 1.0 1.0 1.0 1.49 0.547 0.348 0.01 0.015 0.005
416.4 1.0 1.0 1.0 1.49 0.547 0.348 0.01 0.015 0.005
416.5 1.0 1.0 1.0 1.49 0.547 0.348 0.01 0.015 0.005
416.6 1.0 1.0 1.0 1.49 0.547 0.348 0.01 0.015 0.005
416.7 1.0 1.0 1.0 1.49 0.547 0.348 0.01 0.015 0.005
416.8 1.0 1.0 1.0 1.49 0.547 0.348 0.01 0.015 0.005
416.9 1.0 1.0 1.0 1.49 0.547 0.348 0.01 0.015 0.005
417.0 1.0 1.0 1.0 1.49 0.547 0.348 0.01 0.015 0.005
417.1 1.0 1.0 1.0 1.49 0.547 0.348 0.01 0.015 0.005
417.2 1.0 1.0 1.0 1.49 0.547 0.348 0.01 0.015 0.005
417.3 1.0 1.0 1.0 1.49 0.547 0.348 0.01 0.015 0.005
417.4 1.0 1.0 1.0 1.49 0.547 0.348 0.01 0.015 0.005
417.5 1.0 1.0 1.0 1.49 0.547 0.348 0.01 0.015 0.005
417.6 1.0 1.0 1.0 1.49 0.547 0.348 0.01 0.015 0.005
417.7 1.0 1.0 1.0 1.49 0.547 0.348 0.01 0.015 0.005
417.8 1.0 1.0 1.0 1.49 0.547 0.348 0.01 0.015 0.005
417.9 1.0 1.0 1.0 1.49 0.547 0.348 0.01 0.015 0.005
418.0 1.0 1.0 1.0 1.49 0.547 0.348 0.01 0.015 0.005
418.1 1.0 1.0 1.0 1.49 0.547 0.348 0.01 0.015 0.005
418.2 1.0 1.0 1.0 1.49 0.547 0.348 0.01 0.015 0.005
418.3 1.0 1.0 1.0 1.49 0.547 0.348 0.01 0.015 0.005
418.4 1.0 1.0 1.0 1.49 0.547 0.348 0.01 0.015 0.005
418.5 1.0 1.0 1.0 1.49 0.547 0.348 0.01 0.015 0.005
418.6 1.0 1.0 1.0 1.49 0.547 0.348 0.01 0.015 0.005
418.7 1.0 1.0 1.0 1.49 0.547 0.348 0.01 0.015 0.005
418.8 1.0 1.0 1.0 1.49 0.547 0.348 0.01 0.015 0.005
418.9 1.0 1.0 1.0 1.49 0.547 0.348 0.01 0.015 0.005
419.0 1.0 1.0 1.0 1.49 0.547 0.348 0.01 0.015 0.005
419.1 1.0 1.0 1.0 1.49 0.547 0.348 0.01 0.015 0.005
419.2 1.0 1.0 1.0 1.49 0.547 0.348 0.01 0.015 0.005
419.3 1.0 1.0 1.0 1.49 0.547 0.348 0.01 0.015 0.005
419.4 1.0 1.0 1.0 1.49 0.547 0.348 0.01 0.015 0.005
419.5 1.0 1.0 1.0 1.49 0.547 0.348 0.01 0.015 0.005
419.6 1.0 1.0 1.0 1.49 0.547 0.348 0.01 0.015 0.005
419.7 1.0 1.0 1.0 1.49 0.547 0.348 0.01 0.015 0.005
419.8 1.0 1.0 1.0 1.49 0.547 0.348 0.01 0.015 0.005
419.9 1.0 1.0 1.0 1.49 0.547 0.348 0.01 0.015 0.005
420.0 1.0 1.0 1.0 1.49 0.547 0.348 0.01 0.015 0.005
420.1 1.0 1.0 1.0 1.49 0.547 0.348 0.01 0.015 0.005
420.2 1.0 1.0 1.0 1.49 0.547 0.348 0.01 0.015 0.005
420.3 1.0 1.0 1.0 1.49 0.547 0.348 0.01 0.015 0.005
420.4 1.0 1.0 1.0 1.49 0.547 0.348 0.01 0.015 0.005
420.5 1.0 1.0 1.0 1.49 0.547 0.348 0.01 0.015 0.005
420.6 1.0 1.0 1.0 1.49 0.547 0.348 0.01 0.015 0.005
420.7 1.0 1.0 1.0 1.49 0.547 0.348 0.01 0.015 0.005
420.8 1.0 1.0 1.0 1.49 0.547 0.348 0.01 0.015 0.005
420.9 1.0 1.0 1.0 1.49 0.547 0.348 0.01 0.015 0.005
421.0 1.0 1.0 1.0 1.49 0.547 0.348 0.01 0.015 0.005
421.1 1.0 1.0 1.0 1.49 0.547 0.348 0.01 0.015 0.005
421.2 1.0 1.0 1.0 1.49 0.547 0.348 0.01 0.015 0.005
421.3 1.0 1.0 1.0 1.49 0.547 0.348 0.01 0.015 0.005
421.4 1.0 1.0 1.0 1.49 0.547 0.348 0.01 0.015 0.005
421.5 1.0 1.0 1.0 1.49 0.547 0.348 0.01 0.015 0.005
421.6 1.0 1.0 1.0 1.49 0.547 0.348 0.01 0.015 0.005
421.7 1.0 1.0 1.0 1.49 0.547 0.348 0.01 0.015 0.005
421.8 1.0 1.0 1.0 1.49 0.547 0.348 0.01 0.015 0.005
421.9 1.0 1.0 1.0 1.49 0.547 0.348 0.01 0.015 0.005
422.0 1.0 1.0 1.0 1.49 0.547 0.348 0.01 0.015 0.005
422.1 1.0 1.0 1.0 1.49 0.547 0.348 0.01 0.015 0.005
422.2 1.0 1.0 1.0 1.49 0.547 0.348 0.01 0.015 0.005
422.3 1.0 1.0 1.0 1.49 0.547 0.348 0.01 0.015 0.005
422.4 1.0 1.0 1.0 1.49 0.547 0.348 0.01 0.015 0.005
422.5 1.0 1.0 1.0 1.49 0.547 0.348 0.01 0.015 0.005
422.6 1.0 1.0 1.0 1.49 0.547 0.348 0.01 0.015 0.005
422.7 1.0 1.0 1.0 1.49 0.547 0.348 0.01 0.015 0.005
422.8 1.0 1.0 1.0 1.49 0.547 0.348 0.01 0.015 0.005
422.9 1.0 1.0 1.0 1.49 0.547 0.348 0.01 0.015 0.005
423.0 1.0 1.0 1.0 1.49 0.547 0.348 0.01 0.015 0.005
423.1 1.0 1.0 1.0 1.49 0.547 0.348 0.01 0.015 0.005
423.2 1.0 1.0 1.0 1.49 0.547 0.348 0.01 0.015 0.005
423.3 1.0 1.0 1.0 1.49 0.547 0.348 0.01 0.015 0.005
423.4 1.0 1.0 1.0 1.49 0.547 0.348 0.01 0.015 0.005
423.5 1.0 1.0 1.0 1.49 0.547 0.348 0.01 0.015 0.005
423.6 1.0 1.0 1.0 1.49 0.547 0.348 0.01 0.015 0.005
423.7 1.0 1.0 1.0 1.49 0.547 0.348 0.01 0.015 0.005
423.8 1.0 1.0 1.0 1.49 0.547 0.348 0.01 0.015 0.005
423.9 1.0 1.0 1.0 1.49 0.547 0.348 0.01 0.015 0.005
424.0 1.0 1.0 1.0 1.49 0.547 0.348 0.01 0.015 0.005
424.1 1.0 1.0 1.0 1.49 0.547 0.348 0.01 0.015 0.005
424.2 1.0 1.0 1.0 1.49 0.547 0.348 0.01 0.015 0.005
424.3 1.0 1.0 1.0 1.49 0.547 0.348 0.01 0.015 0.005
424.4 1.0 1.0 1.0 1.49 0.547 0.348 0.01 0.015 0.005
424.5 1.0 1.0 1.0 1.49 0.547 0.348 0.01 0.015 0.005
424.6 1.0 1.0 1.0 1.49 0.547 0.348 0.01 0.015 0.005
424.7 1.0 1.0 1.0 1.49 0.547 0.348 0.01 0.015 0.005
424.8 1.0 1.0 1.0 1.49 0.547 0.348 0.01 0.015 0.005
424.9 1.0 1.0 1.0 1.49 0.547 0.348 0.01 0.015 0.005
425.0 1.0 1.0 1.0 1.49 0.547 0.348 0.01 0.015 0.005
425.1 1.0 1.0 1.0 1.49 0.547 0.348 0.01 0.015 0.005
425.2 1.0 1.0 1.0 1.49 0.547 0.348 0.01 0.015 0.005
425.3 1.0 1.0 1.0 1.49 0.547 0.348 0.01 0.015 0.005
425.4 1.0 1.0 1.0 1.49 0.547 0.348 0.01 0.015 0.005
425.5 1.0 1.0 1.0 1.49 0.547 0.348 0.01 0.015 0.005
425.6 1.0 1.0 1.0 1.49 0.547 0.348 0.01 0.015 0.005
425.7 1.0 1.0 1.0 1.49 0.547 0.348 0.01 0.015 0.005
425.8 1.0 1.0 1.0 1.49 0.547 0.348 0.01 0.015 0.005
425.9 1.0 1.0 1.0 1.49 0.547 0.348 0.01 0.015 0.005
426.0 1.0 1.0 1.0 1.49 0.547 0.348 0.01 0.015 0.005
426.1 1.0 1.0 1.0 1.49 0.547 0.348 0.01 0.015 0.005
426.2 1.0 1.0 1.0 1.49 0.547 0.348 0.01 0.015 0.005
426.3 1.0 1.0 1.0 1.49 0.547 0.348 0.01 0.015 0.005
426.4 1.0 1.0 1.0 1.49 0.547 0.348 0.01 0.015 0.005
426.5 1.0 1.0 1.0 1.49 0.547 0.348 0.01 0.015 0.005
426.6 1.0 1.0 1.0 1.49 0.547 0.348 0.01 0.015 0.005
426.7 1.0 1.0 1.0 1.49 0.547 0.348 0.01 0.015 0.005
426.8 1.0 1.0 1.0 1.49 0.547 0.348 0.01 0.015 0.005
426.9 1.0 1.0 1.0 1.49 0.547 0.348 0.01 0.015 0.005
427.0 1.0 1.0 1.0 1.49 0.547 0.348 0.01 0.015 0.005
427.1 1.0 1.0 1.0 1.49 0.547 0.348 0.01 0.015 0.005
427.2 1.0 1.0 1.0 1.49 0.547 0.348 0.01 0.015 0.005
427.3 1.0 1.0 1.0 1.49 0.547 0.348 0.01 0.015 0.005
427.4 1.0 1.0 1.0 1.49 0.547 0.348 0.01 0.015 0.005
427.5 1.0 1.0 1.0 1.49 0.547 0.348 0.01 0.015 0.005
427.6 1.0 1.0 1.0 1.49 0.547 0.348 0.01 0.015 0.005
427.7 1.0 1.0 1.0 1.49 0.547 0.348 0.01 0.015 0.005
427.8 1.0 1.0 1.0 1.49 0.547 0.348 0.01 0.015 0.005
427.9 1.0 1.0 1.0 1.49 0.547 0.348 0.01 0.015 0.005
428.0 1.0 1.0 1.0 1.49 0.547 0.348 0.01 0.015 0.005
428.1 1.0 1.0 1.0 1.49 0.547 0.348 0.01 0.015 0.005
428.2 1.0 1.0 1.0 1.49 0.547 0.348 0.01 0.015 0.005
428.3 1.0 1.0 1.0 1.49 0.547 0.348 0.01 0.015 0.005
428.4 1.0 1.0 1.0 1.49 0.547 0.348 0.01 0.015 0.005
428.5 1.0 1.0 1.0 1.49 0.547 0.348 0.01 0.015 0.005
428.6 1.0 1.0 1.0 1.49 0.547 0.348 0.01 0.015 0.005
428.7 1.0 1.0 1.0 1.49 0.547 0.348 0.01 0.015 0.005
428.8 1.0 1.0 1.0 1.49 0.547 0.348 0.01 0.015 0.005
428.9 1.0 1.0 1.0 1.49 0.547 0.348 0.01 0.015 0.005
429.0 1.0 1.0 1.0 1.49 0.547 0.348 0.01 0.015 0.005
429.1 1.0 1.0 1.0 1.49 0.547 0.348 0.01 0.015 0.005
429.2 1.0 1.0 1.0 1.49 0.547 0.348 0.01 0.015 0.005
429.3 1.0 1.0 1.0 1.49 0.547 0.348 0.01 0.015 0.005
429.4 1.0 1.0 1.0 1.49 0.547 0.348 0.01 0.015 0.005
429.5 1.0 1.0 1.0 1.49 0.547 0.348 0.01 0.015 0.005
429.6 1.0 1.0 1.0 1.49 0.547 0.348 0.01 0.015 0.005
429.7 1.0 1.0 1.0 1.49 0.547 0.348 0.01 0.015 0.005
429.8 1.0 1.0 1.0 1.49 0.547 0.348 0.01 0.015 0.005
429.9 1.0 1.0 1.0 1.49 0.547 0.348 0.01 0.015 0.005
430.0 1.0 1.0 1.0 1.49 0.547 0.348 0.01 0.015 0.005
430.1 1.0 1.0 1.0 1.49 0.547 0.348 0.01 0.015 0.005
430.2 1.0 1.0 1.0 1.49 0.547 0.348 0.01 0.015 0.005
430.3 1.0 1.0 1.0 1.49 0.547 0.348 0.01 0.015 0.005
430.4 1.0 1.0 1.0 1.49 0.547 0.348 0.01 0.015 0.005
430.5 1.0 1.0 1.0 1.49 0.547 0.348 0.01 0.015 0.005
430.6 1.0 1.0 1.0 1.49 0.547 0.348 0.01 0.015 0.005
430.7 1.0 1.0 1.0 1.49 0.547 0.348 0.01 0.015 0.005
430.8 1.0 1.0 1.0 1.49 0.547 0.348 0.01 0.015 0.005
430.9 1.0 1.0 1.0 1.49 0.547 0.348 0.01 0.015 0.005
431.0 1.0 1.0 1.0 1.49 0.547 0.348 0.01 0.015 0.005
431.1 1.0 1.0 1.0 1.49 0.547 0.348 0.01 0.015 0.005
431.2 1.0 1.0 1.0 1.49 0.547 0.348 0.01 0.015 0.005
431.3 1.0 1.0 1.0 1.49 0.547 0.348 0.01 0.015 0.005
431.4 1.0 1.0 1.0 1.49 0.547 0.348 0.01 0.015 0.005
431.5 1.0 1.0 1.0 1.49 0.547 0.348 0.01 0.015 0.005
431.6 1.0 1.0 1.0 1.49 0.547 0.348 0.01 0.015 0.005
431.7 1.0 1.0 1.0 1.49 0.547 0.348 0.01 0.015 0.005
431.8 1.0 1.0 1.0 1.49 0.547 0.348 0.01 0.015 0.005
431.9 1.0 1.0 1.0 1.49 0.547 0.348 0.01 0.015 0.005
432.0 1.0 1.0 1.0 1.49 0.547 0.348 0.01 0.015 0.005
432.1 1.0 1.0 1.0 1.49 0.547 0.348 0.01 0.015 0.005
432.2 1.0 1.0 1.0 1.49 0.547 0.348 0.01 0.015 0.005
432.3 1.0 1.0 1.0 1.49 0.547 0.348 0.01 0.015 0.005
432.4 1.0 1.0 1.0 1.49 0.547 0.348 0.01 0.015 0.005
432.5 1.0 1.0 1.0 1.49 0.547 0.348 0.01 0.015 0.005
432.6 1.0 1.0 1.0 1.49 0.547 0.348 0.01 0.015 0.005
432.7 1.0 1.0 1.0 1.49 0.547 0.348 0.01 0.015 0.005
432.8 1.0 1.0 1.0 1.49 0.547 0.348 0.01 0.015 0.005
432.9 1.0 1.0 1.0 1.49 0.547 0.348 0.01 0.015 0.005
433.0 1.0 1.0 1.0 1.49 0.547 0.348 0.01 0.015 0.005
433.1 1.0 1.0 1.0 1.49 0.547 0.348 0.01 0.015 0.005
433.2 1.0 1.0 1.0 1.49 0.547 0.348 0.01 0.015 0.005
433.3 1.0 1.0 1.0 1.49 0.547 0.348 0.01 0.015 0.005
433.4 1.0 1.0 1.0 1.49 0.547 0.348 0.01 0.015 0.005
433.5 1.0 1.0 1.0 1.49 0.547 0.348 0.01 0.015 0.005
433.6 1.0 1.0 1.0 1.49 0.547 0.348 0.01 0.015 0.005
433.7 1.0 1.0 1.0 1.49 0.547 0.348 0.01 0.015 0.005
433.8 1.0 1.0 1.0 1.49 0.547 0.348 0.01 0.015 0.005
433.9 1.0 1.0 1.0 1.49 0.547 0.348 0.01 0.015 0.005
434.0 1.0 1.0 1.0 1.49 0.547 0.348 0.01 0.015 0.005
434.1 1.0 1.0 1.0 1.49 0.547 0.348 0.01 0.015 0.005
434.2 1.0 1.0 1.0 1.49 0.547 0.348 0.01 0.015 0.005
434.3 1.0 1.0 1.0 1.49 0.547 0.348 0.01 0.015 0.005
434.4 1.0 1.0 1.0 1.49 0.547 0.348 0.01 0.015 0.005
434.5 1.0 1.0 1.0 1.49 0.547 0.348 0.01 0.015 0.005
434.6 1.0 1.0 1.0 1.49 0.547 0.348 0.01 0.015 0.005
434.7 1.0 1.0 1.0 1.49 0.547 0.348 0.01 0.015 0.005
434.8 1.0 1.0 1.0 1.49 0.547 0.348 0.01 0.015 0.005
434.9 1.0 1.0 1.0 1.49 0.547 0.348 0.01 0.015 0.005
435.0 1.0 1.0 1.0 1.49 0.547 0.348 0.01 0.015 0.005
435.1 1.0 1.0 1.0 1.49 0.547 0.348 0.01 0.015 0.005
435.2 1.0 1.0 1.0 1.49 0.547 0.348 0.01 0.015 0.005
435.3 1.0 1.0 1.0 1.49 0.547 0.348 0.01 0.015 0.005
435.4 1.0 1.0 1.0 1.49 0.547 0.348 0.01 0.015 0.005
435.5 1.0 1.0 1.0 1.49 0.547 0.348 0.01 0.015 0.005
435.6 1.0 1.0 1.0 1.49 0.547 0.348 0.01 0.015 0.005
435.7 1.0 1.0 1.0 1.49 0.547 0.348 0.01 0.015 0.005
435.8 1.0 1.0 1.0 1.49 0.547 0.348 0.01 0.015 0.005
435.9 1.0 1.0 1.0 1.49 0.547 0.348 0.01 0.015 0.005
436.0 1.0 1.0 1.0 1.49 0.547 0.348 0.01 0.015 0.005
436.1 1.0 1.0 1.0 1.49 0.547 0.348 0.01 0.015 0.005
436.2 1.0 1.0 1.0 1.49 0.547 0.348 0.01 0.015 0.005
436.3 1.0 1.0 1.0 1.49 0.547 0.348 0.01 0.015 0.005
436.4 1.0 1.0 1.0 1.49 0.547 0.348 0.01 0.015 0.005
436.5 1.0 1.0 1.0 1.49 0.547 0.348 0.01 0.015 0.005
436.6 1.0 1.0 1.0 1.49 0.547 0.348 0.01 0.015 0.005
436.7 1.0 1.0 1.0 1.49 0.547 0.348 0.01 0.015 0.005
436.8 1.0 1.0 1.0 1.49 0.547 0.348 0.01 0.015 0.005
436.9 1.0 1.0 1.0 1.49 0.547 0.348 0.01 0.015 0.005
437.0 1.0 1.0 1.0 1.49 0.547 0.348 0.01 0.015 0.005
437.1 1.0 1.0 1.0 1.49 0.547 0.348 0.01 0.015 0.005
437.2 1.0 1.0 1.0 1.49 0.547 0.348 0.01 0.015 0.005
437.3 1.0 1.0 1.0 1.49 0.547 0.348 0.01 0.015 0.005
437.4 1.0 1.0 1.0 1.49 0.547 0.348 0.01 0.015 0.005
437.5 1.0 1.0 1.0 1.49 0.547 0.348 0.01 0.015 0.005
437.6 1.0 1.0 1.0 1.49 0.547 0.348 0.01 0.015 0.005
437.7 1.0 1.0 1.0 1.49 0.547 0.348 0.01 0.015 0.005
437.8 1.0 1.0 1.0 1.49 0.547 0.348 0.01 0.015 0.005
437.9 1.0 1.0 1.0 1.49 0.547 0.348 0.01 0.015 0.005
438.0 1.0 1.0 1.0 1.49 0.547 0.348 0.01 0.015 0.005
438.1 1.0 1.0 1.0 1.49 0.547 0.348 0.01 0.015 0.005
438.2 1.0 1.0 1.0 1.49 0.547 0.348 0.01 0.015 0.005
438.3 1.0 1.0 1.0 1.49 0.547 0.348 0.01 0.015 0.005
438.4 1.0 1.0 1.0 1.49 0.547 0.348 0.01 0.015 0.005
438.5 1.0 1.0 1.0 1.49 0.547 0.348 0.01 0.015 0.005
438.6 1.0 1.0 1.0 1.49 0.547 0.348 0.01 0.015 0.005
438.7 1.0 1.0 1.0 1.49 0.547 0.348 0.01 0.015 0.005
438.8 1.0 1.0 1.0 1.49 0.547 0.348 0.01 0.015 0.005
438.9 1.0 1.0 1.0 1.49 0.547 0.348 0.01 0.015 0.005
439.0 1.0 1.0 1.0 1.49 0.547 0.348 0.01 0.015 0.005
439.1 1.0 1.0 1.0 1.49 0.547 0.348 0.01 0.015 0.005
439.2 1.0 1.0 1.0 1.49 0.547 0.348 0.01 0.015 0.005
439.3 1.0 1.0 1.0 1.49 0.547 0.348 0.01 0.015 0.005
439.4 1.0 1.0 1.0 1.49 0.547 0.348 0.01 0.015 0.005
439.5 1.0 1.0 1.0 1.49 0.547 0.348 0.01 0.015 0.005
439.6 1.0 1.0 1.0 1.49 0.547 0.348 0.01 0.015 0.005
439.7 1.0 1.0 1.0 1.49 0.547 0.348 0.01 0.015 0.005
439.8 1.0 1.0 1.0 1.49 0.547 0.348 0.01 0.015 0.005
439.9 1.0 1.0 1.0 1.49 0.547 0.348 0.01 0.015 0.005
440.0 1.0 1.0 1.0 1.49 0.547 0.348 0.01 0.015 0.005
440.1 1.0 1.0 1.0 1.49 0.547 0.348 0.01 0.015 0.005
440.2 1.0 1.0 1.0 1.49 0.547 0.348 0.01 0.015 0.005
440.3 1.0 1.0 1.0 1.49 0.547 0.348 0.01 0.015 0.005
440.4 1.0 1.0 1.0 1.49 0.547 0.348 0.01 0.015 0.005
440.5 1.0 1.0 1.0 1.49 0.547 0.348 0.01 0.015 0.005
440.6 1.0 1.0 1.0 1.49 0.547 0.348 0.01 0.015 0.005
440.7 1.0 1.0 1.0 1.49 0.547 0.348 0.01 0.015 0.005
440.8 1.0 1.0 1.0 1.49 0.547 0.348 0.01 0.015 0.005
440.9 1.0 1.0 1.0 1.49 0.547 0.348 0.01 0.015 0.005
441.0 1.0 1.0 1.0 1.49 0.547 0.348 0.01 0.015 0.005
441.1 1.0 1.0 1.0 1.49 0.547 0.348 0.01 0.015 0.005
441.2 1.0 1.0 1.0 1.49 0.547 0.348 0.01 0.015 0.005
441.3 1.0 1.0 1.0 1.49 0.547 0.348 0.01 0.015 0.005
441.4 1.0 1.0 1.0 1.49 0.547 0.348 0.01 0.015 0.005
441.5 1.0 1.0 1.0 1.49 0.547 0.348 0.01 0.015 0.005
441.6 1.0 1.0 1.0 1.49 0.547 0.348 0.01 0.015 0.005
441.7 1.0 1.0 1.0 1.49 0.547 0.348 0.01 0.015 0.005
441.8 1.0 1.0 1.0 1.49 0.547 0.348 0.01 0.015 0.005
441.9 1.0 1.0 1.0 1.49 0.547 0.348 0.01 0.015 0.005
442.0 1.0 1.0 1.0 1.49 0.547 0.348 0.01 0.015 0.005
442.1 1.0 1.0 1.0 1.49 0.547 0.348 0.01 0.015 0.005
442.2 1.0 1.0 1.0 1.49 0.547 0.348 0.01 0.015 0.005
442.3 1.0 1.0 1.0 1.49 0.547 0.348 0.01 0.015 0.005
442.4 1.0 1.0 1.0 1.49 0.547 0.348 0.01 0.015 0.005
442.5 1.0 1.0 1.0 1.49 0.547 0.348 0.01 0.015 0.005
442.6 1.0 1.0 1.0 1.49 0.547 0.348 0.01 0.015 0.005
442.7 1.0 1.0 1.0 1.49 0.547 0.348 0.01 0.015 0.005
442.8 1.0 1.0 1.0 1.49 0.547 0.348 0.01 0.015 0.005
442.9 1.0 1.0 1.0 1.49 0.547 0.348 0.01 0.015 0.005
443.0 1.0 1.0 1.0 1.49 0.547 0.348 0.01 0.015 0.005
443.1 1.0 1.0 1.0 1.49 0.547 0.348 0.01 0.015 0.005
443.2 1.0 1.0 1.0 1.49 0.547 0.348 0.01 0.015 0.005
443.3 1.0 1.0 1.0 1.49 0.547 0.348 0.01 0.015 0.005
443.4 1.0 1.0 1.0 1.49 0.547 0.348 0.01 0.015 0.005
443.5 1.0 1.0 1.0 1.49 0.547 0.348 0.01 0.015 0.005
443.6 1.0 1.0 1.0 1.49 0.547 0.348 0.01 0.015 0.005
443.7 1.0 1.0 1.0 1.49 0.547 0.348 0.01 0.015 0.005
443.8 1.0 1.0 1.0 1.49 0.547 0.348 0.01 0.015 0.005
443.9 1.0 1.0 1.0 1.49 0.547 0.348 0.01 0.015 0.005
444.0 1.0 1.0 1.0 1.49 0.547 0.348 0.01 0.015 0.005
444.1 1.0 1.0 1.0 1.49 0.547 0.348 0.01 0.015 0.005
444.2 1.0 1.0 1.0 1.49 0.547 0.348 0.01 0.015 0.005
444.3 1.0 1.0 1.0 1.49 0.547 0.348 0.01 0.015 0.005
444.4 1.0 1.0 1.0 1.49 0.547 0.348 0.01 0.015 0.005
444.5 1.0 1.0 1.0 1.49 0.547 0.348 0.01 0.015 0.005
444.6 1.0 1.0 1.0 1.49 0.547 0.348 0.01 0.015 0.005
444.7 1.0 1.0 1.0 1.49 0.547 0.348 0.01 0.015 0.005
444.8 1.0 1.0 1.0 1.49 0.547 0.348 0.01 0.015 0.005
444.9 1.0 1.0 1.0 1.49 0.547 0.348 0.01 0.015 0.005
445.0 1.0 1.0 1.0 1.49 0.547 0.348 0.01 0.015 0.005
445.1 1.0 1.0 1.0 1.49 0.547 0.348 0.01 0.015 0.005
445.2 1.0 1.0 1.0 1.49 0.547 0.348 0.01 0.015 0.005
445.3 1.0 1.0 1.0 1.49 0.547 0.348 0.01 0.015 0.005
445.4 1.0 1.0 1.0 1.49 0.547 0.348 0.01 0.015 0.005
445.5 1.0 1.0 1.0 1.49 0.547 0.348 0.01 0.015 0.005
445.6 1.0 1.0 1.0 1.49 0.547 0.348 0.01 0.015 0.005
445.7 1.0 1.0 1.0 1.49 0.547 0.348 0.01 0.015 0.005
445.8 1.0 1.0 1.0 1.49 0.547 0.348 0.01 0.015 0.005
445.9 1.0 1.0 1.0 1.49 0.547 0.348 0.01 0.015 0.005
446.0 1.0 1.0 1.0 1.49 0.547 0.348 0.01 0.015 0.005
446.1 1.0 1.0 1.0 1.49 0.547 0.348 0.01 0.015 0.005
446.2 1.0 1.0 1.0 1.49 0.547 0.348 0.01 0.015 0.005
446.3 1.0 1.0 1.0 1.49 0.547 0.348 0.01 0.015 0.005
446.4 1.0 1.0 1.0 1.49 0.547 0.348 0.01 0.015 0.005
446.5 1.0 1.0 1.0 1.49 0.547 0.348 0.01 0.015 0.005
446.6 1.0 1.0 1.0 1.49 0.547 0.348 0.01 0.015 0.005
446.7 1.0 1.0 1.0 1.49 0.547 0.348 0.01 0.015 0.005
446.8 1.0 1.0 1.0 1.49 0.547 0.348 0.01 0.015 0.005
446.9 1.0 1.0 1.0 1.49 0.547 0.348 0.01 0.015 0.005
447.0 1.0 1.0 1.0 1.49 0.547 0.348 0.01 0.015 0.005
447.1 1.0 1.0 1.0 1.49 0.547 0.348 0.01 0.015 0.005
447.2 1.0 1.0 1.0 1.49 0.547 0.348 0.01 0.015 0.005
447.3 1.0 1.0 1.0 1.49 0.547 0.348 0.01 0.015 0.005
447.4 1.0 1.0 1.0 1.49 0.547 0.348 0.01 0.015 0.005
447.5 1.0 1.0 1.0 1.49 0.547 0.348 0.01 0.015 0.005
447.6 1.0 1.0 1.0 1.49 0.547 0.348 0.01 0.015 0.005
447.7 1.0 1.0 1.0 1.49 0.547 0.348 0.01 0.015 0.005
447.8 1.0 1.0 1.0 1.49 0.547 0.348 0.01 0.015 0.005
447.9 1.0 1.0 1.0 1.49 0.547 0.348 0.01 0.015 0.005
448.0 1.0 1.0 1.0 1.49 0.547 0.348 0.01 0.015 0.005
448.1 1.0 1.0 1.0 1.49 0.547 0.348 0.01 0.015 0.005
448.2 1.0 1.0 1.0 1.49 0.547 0.348 0.01 0.015 0.005
448.3 1.0 1.0 1.0 1.49 0.547 0.348 0.01 0.015 0.005
448.4 1.0 1.0 1.0 1.49 0.547 0.348 0.01 0.015 0.005
448.5 1.0 1.0 1.0 1.49 0.547 0.348 0.01 0.015 0.005
448.6 1.0 1.0 1.0 1.49 0.547 0.348 0.01 0.015 0.005
448.7 1.0 1.0 1.0 1.49 0.547 0.348 0.01 0.015 0.005
448.8 1.0 1.0 1.0 1.49 0.547 0.348 0.01 0.015 0.005
448.9 1.0 1.0 1.0 1.49 0.547 0.348 0.01 0.015 0.005
449.0 1.0 1.0 1.0 1.49 0.547 0.348 0.01 0.015 0.005
449.1 1.0 1.0 1.0 1.49 0.547 0.348 0.01 0.015 0.005
449.2 1.0 1.0 1.0 1.49 0.547 0.348 0.01 0.015 0.005
449.3 1.0 1.0 1.0 1.49 0.547 0.348 0.01 0.015 0.005
449.4 1.0 1.0 1.0 1.49 0.547 0.348 0.01 0.015 0.005
449.5 1.0 1.0 1.0 1.49 0.547 0.348 0.01 0.015 0.005
449.6 1.0 1.0 1.0 1.49 0.547 0.348 0.01 0.015 0.005
449.7 1.0 1.0 1.0 1.49 0.547 0.348 0.01 0.015 0.005
449.8 1.0 1.0 1.0 1.49 0.547 0.348 0.01 0.015 0.005
449.9 1.0 1.0 1.0 1.49 0.547 0.348 0.01 0.015 0.005
450.0 1.0 1.0 1.0 1.49 0.547 0.348 0.01 0.015 0.005
450.1 1.0 1.0 1.0 1.49 0.547 0.348 0.01 0.015 0.005
450.2 1.0 1.0 1.0 1.49 0.547 0.348 0.01 0.015 0.005
450.3 1.0 1.0 1.0 1.49 0.547 0.348 0.01 0.015 0.005
450.4 1.0 1.0 1.0 1.49 0.547 0.348 0.01 0.015 0.005
450.5 1.0 1.0 1.0 1.49 0.547 0.348 0.01 0.015 0.005
450.6 1.0 1.0 1.0 1.49 0.547 0.348 0.01 0.015 0.005
450.7 1.0 1.0 1.0 1.49 0.547 0.348 0.01 0.015 0.005
450.8 1.0 1.0 1.0 1.49 0.547 0.348 0.01 0.015 0.005
450.9 1.0 1.0 1.0 1.49 0.547 0.348 0.01 0.015 0.005
451.0 1.0 1.0 1.0 1.49 0.547 0.348 0.01 0.015 0.005
451.1 1.0 1.0 1.0 1.49 0.547 0.348 0.01 0.015 0.005
451.2 1.0 1.0 1.0 1.49 0.547 0.348 0.01 0.015 0.005
451.3 1.0 1.0 1.0 1.49 0.547 0.348 0.01 0.015 0.005
451.4 1.0 1.0 1.0 1.49 0.547 0.348 0.01 0.015 0.005
451.5 1.0 1.0 1.0 1.49 0.547 0.348 0.01 0.015 0.005
451.6 1.0 1.0 1.0 1.49 0.547 0.348 0.01 0.015 0.005
451.7 1.0 1.0 1.0 1.49 0.547 0.348 0.01 0.015 0.005
451.8 1.0 1.0 1.0 1.49 0.547 0.348 0.01 0.015 0.005
451.9 1.0 1.0 1.0 1.49 0.547 0.348 0.01 0.015 0.005
452.0 1.0 1.0 1.0 1.49 0.547 0.348 0.01 0.015 0.005
452.1 1.0 1.0 1.0 1.49 0.547 0.348 0.01 0.015 0.005
452.2 1.0 1.0 1.0 1.49 0.547 0.348 0.01 0.015 0.005
452.3 1.0 1.0 1.0 1.49 0.547 0.348 0.01 0.015 0.005
452.4 1.0 1.0 1.0 1.49 0.547 0.348 0.01 0.015 0.005
452.5 1.0 1.0 1.0 1.49 0.547 0.348 0.01 0.015 0.005
452.6 1.0 1.0 1.0 1.49 0.547 0.348 0.01 0.015 0.005
452.7 1.0 1.0 1.0 1.49 0.547 0.348 0.01 0.015 0.005
452.8 1.0 1.0 1.0 1.49 0.547 0.348 0.01 0.015 0.005
452.9 1.0 1.0 1.0 1.49 0.547 0.348 0.01 0.015 0.005
453.0 1.0 1.0 1.0 1.49 0.547 0.348 0.01 0.015 0.005
453.1 1.0 1.0 1.0 1.49 0.547 0.348 0.01 0.015 0.005
453.2 1.0 1.0 1.0 1.49 0.547 0.348 0.01 0.015 0.005
453.3 1.0 1.0 1.0 1.49 0.547 0.348 0.01 0.015 0.005
453.4 1.0 1.0 1.0 1.49 0.547 0.348 0.01 0.015 0.005
453.5 1.0 1.0 1.0 1.49 0.547 0.348 0.01 0.015 0.005
453.6 1.0 1.0 1.0 1.49 0.547 0.348 0.01 0.015 0.005
453.7 1.0 1.0 1.0 1.49 0.547 0.348 0.01 0.015 0.005
453.8 1.0 1.0 1.0 1.49 0.547 0.348 0.01 0.015 0.005
453.9 1.0 1.0 1.0 1.49 0.547 0.348 0.01 0.015 0.005
454.0 1.0 1.0 1.0 1.49 0.547 0.348 0.01 0.015 0.005
454.1 1.0 1.0 1.0 1.49 0.547 0.348 0.01 0.015 0.005
454.2 1.0 1.0 1.0 1.49 0.547 0.348 0.01 0.015 0.005
454.3 1.0 1.0 1.0 1.49 0.547 0.348 0.01 0.015 0.005
454.4 1.0 1.0 1.0 1.49 0.547 0.348 0.01 0.015 0.005
454.5 1.0 1.0 1.0 1.49 0.547 0.348 0.01 0.015 0.005
454.6 1.0 1.0 1.0 1.49 0.547 0.348 0.01 0.015 0.005
454.7 1.0 1.0 1.0 1.49 0.547 0.348 0.01 0.015 0.005
454.8 1.0 1.0 1.0 1.49 0.547 0.348 0.01 0.015 0.005
454.9 1.0 1.0 1.0 1.49 0.547 0.348 0.01 0.015 0.005
455.0 1.0 1.0 1.0 1.49 0.547 0.348 0.01 0.015 0.005
455.1 1.0 1.0 1.0 1.49 0.547 0.348 0.01 0.015 0.005
455.2 1.0 1.0 1.0 1.49 0.547 0.348 0.01 0.015 0.005
455.3 1.0 1.0 1.0 1.49 0.547 0.348 0.01 0.015 0.005
455.4 1.0 1.0 1.0 1.49 0.547 0.348 0.01 0.015 0.005
455.5 1.0 1.0 1.0 1.49 0.547 0.348 0.01 0.015 0.005
455.6 1.0 1.0 1.0 1.49 0.547 0.348 0.01 0.015 0.005
455.7 1.0 1.0 1.0 1.49 0.547 0.348 0.01 0.015 0.005
455.8 1.0 1.0 1.0 1.49 0.547 0.348 0.01 0.015 0.005
455.9 1.0 1.0 1.0 1.49 0.547 0.348 0.01 0.015 0.005
456.0 1.0 1.0 1.0 1.49 0.547 0.348 0.01 0.015 0.005
456.1 1.0 1.0 1.0 1.49 0.547 0.348 0.01 0.015 0.005
456.2 1.0 1.0 1.0 1.49 0.547 0.348 0.01 0.015 0.005
456.3 1.0 1.0 1.0 1.49 0.547 0.348 0.01 0.015 0.005
456.4 1.0 1.0 1.0 1.49 0.547 0.348 0.01 0.015 0.005
456.5 1.0 1.0 1.0 1.49 0.547 0.348 0.01 0.015 0.005
456.6 1.0 1.0 1.0 1.49 0.547 0.348 0.01 0.015 0.005
456.7 1.0 1.0 1.0 1.49 0.547 0.348 0.01 0.015 0.005
456.8 1.0 1.0 1.0 1.49 0.547 0.348 0.01 0.015 0.005
456.9 1.0 1.0 1.0 1.49 0.547 0.348 0.01 0.015 0.005
457.0 1.0 1.0 1.0 1.49 0.547 0.348 0.01 0.015 0.005
457.1 1.0 1.0 1.0 1.49 0.547 0.348 0.01 0.015 0.005
457.2 1.0 1.0 1.0 1.49 0.547 0.348 0.01 0.015 0.005
457.3 1.0 1.0 1.0 1.49 0.547 0.348 0.01 0.015 0.005
457.4 1.0 1.0 1.0 1.49 0.547 0.348 0.01 0.015 0.005
457.5 1.0 1.0 1.0 1.49 0.547 0.348 0.01 0.015 0.005
457.6 1.0 1.0 1.0 1.49 0.547 0.348 0.01 0.015 0.005
457.7 1.0 1.0 1.0 1.49 0.547 0.348 0.01 0.015 0.005
457.8 1.0 1.0 1.0 1.49 0.547 0.348 0.01 0.015 0.005
457.9 1.0 1.0 1.0 1.49 0.547 0.348 0.01 0.015 0.005
458.0 1.0 1.0 1.0 1.49 0.547 0.348 0.01 0.015 0.005
458.1 1.0 1.0 1.0 1.49 0.547 0.348 0.01 0.015 0.005
458.2 1.0 1.0 1.0 1.49 0.547 0.348 0.01 0.015 0.005
458.3 1.0 1.0 1.0 1.49 0.547 0.348 0.01 0.015 0.005
458.4 1.0 1.0 1.0 1.49 0.547 0.348 0.01 0.015 0.005
458.5 1.0 1.0 1.0 1.49 0.547 0.348 0.01 0.015 0.005
458.6 1.0 1.0 1.0 1.49 0.547 0.348 0.01 0.015 0.005
458.7 1.0 1.0 1.0 1.49 0.547 0.348 0.01 0.015 0.005
458.8 1.0 1.0 1.0 1.49 0.547 0.348 0.01 0.015 0.005
458.9 1.0 1.0 1.0 1.49 0.547 0.348 0.01 0.015 0.005
459.0 1.0 1.0 1.0 1.49 0.547 0.348 0.01 0.015 0.005
459.1 1.0 1.0 1.0 1.49 0.547 0.348 0.01 0.015 0.005
459.2 1.0 1.0 1.0 1.49 0.547 0.348 0.01 0.015 0.005
459.3 1.0 1.0 1.0 1.49 0.547 0.348 0.01 0.015 0.005
459.4 1.0 1.0 1.0 1.49 0.547 0.348 0.01 0.015 0.005
459.5 1.0 1.0 1.0 1.49 0.547 0.348 0.01 0.015 0.005
459.6 1.0 1.0 1.0 1.49 0.547 0.348 0.01 0.015 0.005
459.7 1.0 1.0 1.0 1.49 0.547 0.348 0.01 0.015 0.005
459.8 1.0 1.0 1.0 1.49 0.547 0.348 0.01 0.015 0.005
459.9 1.0 1.0 1.0 1.49 0.547 0.348 0.01 0.015 0.005
460.0 1.0 1.0 1.0 1.49 0.547 0.348 0.01 0.015 0.005
460.1 1.0 1.0 1.0 1.49 0.547 0.348 0.01 0.015 0.005
460.2 1.0 1.0 1.0 1.49 0.547 0.348 0.01 0.015 0.005
460.3 1.0 1.0 1.0 1.49 0.547 0.348 0.01 0.015 0.005
460.4 1.0 1.0 1.0 1.49 0.547 0.348 0.01 0.015 0.005
460.5 1.0 1.0 1.0 1.49 0.547 0.348 0.01 0.015 0.005
460.6 1.0 1.0 1.0 1.49 0.547 0.348 0.01 0.015 0.005
460.7 1.0 1.0 1.0 1.49 0.547 0.348 0.01 0.015 0.005
460.8 1.0 1.0 1.0 1.49 0.547 0.348 0.01 0.015 0.005
460.9 1.0 1.0 1.0 1.49 0.547 0.348 0.01 0.015 0.005
461.0 1.0 1.0 1.0 1.49 0.547 0.348 0.01 0.015 0.005
461.1 1.0 1.0 1.0 1.49 0.547 0.348 0.01 0.015 0.005
461.2 1.0 1.0 1.0 1.49 0.547 0.348 0.01 0.015 0.005
461.3 1.0 1.0 1.0 1.49 0.547 0.348 0.01 0.015 0.005
461.4 1.0 1.0 1.0 1.49 0.547 0.348 0.01 0.015 0.005
461.5 1.0 1.0 1.0 1.49 0.547 0.348 0.01 0.015 0.005
461.6 1.0 1.0 1.0 1.49 0.547 0.348 0.01 0.015 0.005
461.7 1.0 1.0 1.0 1.49 0.547 0.348 0.01 0.015 0.005
461.8 1.0 1.0 1.0 1.49 0.547 0.348 0.01 0.015 0.005
461.9 1.0 1.0 1.0 1.49 0.547 0.348 0.01 0.015 0.005
462.0 1.0 1.0 1.0 1.49 0.547 0.348 0.01 0.015 0.005
462.1 1.0 1.0 1.0 1.49 0.547 0.348 0.01 0.015 0.005
462.2 1.0 1.0 1.0 1.49 0.547 0.348 0.01 0.015 0.005
462.3 1.0 1.0 1.0 1.49 0.547 0.348 0.01 0.015 0.005
462.4 1.0 1.0 1.0 1.49 0.547 0.348 0.01 0.015 0.005
462.5 1.0 1.0 1.0 1.49 0.547 0.348 0.01 0.015 0.005
462.6 1.0 1.0 1.0 1.49 0.547 0.348 0.01 0.015 0.005
462.7 1.0 1.0 1.0 1.49 0.547 0.348 0.01 0.015 0.005
462.8 1.0 1.0 1.0 1.49 0.547 0.348 0.01 0.015 0.005
462.9 1.0 1.0 1.0 1.49 0.547 0.348 0.01 0.015 0.005
463.0 1.0 1.0 1.0 1.49 0.547 0.348 0.01 0.015 0.005
463.1 1.0 1.0 1.0 1.49 0.547 0.348 0.01 0.015 0.005
463.2 1.0 1.0 1.0 1.49 0.547 0.348 0.01 0.015 0.005
463.3 1.0 1.0 1.0 1.49 0.547 0.348 0.01 0.015 0.005
463.4 1.0 1.0 1.0 1.49 0.547 0.348 0.01 0.015 0.005
463.5 1.0 1.0 1.0 1.49 0.547 0.348 0.01 0.015 0.005
463.6 1.0 1.0 1.0 1.49 0.547 0.348 0.01 0.015 0.005
463.7 1.0 1.0 1.0 1.49 0.547 0.348 0.01 0.015 0.005
463.8 1.0 1.0 1.0 1.49 0.547 0.348 0.01 0.015 0.005
463.9 1.0 1.0 1.0 1.49 0.547 0.348 0.01 0.015 0.005
464.0 1.0 1.0 1.0 1.49 0.547 0.348 0.01 0.015 0.005
464.1 1.0 1.0 1.0 1.49 0.547 0.348 0.01 0.015 0.005
464.2 1.0 1.0 1.0 1.49 0.547 0.348 0.01 0.015 0.005
464.3 1.0 1.0 1.0 1.49 0.547 0.348 0.01 0.015 0.005
464.4 1.0 1.0 1.0 1.49 0.547 0.348 0.01 0.015 0.005
464.5 1.0 1.0 1.0 1.49 0.547 0.348 0.01 0.015 0.005
464.6 1.0 1.0 1.0 1.49 0.547 0.348 0.01 0.015 0.005
464.7 1.0 1.0 1.0 1.49 0.547 0.348 0.01 0.015 0.005
464.8 1.0 1.0 1.0 1.49 0.547 0.348 0.01 0.015 0.005
464.9 1.0 1.0 1.0 1.49 0.547 0.348 0.01 0.015 0.005
465.0 1.0 1.0 1.0 1.49 0.547 0.348 0.01 0.015 0.005
465.1 1.0 1.0 1.0 1.49 0.547 0.348 0.01 0.015 0.005
465.2 1.0 1.0 1.0 1.49 0.547 0.348 0.01 0.015 0.005
465.3 1.0 1.0 1.0 1.49 0.547 0.348 0.01 0.015 0.005
465.4 1.0 1.0 1.0 1.49 0.547 0.348 0.01 0.015 0.005
465.5 1.0 1.0 1.0 1.49 0.547 0.348 0.01 0.015 0.005
465.6 1.0 1.0 1.0 1.49 0.547 0.348 0.01 0.015 0.005
465.7 1.0 1.0 1.0 1.49 0.547 0.348 0.01 0.015 0.005
465.8 1.0 1.0 1.0 1.49 0.547 0.348 0.01 0.015 0.005
465.9 1.0 1.0 1.0 1.49 0.547 0.348 0.01 0.015 0.005
466.0 1.0 1.0 1.0 1.49 0.547 0.348 0.01 0.015 0.005
466.1 1.0 1.0 1.0 1.49 0.547 0.348 0.01 0.015 0.005
466.2 1.0 1.0 1.0 1.49 0.547 0.348 0.01 0.015 0.005
466.3 1.0 1.0 1.0 1.49 0.547 0.348 0.01 0.015 0.005
466.4 1.0 1.0 1.0 1.49 0.547 0.348 0.01 0.015 0.005
466.5 1.0 1.0 1.0 1.49 0.547 0.348 0.01 0.015 0.005
466.6 1.0 1.0 1.0 1.49 0.547 0.348 0.01 0.015 0.005
466.7 1.0 1.0 1.0 1.49 0.547 0.348 0.01 0.015 0.005
466.8 1.0 1.0 1.0 1.49 0.547 0.348 0.01 0.015 0.005
466.9 1.0 1.0 1.0 1.49 0.547 0.348 0.01 0.015 0.005
467.0 1.0 1.0 1.0 1.49 0.547 0.348 0.01 0.015 0.005
467.1 1.0 1.0 1.0 1.49 0.547 0.348 0.01 0.015 0.005
467.2 1.0 1.0 1.0 1.49 0.547 0.348 0.01 0.015 0.005
467.3 1.0 1.0 1.0 1.49 0.547 0.348 0.01 0.015 0.005
467.4 1.0 1.0 1.0 1.49 0.547 0.348 0.01 0.015 0.005
467.5 1.0 1.0 1.0 1.49 0.547 0.348 0.01 0.015 0.005
467.6 1.0 1.0 1.0 1.49 0.547 0.348 0.01 0.015 0.005
467.7 1.0 1.0 1.0 1.49 0.547 0.348 0.01 0.015 0.005
467.8 1.0 1.0 1.0 1.49 0.547 0.348 0.01 0.015 0.005
467.9 1.0 1.0 1.0 1.49 0.547 0.348 0.01 0.015 0.005
468.0 1.0 1.0 1.0 1.49 0.547 0.348 0.01 0.015 0.005
468.1 1.0 1.0 1.0 1.49 0.547 0.348 0.01 0.015 0.005
468.2 1.0 1.0 1.0 1.49 0.547 0.348 0.01 0.015 0.005
468.3 1.0 1.0 1.0 1.49 0.547 0.348 0.01 0.015 0.005
468.4 1.0 1.0 1.0 1.49 0.547 0.348 0.01 0.015 0.005
468.5 1.0 1.0 1.0 1.49 0.547 0.348 0.01 0.015 0.005
468.6 1.0 1.0 1.0 1.49 0.547 0.348 0.01 0.015 0.005
468.7 1.0 1.0 1.0 1.49 0.547 0.348 0.01 0.015 0.005
468.8 1.0 1.0 1.0 1.49 0.547 0.348 0.01 0.015 0.005
468.9 1.0 1.0 1.0 1.49 0.547 0.348 0.01 0.015 0.005
469.0 1.0 1.0 1.0 1.49 0.547 0.348 0.01 0.015 0.005
469.1 1.0 1.0 1.0 1.49 0.547 0.348 0.01 0.015 0.005
469.2 1.0 1.0 1.0 1.49 0.547 0.348 0.01 0.015 0.005
469.3 1.0 1.0 1.0 1.49 0.547 0.348 0.01 0.015 0.005
469.4 1.0 1.0 1.0 1.49 0.547 0.348 0.01 0.015 0.005
469.5 1.0 1.0 1.0 1.49 0.547 0.348 0.01 0.015 0.005
469.6 1.0 1.0 1.0 1.49 0.547 0.348 0.01 0.015 0.005
469.7 1.0 1.0 1.0 1.49 0.547 0.348 0.01 0.015 0.005
469.8 1.0 1.0 1.0 1.49 0.547 0.348 0.01 0.015 0.005
469.9 1.0 1.0 1.0 1.49 0.547 0.348 0.01 0.015 0.005
470.0 1.0 1.0 1.0 1.49 0.547 0.348 0.01 0.015 0.005
470.1 1.0 1.0 1.0 1.49 0.547 0.348 0.01 0.015 0.005
470.2 1.0 1.0 1.0 1.49 0.547 0.348 0.01 0.015 0.005
470.3 1.0 1.0 1.0 1.49 0.547 0.348 0.01 0.015 0.005
470.4 1.0 1.0 1.0 1.49 0.547 0.348 0.01 0.015 0.005
470.5 1.0 1.0 1.0 1.49 0.547 0.348 0.01 0.015 0.005
470.6 1.0 1.0 1.0 1.49 0.547 0.348 0.01 0.015 0.005
470.7 1.0 1.0 1.0 1.49 0.547 0.348 0.01 0.015 0.005
470.8 1.0 1.0 1.0 1.49 0.547 0.348 0.01 0.015 0.005
470.9 1.0 1.0 1.0 1.49 0.547 0.348 0.01 0.015 0.005
471.0 1.0 1.0 1.0 1.49 0.547 0.348 0.01 0.015 0.005
471.1 1.0 1.0 1.0 1.49 0.547 0.348 0.01 0.015 0.005
471.2 1.0 1.0 1.0 1.49 0.547 0.348 0.01 0.015 0.005
471.3 1.0 1.0 1.0 1.49 0.547 0.348 0.01 0.015 0.005
471.4 1.0 1.0 1.0 1.49 0.547 0.348 0.01 0.015 0.005
471.5 1.0 1.0 1.0 1.49 0.547 0.348 0.01 0.015 0.005
471.6 1.0 1.0 1.0 1.49 0.547 0.348 0.01 0.015 0.005
471.7 1.0 1.0 1.0 1.49 0.547 0.348 0.01 0.015 0.005
471.8 1.0 1.0 1.0 1.49 0.547 0.348 0.01 0.015 0.005
471.9 1.0 1.0 1.0 1.49 0.547 0.348 0.01 0.015 0.005
472.0 1.0 1.0 1.0 1.49 0.547 0.348 0.01 0.015 0.005
472.1 1.0 1.0 1.0 1.49 0.547 0.348 0.01 0.015 0.005
472.2 1.0 1.0 1.0 1.49 0.547 0.348 0.01 0.015 0.005
472.3 1.0 1.0 1.0 1.49 0.547 0.348 0.01 0.015 0.005
472.4 1.0 1.0 1.0 1.49 0.547 0.348 0.01 0.015 0.005
472.5 1.0 1.0 1.0 1.49 0.547 0.348 0.01 0.015 0.005
472.6 1.0 1.0 1.0 1.49 0.547 0.348 0.01 0.015 0.005
472.7 1.0 1.0 1.0 1.49 0.547 0.348 0.01 0.015 0.005
472.8 1.0 1.0 1.0 1.49 0.547 0.348 0.01 0.015 0.005
472.9 1.0 1.0 1.0 1.49 0.547 0.348 0.01 0.015 0.005
473.0 1.0 1.0 1.0 1.49 0.547 0.348 0.01 0.015 0.005
473.1 1.0 1.0 1.0 1.49 0.547 0.348 0.01 0.015 0.005
473.2 1.0 1.0 1.0 1.49 0.547 0.348 0.01 0.015 0.005
473.3 1.0 1.0 1.0 1.49 0.547 0.348 0.01 0.015 0.005
473.4 1.0 1.0 1.0 1.49 0.547 0.348 0.01 0.015 0.005
473.5 1.0 1.0 1.0 1.49 0.547 0.348 0.01 0.015 0.005
473.6 1.0 1.0 1.0 1.49 0.547 0.348 0.01 0.015 0.005
473.7 1.0 1.0 1.0 1.49 0.547 0.348 0.01 0.015 0.005
473.8 1.0 1.0 1.0 1.49 0.547 0.348 0.01 0.015 0.005
473.9 1.0 1.0 1.0 1.49 0.547 0.348 0.01 0.015 0.005
474.0 1.0 1.0 1.0 1.49 0.547 0.348 0.01 0.015 0.005
474.1 1.0 1.0 1.0 1.49 0.547 0.348 0.01 0.015 0.005
474.2 1.0 1.0 1.0 1.49 0.547 0.348 0.01 0.015 0.005
474.3 1.0 1.0 1.0 1.49 0.547 0.348 0.01 0.015 0.005
474.4 1.0 1.0 1.0 1.49 0.547 0.348 0.01 0.015 0.005
474.5 1.0 1.0 1.0 1.49 0.547 0.348 0.01 0.015 0.005
474.6 1.0 1.0 1.0 1.49 0.547 0.348 0.01 0.015 0.005
474.7 1.0 1.0 1.0 1.49 0.547 0.348 0.01 0.015 0.005
474.8 1.0 1.0 1.0 1.49 0.547 0.348 0.01 0.015 0.005
474.9 1.0 1.0 1.0 1.49 0.547 0.348 0.01 0.015 0.005
475.0 1.0 1.0 1.0 1.49 0.547 0.348 0.01 0.015 0.005
475.1 1.0 1.0 1.0 1.49 0.547 0.348 0.01 0.015 0.005
475.2 1.0 1.0 1.0 1.49 0.547 0.348 0.01 0.015 0.005
475.3 1.0 1.0 1.0 1.49 0.547 0.348 0.01 0.015 0.005
475.4 1.0 1.0 1.0 1.49 0.547 0.348 0.01 0.015 0.005
475.5 1.0 1.0 1.0 1.49 0.547 0.348 0.01 0.015 0.005
475.6 1.0 1.0 1.0 1.49 0.547 0.348 0.01 0.015 0.005
475.7 1.0 1.0 1.0 1.49 0.547 0.348 0.01 0.015 0.005
475.8 1.0 1.0 1.0 1.49 0.547 0.348 0.01 0.015 0.005
475.9 1.0 1.0 1.0 1.49 0.547 0.348 0.01 0.015 0.005
476.0 1.0 1.0 1.0 1.49 0.547 0.348 0.01 0.015 0.005
476.1 1.0 1.0 1.0 1.49 0.547 0.348 0.01 0.015 0.005
476.2 1.0 1.0 1.0 1.49 0.547 0.348 0.01 0.015 0.005
476.3 1.0 1.0 1.0 1.49 0.547 0.348 0.01 0.015 0.005
476.4 1.0 1.0 1.0 1.49 0.547 0.348 0.01 0.015 0.005
476.5 1.0 1.0 1.0 1.49 0.547 0.348 0.01 0.015 0.005
476.6 1.0 1.0 1.0 1.49 0.547 0.348 0.01 0.015 0.005
476.7 1.0 1.0 1.0 1.49 0.547 0.348 0.01 0.015 0.005
476.8 1.0 1.0 1.0 1.49 0.547 0.348 0.01 0.015 0.005
476.9 1.0 1.0 1.0 1.49 0.547 0.348 0.01 0.015 0.005
477.0 1.0 1.0 1.0 1.49 0.547 0.348 0.01 0.015 0.005
477.1 1.0 1.0 1.0 1.49 0.547 0.348 0.01 0.015 0.005
477.2 1.0 1.0 1.0 1.49 0.547 0.348 0.01 0.015 0.005
477.3 1.0 1.0 1.0 1.49 0.547 0.348 0.01 0.015 0.005
477.4 1.0 1.0 1.0 1.49 0.547 0.348 0.01 0.015 0.005
477.5 1.0 1.0 1.0 1.49 0.547 0.348 0.01 0.015 0.005
477.6 1.0 1.0 1.0 1.49 0.547 0.348 0.01 0.015 0.005
477.7 1.0 1.0 1.0 1.49 0.547 0.348 0.01 0.015 0.005
477.8 1.0 1.0 1.0 1.49 0.547 0.348 0.01 0.015 0.005
477.9 1.0 1.0 1.0 1.49 0.547 0.348 0.01 0.015 0.005
478.0 1.0 1.0 1.0 1.49 0.547 0.348 0.01 0.015 0.005
478.1 1.0 1.0 1.0 1.49 0.547 0.348 0.01 0.015 0.005
478.2 1.0 1.0 1.0 1.49 0.547 0.348 0.01 0.015 0.005
478.3 1.0 1.0 1.0 1.49 0.547 0.348 0.01 0.015 0.005
478.4 1.0 1.0 1.0 1.49 0.547 0.348 0.01 0.015 0.005
478.5 1.0 1.0 1.0 1.49 0.547 0.348 0.01 0.015 0.005
478.6 1.0 1.0 1.0 1.49 0.547 0.348 0.01 0.015 0.005
478.7 1.0 1.0 1.0 1.49 0.547 0.348 0.01 0.015 0.005
478.8 1.0 1.0 1.0 1.49 0.547 0.348 0.01 0.015 0.005
478.9 1.0 1.0 1.0 1.49 0.547 0.348 0.01 0.015 0.005
479.0 1.0 1.0 1.0 1.49 0.547 0.348 0.01 0.015 0.005
479.1 1.0 1.0 1.0 1.49 0.547 0.348 0.01 0.015 0.005
479.2 1.0 1.0 1.0 1.49 0.547 0.348 0.01 0.015 0.005
479.3 1.0 1.0 1.0 1.49 0.547 0.348 0.01 0.015 0.005
479.4 1.0 1.0 1.0 1.49 0.547 0.348 0.01 0.015 0.005
479.5 1.0 1.0 1.0 1.49 0.547 0.348 0.01 0.015 0.005
479.6 1.0 1.0 1.0 1.49 0.547 0.348 0.01 0.015 0.005
479.7 1.0 1.0 1.0 1.49 0.547 0.348 0.01 0.015 0.005
479.8 1.0 1.0 1.0 1.49 0.547 0.348 0.01 0.015 0.005
479.9 1.0 1.0 1.0 1.49 0.547 0.348 0.01 0.015 0.005
480.0 1.0 1.0 1.0 1.49 0.547 0.348 0.01 0.015 0.005
480.1 1.0 1.0 1.0 1.49 0.547 0.348 0.01 0.015 0.005
480.2 1.0 1.0 1.0 1.49 0.547 0.348 0.01 0.015 0.005
480.3 1.0 1.0 1.0 1.49 0.547 0.348 0.01 0.015 0.005
480.4 1.0 1.0 1.0 1.49 0.547 0.348 0.01 0.015 0.005
480.5 1.0 1.0 1.0 1.49 0.547 0.348 0.01 0.015 0.005
480.6 1.0 1.0 1.0 1.49 0.547 0.348 0.01 0.015 0.005
480.7 1.0 1.0 1.0 1.49 0.547 0.348 0.01 0.015 0.005
480.8 1.0 1.0 1.0 1.49 0.547 0.348 0.01 0.015 0.005
480.9 1.0 1.0 1.0 1.49 0.547 0.348 0.01 0.015 0.005
481.0 1.0 1.0 1.0 1.49 0.547 0.348 0.01 0.015 0.005
481.1 1.0 1.0 1.0 1.49 0.547 0.348 0.01 0.015 0.005
481.2 1.0 1.0 1.0 1.49 0.547 0.348 0.01 0.015 0.005
481.3 1.0 1.0 1.0 1.49 0.547 0.348 0.01 0.015 0.005
481.4 1.0 1.0 1.0 1.49 0.547 0.348 0.01 0.015 0.005
481.5 1.0 1.0 1.0 1.49 0.547 0.348 0.01 0.015 0.005
481.6 1.0 1.0 1.0 1.49 0.547 0.348 0.01 0.015 0.005
481.7 1.0 1.0 1.0 1.49 0.547 0.348 0.01 0.015 0.005
481.8 1.0 1.0 1.0 1.49 0.547 0.348 0.01 0.015 0.005
481.9 1.0 1.0 1.0 1.49 0.547 0.348 0.01 0.015 0.005
482.0 1.0 1.0 1.0 1.49 0.547 0.348 0.01 0.015 0.005
482.1 1.0 1.0 1.0 1.49 0.547 0.348 0.01 0.015 0.005
482.2 1.0 1.0 1.0 1.49 0.547 0.348 0.01 0.015 0.005
482.3 1.0 1.0 1.0 1.49 0.547 0.348 0.01 0.015 0.005
482.4 1.0 1.0 1.0 1.49 0.547 0.348 0.01 0.015 0.005
482.5 1.0 1.0 1.0 1.49 0.547 0.348 0.01 0.015 0.005
482.6 1.0 1.0 1.0 1.49 0.547 0.348 0.01 0.015 0.005
482.7 1.0 1.0 1.0 1.49 0.547 0.348 0.01 0.015 0.005
482.8 1.0 1.0 1.0 1.49 0.547 0.348 0.01 0.015 0.005
482.9 1.0 1.0 1.0 1.49 0.547 0.348 0.01 0.015 0.005
483.0 1.0 1.0 1.0 1.49 0.547 0.348 0.01 0.015 0.005
483.1 1.0 1.0 1.0 1.49 0.547 0.348 0.01 0.015 0.005
483.2 1.0 1.0 1.0 1.49 0.547 0.348 0.01 0.015 0.005
483.3 1.0 1.0 1.0 1.49 0.547 0.348 0.01 0.015 0.005
483.4 1.0 1.0 1.0 1.49 0.547 0.348 0.01 0.015 0.005
483.5 1.0 1.0 1.0 1.49 0.547 0.348 0.01 0.015 0.005
483.6 1.0 1.0 1.0 1.49 0.547 0.348 0.01 0.015 0.005
483.7 1.0 1.0 1.0 1.49 0.547 0.348 0.01 0.015 0.005
483.8 1.0 1.0 1.0 1.49 0.547 0.348 0.01 0.015 0.005
483.9 1.0 1.0 1.0 1.49 0.547 0.348 0.01 0.015 0.005
484.0 1.0 1.0 1.0 1.49 0.547 0.348 0.01 0.015 0.005
484.1 1.0 1.0 1.0 1.49 0.547 0.348 0.01 0.015 0.005
484.2 1.0 1.0 1.0 1.49 0.547 0.348 0.01 0.015 0.005
484.3 1.0 1.0 1.0 1.49 0.547 0.348 0.01 0.015 0.005
484.4 1.0 1.0 1.0 1.49 0.547 0.348 0.01 0.015 0.005
484.5 1.0 1.0 1.0 1.49 0.547 0.348 0.01 0.015 0.005
484.6 1.0 1.0 1.0 1.49 0.547 0.348 0.01 0.015 0.005
484.7 1.0 1.0 1.0 1.49 0.547 0.348 0.01 0.015 0.005
484.8 1.0 1.0 1.0 1.49 0.547 0.348 0.01 0.015 0.005
484.9 1.0 1.0 1.0 1.49 0.547 0.348 0.01 0.015 0.005
485.0 1.0 1.0 1.0 1.49 0.547 0.348 0.01 0.015 0.005
485.1 1.0 1.0 1.0 1.49 0.547 0.348 0.01 0.015 0.005
485.2 1.0 1.0 1.0 1.49 0.547 0.348 0.01 0.015 0.005
485.3 1.0 1.0 1.0 1.49 0.547 0.348 0.01 0.015 0.005
485.4 1.0 1.0 1.0 1.49 0.547 0.348 0.01 0.015 0.005
485.5 1.0 1.0 1.0 1.49 0.547 0.348 0.01 0.015 0.005
485.6 1.0 1.0 1.0 1.49 0.547 0.348 0.01 0.015 0.005
485.7 1.0 1.0 1.0 1.49 0.547 0.348 0.01 0.015 0.005
485.8 1.0 1.0 1.0 1.49 0.547 0.348 0.01 0.015 0.005
485.9 1.0 1.0 1.0 1.49 0.547 0.348 0.01 0.015 0.005
486.0 1.0 1.0 1.0 1.49 0.547 0.348 0.01 0.015 0.005
486.1 1.0 1.0 1.0 1.49 0.547 0.348 0.01 0.015 0.005
486.2 1.0 1.0 1.0 1.49 0.547 0.348 0.01 0.015 0.005
486.3 1.0 1.0 1.0 1.49 0.547 0.348 0.01 0.015 0.005
486.4 1.0 1.0 1.0 1.49 0.547 0.348 0.01 0.015 0.005
486.5 1.0 1.0 1.0 1.49 0.547 0.348 0.01 0.015 0.005
486.6 1.0 1.0 1.0 1.49 0.547 0.348 0.01 0.015 0.005
486.7 1.0 1.0 1.0 1.49 0.547 0.348 0.01 0.015 0.005
486.8 1.0 1.0 1.0 1.49 0.547 0.348 0.01 0.015 0.005
486.9 1.0 1.0 1.0 1.49 0.547 0.348 0.01 0.015 0.005
487.0 1.0 1.0 1.0 1.49 0.547 0.348 0.01 0.015 0.005
487.1 1.0 1.0 1.0 1.49 0.547 0.348 0.01 0.015 0.005
487.2 1.0 1.0 1.0 1.49 0.547 0.348 0.01 0.015 0.005
487.3 1.0 1.0 1.0 1.49 0.547 0.348 0.01 0.015 0.005
487.4 1.0 1.0 1.0 1.49 0.547 0.348 0.01 0.015 0.005
487.5 1.0 1.0 1.0 1.49 0.547 0.348 0.01 0.015 0.005
487.6 1.0 1.0 1.0 1.49 0.547 0.348 0.01 0.015 0.005
487.7 1.0 1.0 1.0 1.49 0.547 0.348 0.01 0.015 0.005
487.8 1.0 1.0 1.0 1.49 0.547 0.348 0.01 0.015 0.005
487.9 1.0 1.0 1.0 1.49 0.547 0.348 0.01 0.015 0.005
488.0 1.0 1.0 1.0 1.49 0.547 0.348 0.01 0.015 0.005
488.1 1.0 1.0 1.0 1.49 0.547 0.348 0.01 0.015 0.005
488.2 1.0 1.0 1.0 1.49 0.547 0.348 0.01 0.015 0.005
488.3 1.0 1.0 1.0 1.49 0.547 0.348 0.01 0.015 0.005
488.4 1.0 1.0 1.0 1.49 0.547 0.348 0.01 0.015 0.005
488.5 1.0 1.0 1.0 1.49 0.547 0.348 0.01 0.015 0.005
488.6 1.0 1.0 1.0 1.49 0.547 0.348 0.01 0.015 0.005
488.7 1.0 1.0 1.0 1.49 0.547 0.348 0.01 0.015 0.005
488.8 1.0 1.0 1.0 1.49 0.547 0.348 0.01 0.015 0.005
488.9 1.0 1.0 1.0 1.49 0.547 0.348 0.01 0.015 0.005
489.0 1.0 1.0 1.0 1.49 0.547 0.348 0.01 0.015 0.005
489.1 1.0 1.0 1.0 1.49 0.547 0.348 0.01 0.015 0.005
489.2 1.0 1.0 1.0 1.49 0.547 0.348 0.01 0.015 0.005
489.3 1.0 1.0 1.0 1.49 0.547 0.348 0.01 0.015 0.005
489.4 1.0 1.0 1.0 1.49 0.547 0.348 0.01 0.015 0.005
489.5 1.0 1.0 1.0 1.49 0.547 0.348 0.01 0.015 0.005
489.6 1.0 1.0 1.0 1.49 0.547 0.348 0.01 0.015 0.005
489.7 1.0 1.0 1.0 1.49 0.547 0.348 0.01 0.015 0.005
489.8 1.0 1.0 1.0 1.49 0.547 0.348 0.01 0.015 0.005
489.9 1.0 1.0 1.0 1.49 0.547 0.348 0.01 0.015 0.005
490.0 1.0 1.0 1.0 1.49 0.547 0.348 0.01 0.015 0.005
490.1 1.0 1.0 1.0 1.49 0.547 0.348 0.01 0.015 0.005
490.2 1.0 1.0 1.0 1.49 0.547 0.348 0.01 0.015 0.005
490.3 1.0 1.0 1.0 1.49 0.547 0.348 0.01 0.015 0.005
490.4 1.0 1.0 1.0 1.49 0.547 0.348 0.01 0.015 0.005
490.5 1.0 1.0 1.0 1.49 0.547 0.348 0.01 0.015 0.005
490.6 1.0 1.0 1.0 1.49 0.547 0.348 0.01 0.015 0.005
490.7 1.0 1.0 1.0 1.49 0.547 0.348 0.01 0.015 0.005
490.8 1.0 1.0 1.0 1.49 0.547 0.348 0.01 0.015 0.005
490.9 1.0 1.0 1.0 1.49 0.547 0.348 0.01 0.015 0.005
491.0 1.0 1.0 1.0 1.49 0.547 0.348 0.01 0.015 0.005
491.1 1.0 1.0 1.0 1.49 0.547 0.348 0.01 0.015 0.005
491.2 1.0 1.0 1.0 1.49 0.547 0.348 0.01 0.015 0.005
491.3 1.0 1.0 1.0 1.49 0.547 0.348 0.01 0.015 0.005
491.4 1.0 1.0 1.0 1.49 0.547 0.348 0.01 0.015 0.005
491.5 1.0 1.0 1.0 1.49 0.547 0.348 0.01 0.015 0.005
491.6 1.0 1.0 1.0 1.49 0.547 0.348 0.01 0.015 0.005
491.7 1.0 1.0 1.0 1.49 0.547 0.348 0.01 0.015 0.005
491.8 1.0 1.0 1.0 1.49 0.547 0.348 0.01 0.015 0.005
491.9 1.0 1.0 1.0 1.49 0.547 0.348 0.01 0.015 0.005
492.0 1.0 1.0 1.0 1.49 0.547 0.348 0.01 0.015 0.005
492.1 1.0 1.0 1.0 1.49 0.547 0.348 0.01 0.015 0.005
492.2 1.0 1.0 1.0 1.49 0.547 0.348 0.01 0.015 0.005
492.3 1.0 1.0 1.0 1.49 0.547 0.348 0.01 0.015 0.005
492.4 1.0 1.0 1.0 1.49 0.547 0.348 0.01 0.015 0.005
492.5 1.0 1.0 1.0 1.49 0.547 0.348 0.01 0.015 0.005
492.6 1.0 1.0 1.0 1.49 0.547 0.348 0.01 0.015 0.005
492.7 1.0 1.0 1.0 1.49 0.547 0.348 0.01 0.015 0.005
492.8 1.0 1.0 1.0 1.49 0.547 0.348 0.01 0.015 0.005
492.9 1.0 1.0 1.0 1.49 0.547 0.348 0.01 0.015 0.005
493.0 1.0 1.0 1.0 1.49 0.547 0.348 0.01 0.015 0.005
493.1 1.0 1.0 1.0 1.49 0.547 0.348 0.01 0.015 0.005
493.2 1.0 1.0 1.0 1.49 0.547 0.348 0.01 0.015 0.005
493.3 1.0 1.0 1.0 1.49 0.547 0.348 0.01 0.015 0.005
493.4 1.0 1.0 1.0 1.49 0.547 0.348 0.01 0.015 0.005
493.5 1.0 1.0 1.0 1.49 0.547 0.348 0.01 0.015 0.005
493.6 1.0 1.0 1.0 1.49 0.547 0.348 0.01 0.015 0.005
493.7 1.0 1.0 1.0 1.49 0.547 0.348 0.01 0.015 0.005
493.8 1.0 1.0 1.0 1.49 0.547 0.348 0.01 0.015 0.005
493.9 1.0 1.0 1.0 1.49 0.547 0.348 0.01 0.015 0.005
494.0 1.0 1.0 1.0 1.49 0.547 0.348 0.01 0.015 0.005
494.1 1.0 1.0 1.0 1.49 0.547 0.348 0.01 0.015 0.005
494.2 1.0 1.0 1.0 1.49 0.547 0.348 0.01 0.015 0.005
494.3 1.0 1.0 1.0 1.49 0.547 0.348 0.01 0.015 0.005
494.4 1.0 1.0 1.0 1.49 0.547 0.348 0.01 0.015 0.005
494.5 1.0 1.0 1.0 1.49 0.547 0.348 0.01 0.015 0.005
494.6 1.0 1.0 1.0 1.49 0.547 0.348 0.01 0.015 0.005
494.7 1.0 1.0 1.0 1.49 0.547 0.348 0.01 0.015 0.005
494.8 1.0 1.0 1.0 1.49 0.547 0.348 0.01 0.015 0.005
494.9 1.0 1.0 1.0 1.49 0.547 0.348 0.01 0.015 0.005
495.0 1.0 1.0 1.0 1.49 0.547 0.348 0.01 0.015 0.005
495.1 1.0 1.0 1.0 1.49 0.547 0.348 0.01 0.015 0.005
495.2 1.0 1.0 1.0 1.49 0.547 0.348 0.01 0.015 0.005
495.3 1.0 1.0 1.0 1.49 0.547 0.348 0.01 0.015 0.005
495.4 1.0 1.0 1.0 1.49 0.547 0.348 0.01 0.015 0.005
495.5 1.0 1.0 1.0 1.49 0.547 0.348 0.01 0.015 0.005
495.6 1.0 1.0 1.0 1.49 0.547 0.348 0.01 0.015 0.005
495.7 1.0 1.0 1.0 1.49 0.547 0.348 0.01 0.015 0.005
495.8 1.0 1.0 1.0 1.49 0.547 0.348 0.01 0.015 0.005
495.9 1.0 1.0 1.0 1.49 0.547 0.348 0.01 0.015 0.005
496.0 1.0 1.0 1.0 1.49 0.547 0.348 0.01 0.015 0.005
496.1 1.0 1.0 1.0 1.49 0.547 0.348 0.01 0.015 0.005
496.2 1.0 1.0 1.0 1.49 0.547 0.348 0.01 0.015 0.005
496.3 1.0 1.0 1.0 1.49 0.547 0.348 0.01 0.015 0.005
496.4 1.0 1.0 1.0 1.49 0.547 0.348 0.01 0.015 0.005
496.5 1.0 1.0 1.0 1.49 0.547 0.348 0.01 0.015 0.005
496.6 1.0 1.0 1.0 1.49 0.547 0.348 0.01 0.015 0.005
496.7 1.0 1.0 1.0 1.49 0.547 0.348 0.01 0.015 0.005
496.8 1.0 1.0 1.0 1.49 0.547 0.348 0.01 0.015 0.005
496.9 1.0 1.0 1.0 1.49 0.547 0.348 0.01 0.015 0.005
497.0 1.0 1.0 1.0 1.49 0.547 0.348 0.01 0.015 0.005
497.1 1.0 1.0 1.0 1.49 0.547 0.348 0.01 0.015 0.005
497.2 1.0 1.0 1.0 1.49 0.547 0.348 0.01 0.015 0.005
497.3 1.0 1.0 1.0 1.49 0.547 0.348 0.01 0.015 0.005
497.4 1.0 1.0 1.0 1.49 0.547 0.348 0.01 0.015 0.005
497.5 1.0 1.0 1.0 1.49 0.547 0.348 0.01 0.015 0.005
497.6 1.0 1.0 1.0 1.49 0.547 0.348 0.01 0.015 0.005
497.7 1.0 1.0 1.0 1.49 0.547 0.348 0.01 0.015 0.005
497.8 1.0 1.0 1.0 1.49 0.547 0.348 0.01 0.015 0.005
497.9 1.0 1.0 1.0 1.49 0.547 0.348 0.01 0.015 0.005
498.0 1.0 1.0 1.0 1.49 0.547 0.348 0.01 0.015 0.005
498.1 1.0 1.0 1.0 1.49 0.547 0.348 0.01 0.015 0.005
498.2 1.0 1.0 1.0 1.49 0.547 0.348 0.01 0.015 0.005
498.3 1.0 1.0 1.0 1.49 0.547 0.348 0.01 0.015 0.005
498.4 1.0 1.0 1.0 1.49 0.547 0.348 0.01 0.015 0.005
498.5 1.0 1.0 1.0 1.49 0.547 0.348 0.01 0.015 0.005
498.6 1.0 1.0 1.0 1.49 0.547 0.348 0.01 0.015 0.005
498.7 1.0 1.0 1.0 1.49 0.547 0.348 0.01 0.015 0.005
498.8 1.0 1.0 1.0 1.49 0.547 0.348 0.01 0.015 0.005
498.9 1.0 1.0 1.0 1.49 0.547 0.348 0.01 0.015 0.005
499.0 1.0 1.0 1.0 1.49 0.547 0.348 0.01 0.015 0.005
499.1 1.0 1.0 1.0 1.49 0.547 0.348 0.01 0.015 0.005
499.2 1.0 1.0 1.0 1.49 0.547 0.348 0.01 0.015 0.005
499.3 1.0 1.0 1.0 1.49 0.547 0.348 0.01 0.015 0.005
499.4 1.0 1.0 1.0 1.49 0.547 0.348 0.01 0.015 0.005
499.5 1.0 1.0 1.0 1.49 0.547 0.348 0.01 0.015 0.005
499.6 1.0 1.0 1.0 1.49 0.547 0.348 0.01 0.015 0.005
499.7 1.0 1.0 1.0 1.49 0.547 0.348 0.01 0.015 0.005
499.8 1.0 1.0 1.0 1.49 0.547 0.348 0.01 0.015 0.005
