1700.0 1.0 1.0 1.0 1.549 0.559 0.361 0.614 1.452 0.01 1.879 0.012 1.253 0.009 0.011 0.01
1700.1 1.0 1.0 1.0 1.549 0.559 0.361 0.614 1.452 0.01 1.878 0.013 1.253 0.007 0.012 0.011
1700.2 1.0 1.0 1.0 1.549 0.559 0.361 0.614 1.452 0.01 1.877 0.015 1.252 0.006 0.013 0.011
1700.3 1.0 1.0 1.0 1.549 0.559 0.361 0.614 1.452 0.01 1.877 0.016 1.252 0.005 0.014 0.011
1700.4 1.0 1.0 1.0 1.549 0.559 0.361 0.614 1.452 0.01 1.876 0.016 1.252 0.004 0.014 0.011
1700.5 1.0 1.0 1.0 1.548 0.559 0.361 0.614 1.452 0.01 1.876 0.017 1.252 0.004 0.015 0.011
1700.6 1.0 1.0 1.0 1.548 0.559 0.361 0.614 1.452 0.01 1.876 0.017 1.252 0.003 0.016 0.011
1700.7 1.0 1.0 1.0 1.548 0.559 0.361 0.614 1.452 0.01 1.876 0.018 1.252 0.003 0.016 0.011
1700.8 1.0 1.0 1.0 1.548 0.559 0.361 0.614 1.452 0.01 1.876 0.018 1.252 0.003 0.016 0.011
1700.9 1.0 1.0 1.0 1.548 0.559 0.361 0.614 1.452 0.01 1.877 0.018 1.252 0.002 0.017 0.011
1701.0 1.0 1.0 1.0 1.548 0.559 0.361 0.614 1.452 0.01 1.877 0.019 1.252 0.002 0.017 0.011
1701.1 1.0 1.0 1.0 1.548 0.559 0.361 0.614 1.452 0.01 1.877 0.019 1.252 0.002 0.017 0.011
1701.2 1.0 1.0 1.0 1.548 0.559 0.361 0.614 1.452 0.01 1.878 0.019 1.253 0.002 0.017 0.011
1701.3 1.0 1.0 1.0 1.548 0.559 0.361 0.614 1.452 0.01 1.878 0.019 1.253 0.002 0.017 0.011
1701.4 1.0 1.0 1.0 1.548 0.559 0.361 0.614 1.452 0.01 1.878 0.019 1.253 0.002 0.017 0.011
1701.5 1.0 1.0 1.0 1.548 0.559 0.361 0.614 1.452 0.01 1.879 0.019 1.253 0.001 0.017 0.011
1701.6 1.0 1.0 1.0 1.548 0.559 0.361 0.614 1.452 0.01 1.879 0.019 1.253 0.001 0.018 0.011
1701.7 1.0 1.0 1.0 1.548 0.559 0.361 0.614 1.452 0.01 1.879 0.019 1.253 0.001 0.018 0.011
1701.8 1.0 1.0 1.0 1.548 0.559 0.361 0.614 1.452 0.01 1.88 0.019 1.254 0.001 0.018 0.011
1701.9 1.0 1.0 1.0 1.548 0.559 0.361 0.614 1.452 0.01 1.88 0.02 1.254 0.001 0.018 0.011
1702.0 1.0 1.0 1.0 1.548 0.559 0.361 0.614 1.452 0.01 1.881 0.02 1.254 0.001 0.018 0.011
1702.1 1.0 1.0 1.0 1.548 0.559 0.361 0.614 1.452 0.01 1.881 0.02 1.254 0.001 0.018 0.011
1702.2 1.0 1.0 1.0 1.548 0.559 0.361 0.614 1.452 0.01 1.881 0.02 1.254 0.001 0.018 0.011
1702.3 1.0 1.0 1.0 1.548 0.559 0.361 0.614 1.452 0.01 1.882 0.02 1.255 0.001 0.018 0.011
1702.4 1.0 1.0 1.0 1.548 0.559 0.361 0.614 1.452 0.01 1.882 0.02 1.255 0.001 0.018 0.011
1702.5 1.0 1.0 1.0 1.548 0.559 0.361 0.614 1.452 0.01 1.883 0.02 1.255 0.001 0.018 0.011
1702.6 1.0 1.0 1.0 1.548 0.559 0.361 0.614 1.452 0.01 1.883 0.02 1.255 0.001 0.018 0.011
1702.7 1.0 1.0 1.0 1.548 0.559 0.361 0.614 1.452 0.01 1.883 0.02 1.255 0.001 0.018 0.011
1702.8 1.0 1.0 1.0 1.548 0.559 0.361 0.614 1.452 0.01 1.884 0.02 1.255 0.001 0.018 0.011
1702.9 1.0 1.0 1.0 1.548 0.559 0.361 0.614 1.452 0.01 1.884 0.02 1.255 0.001 0.018 0.011
1703.0 1.0 1.0 1.0 1.548 0.559 0.361 0.614 1.452 0.01 1.884 0.02 1.256 0.001 0.018 0.011
1703.1 1.0 1.0 1.0 1.548 0.559 0.361 0.614 1.452 0.01 1.885 0.02 1.256 0.001 0.018 0.011
1703.2 1.0 1.0 1.0 1.548 0.559 0.361 0.614 1.452 0.01 1.885 0.02 1.256 0.001 0.018 0.011
1703.3 1.0 1.0 1.0 1.548 0.559 0.361 0.614 1.452 0.01 1.886 0.02 1.256 0.001 0.018 0.011
1703.4 1.0 1.0 1.0 1.548 0.559 0.361 0.614 1.452 0.01 1.886 0.02 1.256 0.001 0.018 0.011
1703.5 1.0 1.0 1.0 1.548 0.559 0.361 0.614 1.452 0.01 1.886 0.02 1.256 0.001 0.018 0.011
1703.6 1.0 1.0 1.0 1.548 0.559 0.361 0.614 1.452 0.01 1.886 0.02 1.256 0.001 0.018 0.011
1703.7 1.0 1.0 1.0 1.548 0.559 0.361 0.614 1.452 0.01 1.887 0.02 1.257 0.001 0.018 0.011
1703.8 1.0 1.0 1.0 1.548 0.559 0.361 0.614 1.452 0.01 1.887 0.02 1.257 0.001 0.018 0.011
1703.9 1.0 1.0 1.0 1.548 0.559 0.361 0.614 1.452 0.01 1.887 0.02 1.257 0.001 0.018 0.011
1704.0 1.0 1.0 1.0 1.548 0.559 0.361 0.614 1.452 0.01 1.888 0.02 1.257 0.001 0.018 0.011
1704.1 1.0 1.0 1.0 1.548 0.559 0.361 0.614 1.452 0.01 1.888 0.02 1.257 0.001 0.018 0.011
1704.2 1.0 1.0 1.0 1.548 0.559 0.361 0.614 1.452 0.01 1.888 0.02 1.257 0.001 0.018 0.011
1704.3 1.0 1.0 1.0 1.548 0.559 0.361 0.614 1.452 0.01 1.889 0.02 1.257 0.001 0.018 0.011
1704.4 1.0 1.0 1.0 1.548 0.559 0.361 0.614 1.452 0.01 1.889 0.02 1.257 0.001 0.018 0.011
1704.5 1.0 1.0 1.0 1.548 0.559 0.361 0.614 1.452 0.01 1.889 0.02 1.258 0.001 0.018 0.011
1704.6 1.0 1.0 1.0 1.548 0.559 0.361 0.614 1.452 0.01 1.889 0.02 1.258 0.001 0.018 0.011
1704.7 1.0 1.0 1.0 1.548 0.559 0.361 0.614 1.452 0.01 1.89 0.02 1.258 0.001 0.018 0.011
1704.8 1.0 1.0 1.0 1.548 0.559 0.361 0.614 1.452 0.01 1.89 0.02 1.258 0.001 0.018 0.011
1704.9 1.0 1.0 1.0 1.548 0.559 0.361 0.614 1.452 0.01 1.89 0.02 1.258 0.001 0.018 0.011
1705.0 1.0 1.0 1.0 1.548 0.559 0.361 0.614 1.452 0.01 1.89 0.02 1.258 0.001 0.018 0.011
1705.1 1.0 1.0 1.0 1.548 0.559 0.361 0.614 1.452 0.01 1.891 0.02 1.258 0.001 0.018 0.011
1705.2 1.0 1.0 1.0 1.547 0.559 0.361 0.614 1.452 0.01 1.891 0.02 1.258 0.001 0.018 0.011
1705.3 1.0 1.0 1.0 1.547 0.559 0.361 0.614 1.452 0.01 1.891 0.02 1.258 0.001 0.018 0.011
1705.4 1.0 1.0 1.0 1.547 0.559 0.361 0.614 1.452 0.01 1.891 0.02 1.258 0.001 0.018 0.011
1705.5 1.0 1.0 1.0 1.547 0.559 0.361 0.614 1.452 0.01 1.891 0.02 1.259 0.001 0.018 0.011
1705.6 1.0 1.0 1.0 1.547 0.559 0.361 0.614 1.452 0.01 1.892 0.02 1.259 0.001 0.018 0.011
1705.7 1.0 1.0 1.0 1.547 0.559 0.361 0.614 1.452 0.01 1.892 0.02 1.259 0.001 0.018 0.011
1705.8 1.0 1.0 1.0 1.547 0.559 0.361 0.614 1.452 0.01 1.892 0.02 1.259 0.001 0.018 0.011
1705.9 1.0 1.0 1.0 1.547 0.559 0.361 0.614 1.452 0.01 1.892 0.02 1.259 0.001 0.018 0.011
1706.0 1.0 1.0 1.0 1.547 0.559 0.361 0.614 1.452 0.01 1.892 0.02 1.259 0.001 0.018 0.011
1706.1 1.0 1.0 1.0 1.547 0.559 0.361 0.614 1.452 0.01 1.893 0.02 1.259 0.001 0.018 0.011
1706.2 1.0 1.0 1.0 1.547 0.559 0.361 0.614 1.452 0.01 1.893 0.02 1.259 0.001 0.018 0.011
1706.3 1.0 1.0 1.0 1.547 0.559 0.361 0.614 1.452 0.01 1.893 0.02 1.259 0.001 0.018 0.011
1706.4 1.0 1.0 1.0 1.547 0.559 0.361 0.614 1.452 0.01 1.893 0.02 1.259 0.001 0.018 0.011
1706.5 1.0 1.0 1.0 1.547 0.559 0.361 0.614 1.452 0.01 1.893 0.02 1.259 0.001 0.018 0.011
1706.6 1.0 1.0 1.0 1.547 0.559 0.361 0.614 1.452 0.01 1.893 0.02 1.259 0.001 0.018 0.011
1706.7 1.0 1.0 1.0 1.547 0.559 0.361 0.614 1.452 0.01 1.894 0.02 1.26 0.001 0.018 0.011
1706.8 1.0 1.0 1.0 1.547 0.559 0.361 0.614 1.452 0.01 1.894 0.02 1.26 0.001 0.018 0.011
1706.9 1.0 1.0 1.0 1.547 0.559 0.361 0.614 1.452 0.01 1.894 0.02 1.26 0.001 0.018 0.011
1707.0 1.0 1.0 1.0 1.547 0.559 0.361 0.614 1.452 0.01 1.894 0.02 1.26 0.001 0.018 0.011
1707.1 1.0 1.0 1.0 1.547 0.559 0.361 0.614 1.452 0.01 1.894 0.02 1.26 0.001 0.018 0.011
1707.2 1.0 1.0 1.0 1.547 0.559 0.361 0.614 1.452 0.01 1.894 0.02 1.26 0.001 0.018 0.011
1707.3 1.0 1.0 1.0 1.547 0.559 0.361 0.614 1.452 0.01 1.895 0.02 1.26 0.001 0.018 0.011
1707.4 1.0 1.0 1.0 1.547 0.559 0.361 0.614 1.452 0.01 1.895 0.02 1.26 0.001 0.018 0.011
1707.5 1.0 1.0 1.0 1.547 0.559 0.361 0.614 1.452 0.01 1.895 0.02 1.26 0.001 0.018 0.011
1707.6 1.0 1.0 1.0 1.547 0.559 0.361 0.614 1.452 0.01 1.895 0.02 1.26 0.001 0.018 0.011
1707.7 1.0 1.0 1.0 1.547 0.559 0.361 0.614 1.452 0.01 1.895 0.02 1.26 0.001 0.018 0.011
1707.8 1.0 1.0 1.0 1.547 0.559 0.361 0.614 1.452 0.01 1.895 0.02 1.26 0.001 0.018 0.011
1707.9 1.0 1.0 1.0 1.547 0.559 0.361 0.614 1.452 0.01 1.895 0.02 1.26 0.001 0.018 0.011
1708.0 1.0 1.0 1.0 1.547 0.559 0.361 0.614 1.452 0.01 1.896 0.02 1.26 0.001 0.018 0.011
1708.1 1.0 1.0 1.0 1.547 0.559 0.361 0.614 1.452 0.01 1.896 0.02 1.26 0.001 0.018 0.011
1708.2 1.0 1.0 1.0 1.547 0.559 0.361 0.614 1.452 0.01 1.896 0.02 1.26 0.001 0.018 0.011
1708.3 1.0 1.0 1.0 1.547 0.559 0.361 0.614 1.452 0.01 1.896 0.02 1.261 0.001 0.018 0.011
1708.4 1.0 1.0 1.0 1.547 0.559 0.361 0.614 1.452 0.01 1.896 0.02 1.261 0.001 0.018 0.011
1708.5 1.0 1.0 1.0 1.547 0.559 0.361 0.614 1.452 0.01 1.896 0.02 1.261 0.001 0.018 0.011
1708.6 1.0 1.0 1.0 1.547 0.559 0.361 0.614 1.452 0.01 1.896 0.02 1.261 0.001 0.018 0.011
1708.7 1.0 1.0 1.0 1.547 0.559 0.361 0.614 1.452 0.01 1.896 0.02 1.261 0.001 0.018 0.011
1708.8 1.0 1.0 1.0 1.547 0.559 0.361 0.614 1.452 0.01 1.897 0.02 1.261 0.001 0.018 0.011
1708.9 1.0 1.0 1.0 1.547 0.559 0.361 0.614 1.452 0.01 1.897 0.02 1.261 0.001 0.018 0.011
1709.0 1.0 1.0 1.0 1.547 0.559 0.361 0.614 1.452 0.01 1.897 0.02 1.261 0.001 0.018 0.011
1709.1 1.0 1.0 1.0 1.547 0.559 0.361 0.614 1.452 0.01 1.897 0.02 1.261 0.001 0.018 0.011
1709.2 1.0 1.0 1.0 1.547 0.559 0.361 0.614 1.452 0.01 1.897 0.02 1.261 0.001 0.018 0.011
1709.3 1.0 1.0 1.0 1.547 0.559 0.361 0.614 1.452 0.01 1.897 0.02 1.261 0.001 0.018 0.011
1709.4 1.0 1.0 1.0 1.547 0.559 0.361 0.614 1.452 0.01 1.897 0.02 1.261 0.001 0.018 0.011
1709.5 1.0 1.0 1.0 1.547 0.559 0.361 0.614 1.452 0.01 1.897 0.02 1.261 0.001 0.018 0.011
1709.6 1.0 1.0 1.0 1.547 0.559 0.361 0.614 1.452 0.01 1.897 0.02 1.261 0.001 0.018 0.011
1709.7 1.0 1.0 1.0 1.547 0.559 0.361 0.614 1.452 0.01 1.897 0.02 1.261 0.001 0.018 0.011
1709.8 1.0 1.0 1.0 1.547 0.559 0.361 0.614 1.452 0.01 1.897 0.02 1.261 0.001 0.018 0.011
1709.9 1.0 1.0 1.0 1.547 0.559 0.361 0.614 1.452 0.01 1.898 0.02 1.261 0.001 0.018 0.011
1710.0 1.0 1.0 1.0 1.547 0.559 0.361 0.614 1.452 0.01 1.898 0.02 1.261 0.001 0.018 0.011
1710.1 1.0 1.0 1.0 1.547 0.559 0.361 0.614 1.452 0.01 1.898 0.02 1.261 0.001 0.018 0.011
1710.2 1.0 1.0 1.0 1.547 0.559 0.361 0.614 1.452 0.01 1.898 0.02 1.261 0.001 0.018 0.011
1710.3 1.0 1.0 1.0 1.547 0.559 0.361 0.614 1.452 0.01 1.898 0.02 1.261 0.001 0.018 0.011
1710.4 1.0 1.0 1.0 1.547 0.559 0.361 0.614 1.452 0.01 1.898 0.02 1.261 0.001 0.018 0.011
1710.5 1.0 1.0 1.0 1.547 0.559 0.361 0.614 1.452 0.01 1.898 0.02 1.261 0.001 0.018 0.011
1710.6 1.0 1.0 1.0 1.547 0.559 0.361 0.614 1.452 0.01 1.898 0.02 1.261 0.001 0.018 0.011
1710.7 1.0 1.0 1.0 1.547 0.559 0.361 0.614 1.452 0.01 1.898 0.02 1.261 0.001 0.018 0.011
1710.8 1.0 1.0 1.0 1.547 0.559 0.361 0.614 1.452 0.01 1.898 0.02 1.262 0.001 0.018 0.011
1710.9 1.0 1.0 1.0 1.547 0.559 0.361 0.614 1.452 0.01 1.898 0.02 1.262 0.001 0.018 0.011
1711.0 1.0 1.0 1.0 1.547 0.559 0.361 0.614 1.452 0.01 1.898 0.02 1.262 0.001 0.018 0.011
1711.1 1.0 1.0 1.0 1.547 0.559 0.361 0.614 1.452 0.01 1.898 0.02 1.262 0.001 0.018 0.011
1711.2 1.0 1.0 1.0 1.547 0.559 0.361 0.614 1.452 0.01 1.899 0.02 1.262 0.001 0.018 0.011
1711.3 1.0 1.0 1.0 1.547 0.559 0.361 0.614 1.452 0.01 1.899 0.02 1.262 0.001 0.018 0.011
1711.4 1.0 1.0 1.0 1.547 0.559 0.361 0.614 1.452 0.01 1.899 0.02 1.262 0.001 0.018 0.011
1711.5 1.0 1.0 1.0 1.547 0.559 0.361 0.614 1.452 0.01 1.899 0.02 1.262 0.001 0.018 0.011
1711.6 1.0 1.0 1.0 1.547 0.559 0.361 0.614 1.452 0.01 1.899 0.02 1.262 0.001 0.018 0.011
1711.7 1.0 1.0 1.0 1.547 0.559 0.361 0.614 1.452 0.01 1.899 0.02 1.262 0.001 0.018 0.011
1711.8 1.0 1.0 1.0 1.547 0.559 0.361 0.614 1.452 0.01 1.899 0.02 1.262 0.001 0.018 0.011
1711.9 1.0 1.0 1.0 1.547 0.559 0.361 0.614 1.452 0.01 1.899 0.02 1.262 0.001 0.018 0.011
1712.0 1.0 1.0 1.0 1.547 0.559 0.361 0.614 1.452 0.01 1.899 0.02 1.262 0.001 0.018 0.011
1712.1 1.0 1.0 1.0 1.547 0.559 0.361 0.614 1.452 0.01 1.899 0.02 1.262 0.001 0.018 0.011
1712.2 1.0 1.0 1.0 1.547 0.559 0.361 0.614 1.452 0.01 1.899 0.02 1.262 0.001 0.018 0.011
1712.3 1.0 1.0 1.0 1.547 0.559 0.361 0.614 1.452 0.01 1.899 0.02 1.262 0.001 0.018 0.011
1712.4 1.0 1.0 1.0 1.547 0.559 0.361 0.614 1.452 0.01 1.899 0.02 1.262 0.001 0.018 0.011
1712.5 1.0 1.0 1.0 1.547 0.559 0.361 0.614 1.452 0.01 1.899 0.02 1.262 0.001 0.018 0.011
1712.6 1.0 1.0 1.0 1.547 0.559 0.361 0.614 1.452 0.01 1.899 0.02 1.262 0.001 0.018 0.011
1712.7 1.0 1.0 1.0 1.547 0.559 0.361 0.614 1.452 0.01 1.899 0.02 1.262 0.001 0.018 0.011
1712.8 1.0 1.0 1.0 1.547 0.559 0.361 0.614 1.452 0.01 1.899 0.02 1.262 0.001 0.018 0.011
1712.9 1.0 1.0 1.0 1.547 0.559 0.361 0.614 1.452 0.01 1.9 0.02 1.262 0.001 0.018 0.011
1713.0 1.0 1.0 1.0 1.547 0.559 0.361 0.614 1.452 0.01 1.9 0.02 1.262 0.001 0.018 0.011
1713.1 1.0 1.0 1.0 1.547 0.559 0.361 0.614 1.452 0.01 1.9 0.02 1.262 0.001 0.018 0.011
1713.2 1.0 1.0 1.0 1.547 0.559 0.361 0.614 1.452 0.01 1.9 0.02 1.262 0.001 0.018 0.011
1713.3 1.0 1.0 1.0 1.547 0.559 0.361 0.614 1.452 0.01 1.9 0.02 1.262 0.001 0.018 0.011
1713.4 1.0 1.0 1.0 1.547 0.559 0.361 0.614 1.452 0.01 1.9 0.02 1.262 0.001 0.018 0.011
1713.5 1.0 1.0 1.0 1.547 0.559 0.361 0.614 1.452 0.01 1.9 0.02 1.262 0.001 0.018 0.011
1713.6 1.0 1.0 1.0 1.546 0.559 0.361 0.614 1.452 0.01 1.9 0.02 1.262 0.001 0.018 0.011
1713.7 1.0 1.0 1.0 1.546 0.559 0.361 0.614 1.452 0.01 1.9 0.02 1.262 0.001 0.018 0.011
1713.8 1.0 1.0 1.0 1.546 0.559 0.361 0.614 1.452 0.01 1.9 0.02 1.262 0.001 0.018 0.011
1713.9 1.0 1.0 1.0 1.546 0.559 0.361 0.614 1.452 0.01 1.9 0.02 1.262 0.001 0.018 0.011
1714.0 1.0 1.0 1.0 1.546 0.559 0.361 0.614 1.452 0.01 1.9 0.02 1.262 0.001 0.018 0.011
1714.1 1.0 1.0 1.0 1.546 0.559 0.361 0.614 1.452 0.01 1.9 0.02 1.262 0.001 0.018 0.011
1714.2 1.0 1.0 1.0 1.546 0.559 0.361 0.614 1.452 0.01 1.9 0.02 1.262 0.001 0.018 0.011
1714.3 1.0 1.0 1.0 1.546 0.559 0.361 0.614 1.452 0.01 1.9 0.02 1.262 0.001 0.018 0.011
1714.4 1.0 1.0 1.0 1.546 0.559 0.361 0.614 1.452 0.01 1.9 0.02 1.262 0.001 0.018 0.011
1714.5 1.0 1.0 1.0 1.546 0.559 0.361 0.614 1.452 0.01 1.9 0.02 1.262 0.001 0.018 0.011
1714.6 1.0 1.0 1.0 1.546 0.559 0.361 0.614 1.452 0.01 1.9 0.02 1.262 0.001 0.018 0.011
1714.7 1.0 1.0 1.0 1.546 0.559 0.361 0.614 1.452 0.01 1.9 0.02 1.262 0.001 0.018 0.011
1714.8 1.0 1.0 1.0 1.546 0.559 0.361 0.614 1.452 0.01 1.9 0.02 1.262 0.001 0.018 0.011
1714.9 1.0 1.0 1.0 1.546 0.559 0.361 0.614 1.452 0.01 1.9 0.02 1.262 0.001 0.018 0.011
1715.0 1.0 1.0 1.0 1.546 0.559 0.361 0.614 1.452 0.01 1.9 0.02 1.262 0.001 0.018 0.011
1715.1 1.0 1.0 1.0 1.546 0.559 0.361 0.614 1.452 0.01 1.9 0.02 1.262 0.001 0.018 0.011
1715.2 1.0 1.0 1.0 1.546 0.559 0.361 0.614 1.452 0.01 1.9 0.02 1.262 0.001 0.018 0.011
1715.3 1.0 1.0 1.0 1.546 0.559 0.361 0.614 1.452 0.01 1.9 0.02 1.262 0.001 0.018 0.011
1715.4 1.0 1.0 1.0 1.546 0.559 0.361 0.614 1.452 0.01 1.9 0.02 1.262 0.001 0.018 0.011
1715.5 1.0 1.0 1.0 1.546 0.559 0.361 0.614 1.452 0.01 1.9 0.02 1.262 0.001 0.018 0.011
1715.6 1.0 1.0 1.0 1.546 0.559 0.361 0.614 1.452 0.01 1.9 0.02 1.262 0.001 0.018 0.011
1715.7 1.0 1.0 1.0 1.546 0.559 0.36 0.614 1.452 0.01 1.901 0.02 1.262 0.001 0.018 0.011
1715.8 1.0 1.0 1.0 1.546 0.559 0.36 0.614 1.452 0.01 1.901 0.02 1.262 0.001 0.018 0.011
1715.9 1.0 1.0 1.0 1.546 0.559 0.36 0.614 1.452 0.01 1.901 0.02 1.262 0.001 0.018 0.011
1716.0 1.0 1.0 1.0 1.546 0.559 0.36 0.614 1.452 0.01 1.901 0.02 1.262 0.001 0.018 0.011
1716.1 1.0 1.0 1.0 1.546 0.559 0.36 0.614 1.452 0.01 1.901 0.02 1.262 0.001 0.018 0.011
1716.2 1.0 1.0 1.0 1.546 0.559 0.36 0.614 1.452 0.01 1.901 0.02 1.263 0.001 0.018 0.011
1716.3 1.0 1.0 1.0 1.546 0.559 0.36 0.614 1.452 0.01 1.901 0.02 1.263 0.001 0.018 0.011
1716.4 1.0 1.0 1.0 1.546 0.559 0.36 0.614 1.452 0.01 1.901 0.02 1.263 0.001 0.018 0.011
1716.5 1.0 1.0 1.0 1.546 0.559 0.36 0.614 1.452 0.01 1.901 0.02 1.263 0.001 0.018 0.011
1716.6 1.0 1.0 1.0 1.546 0.559 0.36 0.614 1.452 0.01 1.901 0.02 1.263 0.001 0.018 0.011
1716.7 1.0 1.0 1.0 1.546 0.559 0.36 0.614 1.452 0.01 1.901 0.02 1.263 0.001 0.018 0.011
1716.8 1.0 1.0 1.0 1.546 0.559 0.36 0.614 1.452 0.01 1.901 0.02 1.263 0.001 0.018 0.011
1716.9 1.0 1.0 1.0 1.546 0.559 0.36 0.614 1.452 0.01 1.901 0.02 1.263 0.001 0.018 0.011
1717.0 1.0 1.0 1.0 1.546 0.559 0.36 0.614 1.452 0.01 1.901 0.02 1.263 0.001 0.018 0.011
1717.1 1.0 1.0 1.0 1.546 0.559 0.36 0.614 1.452 0.01 1.901 0.02 1.263 0.001 0.018 0.011
1717.2 1.0 1.0 1.0 1.546 0.559 0.36 0.614 1.452 0.01 1.901 0.02 1.263 0.001 0.018 0.011
1717.3 1.0 1.0 1.0 1.546 0.559 0.36 0.614 1.452 0.01 1.901 0.02 1.263 0.001 0.018 0.011
1717.4 1.0 1.0 1.0 1.546 0.559 0.36 0.614 1.452 0.01 1.901 0.02 1.263 0.001 0.018 0.011
1717.5 1.0 1.0 1.0 1.546 0.559 0.36 0.614 1.452 0.01 1.901 0.02 1.263 0.001 0.018 0.011
1717.6 1.0 1.0 1.0 1.546 0.559 0.36 0.614 1.452 0.01 1.901 0.02 1.263 0.001 0.018 0.011
1717.7 1.0 1.0 1.0 1.546 0.559 0.36 0.614 1.452 0.01 1.901 0.02 1.263 0.001 0.018 0.011
1717.8 1.0 1.0 1.0 1.546 0.559 0.36 0.614 1.452 0.01 1.901 0.02 1.263 0.001 0.018 0.011
1717.9 1.0 1.0 1.0 1.546 0.559 0.36 0.614 1.452 0.01 1.901 0.02 1.263 0.001 0.018 0.011
1718.0 1.0 1.0 1.0 1.546 0.559 0.36 0.614 1.452 0.01 1.901 0.02 1.263 0.001 0.018 0.011
1718.1 1.0 1.0 1.0 1.546 0.559 0.36 0.614 1.452 0.01 1.901 0.02 1.263 0.001 0.018 0.011
1718.2 1.0 1.0 1.0 1.546 0.559 0.36 0.614 1.452 0.01 1.901 0.02 1.263 0.001 0.018 0.011
1718.3 1.0 1.0 1.0 1.546 0.559 0.36 0.614 1.452 0.01 1.901 0.02 1.263 0.001 0.018 0.011
1718.4 1.0 1.0 1.0 1.546 0.559 0.36 0.614 1.452 0.01 1.901 0.02 1.263 0.001 0.018 0.011
1718.5 1.0 1.0 1.0 1.546 0.559 0.36 0.614 1.452 0.01 1.901 0.02 1.263 0.001 0.018 0.011
1718.6 1.0 1.0 1.0 1.546 0.559 0.36 0.614 1.452 0.01 1.901 0.02 1.263 0.001 0.018 0.011
1718.7 1.0 1.0 1.0 1.546 0.559 0.36 0.614 1.452 0.01 1.901 0.02 1.263 0.001 0.018 0.011
1718.8 1.0 1.0 1.0 1.546 0.559 0.36 0.614 1.452 0.01 1.901 0.02 1.263 0.001 0.018 0.011
1718.9 1.0 1.0 1.0 1.546 0.559 0.36 0.614 1.452 0.01 1.901 0.02 1.263 0.001 0.018 0.011
1719.0 1.0 1.0 1.0 1.546 0.559 0.36 0.614 1.452 0.01 1.901 0.02 1.263 0.001 0.018 0.011
1719.1 1.0 1.0 1.0 1.546 0.559 0.36 0.614 1.452 0.01 1.901 0.02 1.263 0.001 0.018 0.011
1719.2 1.0 1.0 1.0 1.546 0.559 0.36 0.614 1.452 0.01 1.901 0.02 1.263 0.001 0.018 0.011
1719.3 1.0 1.0 1.0 1.546 0.559 0.36 0.614 1.452 0.01 1.901 0.02 1.263 0.001 0.018 0.011
1719.4 1.0 1.0 1.0 1.546 0.559 0.36 0.614 1.452 0.01 1.901 0.02 1.263 0.001 0.018 0.011
1719.5 1.0 1.0 1.0 1.546 0.559 0.36 0.614 1.452 0.01 1.901 0.02 1.263 0.001 0.018 0.011
1719.6 1.0 1.0 1.0 1.546 0.559 0.36 0.614 1.452 0.01 1.901 0.02 1.263 0.001 0.018 0.011
1719.7 1.0 1.0 1.0 1.546 0.559 0.36 0.614 1.452 0.01 1.901 0.02 1.263 0.001 0.018 0.011
1719.8 1.0 1.0 1.0 1.546 0.559 0.36 0.614 1.452 0.01 1.901 0.02 1.263 0.001 0.018 0.011
1719.9 1.0 1.0 1.0 1.546 0.559 0.36 0.614 1.452 0.01 1.901 0.02 1.263 0.001 0.018 0.011
1720.0 1.0 1.0 1.0 1.546 0.559 0.36 0.614 1.452 0.01 1.901 0.02 1.263 0.001 0.018 0.011
1720.1 1.0 1.0 1.0 1.546 0.559 0.36 0.614 1.452 0.01 1.901 0.02 1.263 0.001 0.018 0.011
1720.2 1.0 1.0 1.0 1.546 0.559 0.36 0.614 1.452 0.01 1.901 0.02 1.263 0.001 0.018 0.011
1720.3 1.0 1.0 1.0 1.546 0.559 0.36 0.614 1.452 0.01 1.901 0.02 1.263 0.001 0.018 0.011
1720.4 1.0 1.0 1.0 1.546 0.559 0.36 0.614 1.452 0.01 1.901 0.02 1.263 0.001 0.018 0.011
1720.5 1.0 1.0 1.0 1.546 0.559 0.36 0.614 1.452 0.01 1.901 0.02 1.263 0.001 0.018 0.011
1720.6 1.0 1.0 1.0 1.546 0.559 0.36 0.614 1.452 0.01 1.901 0.02 1.263 0.001 0.018 0.011
1720.7 1.0 1.0 1.0 1.546 0.559 0.36 0.614 1.452 0.01 1.901 0.02 1.263 0.001 0.018 0.011
1720.8 1.0 1.0 1.0 1.546 0.559 0.36 0.614 1.452 0.01 1.901 0.02 1.263 0.001 0.018 0.011
1720.9 1.0 1.0 1.0 1.546 0.559 0.36 0.614 1.452 0.01 1.901 0.02 1.263 0.001 0.018 0.011
1721.0 1.0 1.0 1.0 1.546 0.559 0.36 0.614 1.452 0.01 1.901 0.02 1.263 0.001 0.018 0.011
1721.1 1.0 1.0 1.0 1.546 0.559 0.36 0.614 1.452 0.01 1.901 0.02 1.263 0.001 0.018 0.011
1721.2 1.0 1.0 1.0 1.546 0.559 0.36 0.614 1.452 0.01 1.901 0.02 1.263 0.001 0.018 0.011
1721.3 1.0 1.0 1.0 1.546 0.559 0.36 0.614 1.452 0.01 1.901 0.02 1.263 0.001 0.018 0.011
1721.4 1.0 1.0 1.0 1.546 0.559 0.36 0.614 1.452 0.01 1.901 0.02 1.263 0.001 0.018 0.011
1721.5 1.0 1.0 1.0 1.546 0.559 0.36 0.614 1.452 0.01 1.901 0.02 1.263 0.001 0.018 0.011
1721.6 1.0 1.0 1.0 1.546 0.559 0.36 0.614 1.452 0.01 1.901 0.02 1.263 0.001 0.018 0.011
1721.7 1.0 1.0 1.0 1.546 0.559 0.36 0.614 1.452 0.01 1.901 0.02 1.263 0.001 0.018 0.011
1721.8 1.0 1.0 1.0 1.546 0.559 0.36 0.614 1.452 0.01 1.901 0.02 1.263 0.001 0.018 0.011
1721.9 1.0 1.0 1.0 1.546 0.559 0.36 0.614 1.452 0.01 1.901 0.02 1.263 0.001 0.018 0.011
1722.0 1.0 1.0 1.0 1.546 0.559 0.36 0.614 1.452 0.01 1.901 0.02 1.263 0.001 0.018 0.011
1722.1 1.0 1.0 1.0 1.546 0.559 0.36 0.614 1.452 0.01 1.901 0.02 1.263 0.001 0.018 0.011
1722.2 1.0 1.0 1.0 1.546 0.559 0.36 0.614 1.452 0.01 1.901 0.02 1.263 0.001 0.018 0.011
1722.3 1.0 1.0 1.0 1.546 0.559 0.36 0.614 1.452 0.01 1.901 0.02 1.263 0.001 0.018 0.011
1722.4 1.0 1.0 1.0 1.546 0.559 0.36 0.614 1.452 0.01 1.901 0.02 1.263 0.001 0.018 0.011
1722.5 1.0 1.0 1.0 1.546 0.559 0.36 0.614 1.452 0.01 1.901 0.02 1.263 0.001 0.018 0.011
1722.6 1.0 1.0 1.0 1.546 0.559 0.36 0.614 1.452 0.01 1.901 0.02 1.263 0.001 0.018 0.011
1722.7 1.0 1.0 1.0 1.546 0.559 0.36 0.614 1.452 0.01 1.901 0.02 1.263 0.001 0.018 0.011
1722.8 1.0 1.0 1.0 1.546 0.559 0.36 0.614 1.452 0.01 1.901 0.02 1.263 0.001 0.018 0.011
1722.9 1.0 1.0 1.0 1.546 0.559 0.36 0.614 1.452 0.01 1.902 0.02 1.263 0.001 0.018 0.011
1723.0 1.0 1.0 1.0 1.546 0.559 0.36 0.614 1.452 0.01 1.902 0.02 1.263 0.001 0.018 0.011
1723.1 1.0 1.0 1.0 1.546 0.559 0.36 0.614 1.452 0.01 1.902 0.02 1.263 0.001 0.018 0.011
1723.2 1.0 1.0 1.0 1.546 0.559 0.36 0.614 1.452 0.01 1.902 0.02 1.263 0.001 0.018 0.011
1723.3 1.0 1.0 1.0 1.546 0.559 0.36 0.614 1.452 0.01 1.902 0.02 1.263 0.001 0.018 0.011
1723.4 1.0 1.0 1.0 1.546 0.559 0.36 0.614 1.452 0.01 1.902 0.02 1.263 0.001 0.018 0.011
1723.5 1.0 1.0 1.0 1.546 0.559 0.36 0.614 1.452 0.01 1.902 0.02 1.263 0.001 0.018 0.011
1723.6 1.0 1.0 1.0 1.546 0.559 0.36 0.614 1.452 0.01 1.902 0.02 1.263 0.001 0.018 0.011
1723.7 1.0 1.0 1.0 1.546 0.559 0.36 0.614 1.452 0.01 1.902 0.02 1.263 0.001 0.018 0.011
1723.8 1.0 1.0 1.0 1.546 0.559 0.36 0.614 1.452 0.01 1.902 0.02 1.263 0.001 0.018 0.011
1723.9 1.0 1.0 1.0 1.546 0.559 0.36 0.614 1.452 0.01 1.902 0.02 1.263 0.001 0.018 0.011
1724.0 1.0 1.0 1.0 1.546 0.559 0.36 0.614 1.452 0.01 1.902 0.02 1.263 0.001 0.018 0.011
1724.1 1.0 1.0 1.0 1.546 0.559 0.36 0.614 1.452 0.01 1.902 0.02 1.263 0.001 0.018 0.011
1724.2 1.0 1.0 1.0 1.546 0.559 0.36 0.614 1.452 0.01 1.902 0.02 1.263 0.001 0.018 0.011
1724.3 1.0 1.0 1.0 1.546 0.559 0.36 0.614 1.452 0.01 1.902 0.02 1.263 0.001 0.018 0.011
1724.4 1.0 1.0 1.0 1.546 0.559 0.36 0.614 1.452 0.01 1.902 0.02 1.263 0.001 0.018 0.011
1724.5 1.0 1.0 1.0 1.546 0.559 0.36 0.614 1.452 0.01 1.902 0.02 1.263 0.001 0.018 0.011
1724.6 1.0 1.0 1.0 1.546 0.559 0.36 0.614 1.452 0.01 1.902 0.02 1.263 0.001 0.018 0.011
1724.7 1.0 1.0 1.0 1.546 0.559 0.36 0.614 1.452 0.01 1.902 0.02 1.263 0.001 0.018 0.011
1724.8 1.0 1.0 1.0 1.546 0.559 0.36 0.614 1.452 0.01 1.902 0.02 1.263 0.001 0.018 0.011
1724.9 1.0 1.0 1.0 1.546 0.559 0.36 0.614 1.452 0.01 1.902 0.02 1.263 0.001 0.018 0.011
1725.0 1.0 1.0 1.0 1.546 0.559 0.36 0.614 1.452 0.01 1.902 0.02 1.263 0.001 0.018 0.011
1725.1 1.0 1.0 1.0 1.546 0.559 0.36 0.614 1.452 0.01 1.902 0.02 1.263 0.001 0.018 0.011
1725.2 1.0 1.0 1.0 1.546 0.559 0.36 0.614 1.452 0.01 1.902 0.02 1.263 0.001 0.018 0.011
1725.3 1.0 1.0 1.0 1.546 0.559 0.36 0.614 1.452 0.01 1.902 0.02 1.263 0.001 0.018 0.011
1725.4 1.0 1.0 1.0 1.546 0.559 0.36 0.614 1.452 0.01 1.902 0.02 1.263 0.001 0.018 0.011
1725.5 1.0 1.0 1.0 1.546 0.559 0.36 0.614 1.452 0.01 1.902 0.02 1.263 0.001 0.018 0.011
1725.6 1.0 1.0 1.0 1.546 0.559 0.36 0.614 1.452 0.01 1.902 0.02 1.263 0.001 0.018 0.011
1725.7 1.0 1.0 1.0 1.546 0.559 0.36 0.614 1.452 0.01 1.902 0.02 1.263 0.001 0.018 0.011
1725.8 1.0 1.0 1.0 1.546 0.559 0.36 0.614 1.452 0.01 1.902 0.02 1.263 0.001 0.018 0.011
1725.9 1.0 1.0 1.0 1.546 0.559 0.36 0.614 1.452 0.01 1.902 0.02 1.263 0.001 0.018 0.011
1726.0 1.0 1.0 1.0 1.546 0.559 0.36 0.614 1.452 0.01 1.902 0.02 1.263 0.001 0.018 0.011
1726.1 1.0 1.0 1.0 1.546 0.559 0.36 0.614 1.452 0.01 1.902 0.02 1.263 0.001 0.018 0.011
1726.2 1.0 1.0 1.0 1.546 0.559 0.36 0.614 1.452 0.01 1.902 0.02 1.263 0.001 0.018 0.011
1726.3 1.0 1.0 1.0 1.546 0.559 0.36 0.614 1.452 0.01 1.902 0.02 1.263 0.001 0.018 0.011
1726.4 1.0 1.0 1.0 1.546 0.559 0.36 0.614 1.452 0.01 1.902 0.02 1.263 0.001 0.018 0.011
1726.5 1.0 1.0 1.0 1.546 0.559 0.36 0.614 1.452 0.01 1.902 0.02 1.263 0.001 0.018 0.011
1726.6 1.0 1.0 1.0 1.546 0.559 0.36 0.614 1.452 0.01 1.902 0.02 1.263 0.001 0.018 0.011
1726.7 1.0 1.0 1.0 1.546 0.559 0.36 0.614 1.452 0.01 1.902 0.02 1.263 0.001 0.018 0.011
1726.8 1.0 1.0 1.0 1.546 0.559 0.36 0.614 1.452 0.01 1.902 0.02 1.263 0.001 0.018 0.011
1726.9 1.0 1.0 1.0 1.546 0.559 0.36 0.614 1.452 0.01 1.902 0.02 1.263 0.001 0.018 0.011
1727.0 1.0 1.0 1.0 1.546 0.559 0.36 0.614 1.452 0.01 1.902 0.02 1.263 0.001 0.018 0.011
1727.1 1.0 1.0 1.0 1.546 0.559 0.36 0.614 1.452 0.01 1.902 0.02 1.263 0.001 0.018 0.011
1727.2 1.0 1.0 1.0 1.546 0.559 0.36 0.614 1.452 0.01 1.902 0.02 1.263 0.001 0.018 0.011
1727.3 1.0 1.0 1.0 1.546 0.559 0.36 0.614 1.452 0.01 1.902 0.02 1.263 0.001 0.018 0.011
1727.4 1.0 1.0 1.0 1.546 0.559 0.36 0.614 1.452 0.01 1.902 0.02 1.263 0.001 0.018 0.011
1727.5 1.0 1.0 1.0 1.546 0.559 0.36 0.614 1.452 0.01 1.902 0.02 1.263 0.001 0.018 0.011
1727.6 1.0 1.0 1.0 1.546 0.559 0.36 0.614 1.452 0.01 1.902 0.02 1.263 0.001 0.018 0.011
1727.7 1.0 1.0 1.0 1.546 0.559 0.36 0.614 1.452 0.01 1.902 0.02 1.263 0.001 0.018 0.011
1727.8 1.0 1.0 1.0 1.546 0.559 0.36 0.614 1.452 0.01 1.902 0.02 1.263 0.001 0.018 0.011
1727.9 1.0 1.0 1.0 1.546 0.559 0.36 0.614 1.452 0.01 1.902 0.02 1.263 0.001 0.018 0.011
1728.0 1.0 1.0 1.0 1.546 0.559 0.36 0.614 1.452 0.01 1.902 0.02 1.263 0.001 0.018 0.011
1728.1 1.0 1.0 1.0 1.546 0.559 0.36 0.614 1.452 0.01 1.902 0.02 1.263 0.001 0.018 0.011
1728.2 1.0 1.0 1.0 1.546 0.559 0.36 0.614 1.452 0.01 1.902 0.02 1.263 0.001 0.018 0.011
1728.3 1.0 1.0 1.0 1.546 0.559 0.36 0.614 1.452 0.01 1.902 0.02 1.263 0.001 0.018 0.011
1728.4 1.0 1.0 1.0 1.546 0.559 0.36 0.614 1.452 0.01 1.902 0.02 1.263 0.001 0.018 0.011
1728.5 1.0 1.0 1.0 1.546 0.559 0.36 0.614 1.452 0.01 1.902 0.02 1.263 0.001 0.018 0.011
1728.6 1.0 1.0 1.0 1.546 0.559 0.36 0.614 1.452 0.01 1.902 0.02 1.263 0.001 0.018 0.011
1728.7 1.0 1.0 1.0 1.546 0.559 0.36 0.614 1.452 0.01 1.902 0.02 1.263 0.001 0.018 0.011
1728.8 1.0 1.0 1.0 1.546 0.559 0.36 0.614 1.452 0.01 1.902 0.02 1.263 0.001 0.018 0.011
1728.9 1.0 1.0 1.0 1.546 0.559 0.36 0.614 1.452 0.01 1.902 0.02 1.263 0.001 0.018 0.011
1729.0 1.0 1.0 1.0 1.546 0.559 0.36 0.614 1.452 0.01 1.902 0.02 1.263 0.001 0.018 0.011
1729.1 1.0 1.0 1.0 1.546 0.559 0.36 0.614 1.452 0.01 1.902 0.02 1.263 0.001 0.018 0.011
1729.2 1.0 1.0 1.0 1.546 0.559 0.36 0.614 1.452 0.01 1.902 0.02 1.263 0.001 0.018 0.011
1729.3 1.0 1.0 1.0 1.546 0.559 0.36 0.614 1.452 0.01 1.902 0.02 1.263 0.001 0.018 0.011
1729.4 1.0 1.0 1.0 1.546 0.559 0.36 0.614 1.452 0.01 1.902 0.02 1.263 0.001 0.018 0.011
1729.5 1.0 1.0 1.0 1.546 0.559 0.36 0.614 1.452 0.01 1.902 0.02 1.263 0.001 0.018 0.011
1729.6 1.0 1.0 1.0 1.546 0.559 0.36 0.614 1.452 0.01 1.902 0.02 1.263 0.001 0.018 0.011
1729.7 1.0 1.0 1.0 1.546 0.559 0.36 0.614 1.452 0.01 1.902 0.02 1.263 0.001 0.018 0.011
1729.8 1.0 1.0 1.0 1.546 0.559 0.36 0.614 1.452 0.01 1.902 0.02 1.263 0.001 0.018 0.011
1729.9 1.0 1.0 1.0 1.546 0.559 0.36 0.614 1.452 0.01 1.902 0.02 1.263 0.001 0.018 0.011
1730.0 1.0 1.0 1.0 1.546 0.559 0.36 0.614 1.452 0.01 1.902 0.02 1.263 0.001 0.018 0.011
1730.1 1.0 1.0 1.0 1.546 0.559 0.36 0.614 1.452 0.01 1.902 0.02 1.263 0.001 0.018 0.011
1730.2 1.0 1.0 1.0 1.546 0.559 0.36 0.614 1.452 0.01 1.902 0.02 1.263 0.001 0.018 0.011
1730.3 1.0 1.0 1.0 1.546 0.559 0.36 0.614 1.452 0.01 1.902 0.02 1.263 0.001 0.018 0.011
1730.4 1.0 1.0 1.0 1.546 0.559 0.36 0.614 1.452 0.01 1.902 0.02 1.263 0.001 0.018 0.011
1730.5 1.0 1.0 1.0 1.546 0.559 0.36 0.614 1.452 0.01 1.902 0.02 1.263 0.001 0.018 0.011
1730.6 1.0 1.0 1.0 1.546 0.559 0.36 0.614 1.452 0.01 1.902 0.02 1.263 0.001 0.018 0.011
1730.7 1.0 1.0 1.0 1.546 0.559 0.36 0.614 1.452 0.01 1.902 0.02 1.263 0.001 0.018 0.011
1730.8 1.0 1.0 1.0 1.546 0.559 0.36 0.614 1.452 0.01 1.902 0.02 1.263 0.001 0.018 0.011
1730.9 1.0 1.0 1.0 1.546 0.559 0.36 0.614 1.452 0.01 1.902 0.02 1.263 0.001 0.018 0.011
1731.0 1.0 1.0 1.0 1.546 0.559 0.36 0.614 1.452 0.01 1.902 0.02 1.263 0.001 0.018 0.011
1731.1 1.0 1.0 1.0 1.546 0.559 0.36 0.614 1.452 0.01 1.902 0.02 1.263 0.001 0.018 0.011
1731.2 1.0 1.0 1.0 1.546 0.559 0.36 0.614 1.452 0.01 1.902 0.02 1.263 0.001 0.018 0.011
1731.3 1.0 1.0 1.0 1.546 0.559 0.36 0.614 1.452 0.01 1.902 0.02 1.263 0.001 0.018 0.011
1731.4 1.0 1.0 1.0 1.546 0.559 0.36 0.614 1.452 0.01 1.902 0.02 1.263 0.001 0.018 0.011
1731.5 1.0 1.0 1.0 1.546 0.559 0.36 0.614 1.452 0.01 1.902 0.02 1.263 0.001 0.018 0.011
1731.6 1.0 1.0 1.0 1.546 0.559 0.36 0.614 1.452 0.01 1.902 0.02 1.263 0.001 0.018 0.011
1731.7 1.0 1.0 1.0 1.546 0.559 0.36 0.614 1.452 0.01 1.902 0.02 1.263 0.001 0.018 0.011
1731.8 1.0 1.0 1.0 1.546 0.559 0.36 0.614 1.452 0.01 1.902 0.02 1.263 0.001 0.018 0.011
1731.9 1.0 1.0 1.0 1.546 0.559 0.36 0.614 1.452 0.01 1.902 0.02 1.263 0.001 0.018 0.011
1732.0 1.0 1.0 1.0 1.546 0.559 0.36 0.614 1.452 0.01 1.902 0.02 1.263 0.001 0.018 0.011
1732.1 1.0 1.0 1.0 1.546 0.559 0.36 0.614 1.452 0.01 1.902 0.02 1.263 0.001 0.018 0.011
1732.2 1.0 1.0 1.0 1.546 0.559 0.36 0.614 1.452 0.01 1.902 0.02 1.263 0.001 0.018 0.011
1732.3 1.0 1.0 1.0 1.546 0.559 0.36 0.614 1.452 0.01 1.902 0.02 1.263 0.001 0.018 0.011
1732.4 1.0 1.0 1.0 1.546 0.559 0.36 0.614 1.452 0.01 1.902 0.02 1.263 0.001 0.018 0.011
1732.5 1.0 1.0 1.0 1.546 0.559 0.36 0.614 1.452 0.01 1.902 0.02 1.263 0.001 0.018 0.011
1732.6 1.0 1.0 1.0 1.546 0.559 0.36 0.614 1.452 0.01 1.902 0.02 1.263 0.001 0.018 0.011
1732.7 1.0 1.0 1.0 1.546 0.559 0.36 0.614 1.452 0.01 1.902 0.02 1.263 0.001 0.018 0.011
1732.8 1.0 1.0 1.0 1.546 0.559 0.36 0.614 1.452 0.01 1.902 0.02 1.263 0.001 0.018 0.011
1732.9 1.0 1.0 1.0 1.546 0.559 0.36 0.614 1.452 0.01 1.902 0.02 1.263 0.001 0.018 0.011
1733.0 1.0 1.0 1.0 1.546 0.559 0.36 0.614 1.452 0.01 1.902 0.02 1.263 0.001 0.018 0.011
1733.1 1.0 1.0 1.0 1.546 0.559 0.36 0.614 1.452 0.01 1.902 0.02 1.263 0.001 0.018 0.011
1733.2 1.0 1.0 1.0 1.546 0.559 0.36 0.614 1.452 0.01 1.902 0.02 1.263 0.001 0.018 0.011
1733.3 1.0 1.0 1.0 1.546 0.559 0.36 0.614 1.452 0.01 1.902 0.02 1.263 0.001 0.018 0.011
1733.4 1.0 1.0 1.0 1.546 0.559 0.36 0.614 1.452 0.01 1.902 0.02 1.263 0.001 0.018 0.011
1733.5 1.0 1.0 1.0 1.546 0.559 0.36 0.614 1.452 0.01 1.902 0.02 1.263 0.001 0.018 0.011
1733.6 1.0 1.0 1.0 1.546 0.559 0.36 0.614 1.452 0.01 1.902 0.02 1.263 0.001 0.018 0.011
1733.7 1.0 1.0 1.0 1.546 0.559 0.36 0.614 1.452 0.01 1.902 0.02 1.263 0.001 0.018 0.011
1733.8 1.0 1.0 1.0 1.546 0.559 0.36 0.614 1.452 0.01 1.902 0.02 1.263 0.001 0.018 0.011
1733.9 1.0 1.0 1.0 1.546 0.559 0.36 0.614 1.452 0.01 1.902 0.02 1.263 0.001 0.018 0.011
1734.0 1.0 1.0 1.0 1.546 0.559 0.36 0.614 1.452 0.01 1.902 0.02 1.263 0.001 0.018 0.011
1734.1 1.0 1.0 1.0 1.546 0.559 0.36 0.614 1.452 0.01 1.902 0.02 1.263 0.001 0.018 0.011
1734.2 1.0 1.0 1.0 1.546 0.559 0.36 0.614 1.452 0.01 1.902 0.02 1.263 0.001 0.018 0.011
1734.3 1.0 1.0 1.0 1.546 0.559 0.36 0.614 1.452 0.01 1.902 0.02 1.263 0.001 0.018 0.011
1734.4 1.0 1.0 1.0 1.546 0.559 0.36 0.614 1.452 0.01 1.902 0.02 1.263 0.001 0.018 0.011
1734.5 1.0 1.0 1.0 1.546 0.559 0.36 0.614 1.452 0.01 1.902 0.02 1.263 0.001 0.018 0.011
1734.6 1.0 1.0 1.0 1.546 0.559 0.36 0.614 1.452 0.01 1.902 0.02 1.263 0.001 0.018 0.011
1734.7 1.0 1.0 1.0 1.546 0.559 0.36 0.614 1.452 0.01 1.902 0.02 1.263 0.001 0.018 0.011
1734.8 1.0 1.0 1.0 1.546 0.559 0.36 0.614 1.452 0.01 1.902 0.02 1.263 0.001 0.018 0.011
1734.9 1.0 1.0 1.0 1.546 0.559 0.36 0.614 1.452 0.01 1.902 0.02 1.263 0.001 0.018 0.011
1735.0 1.0 1.0 1.0 1.546 0.559 0.36 0.614 1.452 0.01 1.902 0.02 1.263 0.001 0.018 0.011
1735.1 1.0 1.0 1.0 1.546 0.559 0.36 0.614 1.452 0.01 1.902 0.02 1.263 0.001 0.018 0.011
1735.2 1.0 1.0 1.0 1.546 0.559 0.36 0.614 1.452 0.01 1.902 0.02 1.263 0.001 0.018 0.011
1735.3 1.0 1.0 1.0 1.546 0.559 0.36 0.614 1.452 0.01 1.902 0.02 1.263 0.001 0.018 0.011
1735.4 1.0 1.0 1.0 1.546 0.559 0.36 0.614 1.452 0.01 1.902 0.02 1.263 0.001 0.018 0.011
1735.5 1.0 1.0 1.0 1.546 0.559 0.36 0.614 1.452 0.01 1.902 0.02 1.263 0.001 0.018 0.011
1735.6 1.0 1.0 1.0 1.546 0.559 0.36 0.614 1.452 0.01 1.902 0.02 1.263 0.001 0.018 0.011
1735.7 1.0 1.0 1.0 1.546 0.559 0.36 0.614 1.452 0.01 1.902 0.02 1.263 0.001 0.018 0.011
1735.8 1.0 1.0 1.0 1.546 0.559 0.36 0.614 1.452 0.01 1.902 0.02 1.263 0.001 0.018 0.011
1735.9 1.0 1.0 1.0 1.546 0.559 0.36 0.614 1.452 0.01 1.902 0.02 1.263 0.001 0.018 0.011
1736.0 1.0 1.0 1.0 1.546 0.559 0.36 0.614 1.452 0.01 1.902 0.02 1.263 0.001 0.018 0.011
1736.1 1.0 1.0 1.0 1.546 0.559 0.36 0.614 1.452 0.01 1.902 0.02 1.263 0.001 0.018 0.011
1736.2 1.0 1.0 1.0 1.546 0.559 0.36 0.614 1.452 0.01 1.902 0.02 1.263 0.001 0.018 0.011
1736.3 1.0 1.0 1.0 1.546 0.559 0.36 0.614 1.452 0.01 1.902 0.02 1.263 0.001 0.018 0.011
1736.4 1.0 1.0 1.0 1.546 0.559 0.36 0.614 1.452 0.01 1.902 0.02 1.263 0.001 0.018 0.011
1736.5 1.0 1.0 1.0 1.546 0.559 0.36 0.614 1.452 0.01 1.902 0.02 1.263 0.001 0.018 0.011
1736.6 1.0 1.0 1.0 1.546 0.559 0.36 0.614 1.452 0.01 1.902 0.02 1.263 0.001 0.018 0.011
1736.7 1.0 1.0 1.0 1.546 0.559 0.36 0.614 1.452 0.01 1.902 0.02 1.263 0.001 0.018 0.011
1736.8 1.0 1.0 1.0 1.546 0.559 0.36 0.614 1.452 0.01 1.902 0.02 1.263 0.001 0.018 0.011
1736.9 1.0 1.0 1.0 1.546 0.559 0.36 0.614 1.452 0.01 1.902 0.02 1.263 0.001 0.018 0.011
1737.0 1.0 1.0 1.0 1.546 0.559 0.36 0.614 1.452 0.01 1.902 0.02 1.263 0.001 0.018 0.011
1737.1 1.0 1.0 1.0 1.546 0.559 0.36 0.614 1.452 0.01 1.902 0.02 1.263 0.001 0.018 0.011
1737.2 1.0 1.0 1.0 1.546 0.559 0.36 0.614 1.452 0.01 1.902 0.02 1.263 0.001 0.018 0.011
1737.3 1.0 1.0 1.0 1.546 0.559 0.36 0.614 1.452 0.01 1.902 0.02 1.263 0.001 0.018 0.011
1737.4 1.0 1.0 1.0 1.546 0.559 0.36 0.614 1.452 0.01 1.902 0.02 1.263 0.001 0.018 0.011
1737.5 1.0 1.0 1.0 1.546 0.559 0.36 0.614 1.452 0.01 1.902 0.02 1.263 0.001 0.018 0.011
1737.6 1.0 1.0 1.0 1.546 0.559 0.36 0.614 1.452 0.01 1.902 0.02 1.263 0.001 0.018 0.011
1737.7 1.0 1.0 1.0 1.546 0.559 0.36 0.614 1.452 0.01 1.902 0.02 1.263 0.001 0.018 0.011
1737.8 1.0 1.0 1.0 1.546 0.559 0.36 0.614 1.452 0.01 1.902 0.02 1.263 0.001 0.018 0.011
1737.9 1.0 1.0 1.0 1.546 0.559 0.36 0.614 1.452 0.01 1.902 0.02 1.263 0.001 0.018 0.011
1738.0 1.0 1.0 1.0 1.546 0.559 0.36 0.614 1.452 0.01 1.902 0.02 1.263 0.001 0.018 0.011
1738.1 1.0 1.0 1.0 1.546 0.559 0.36 0.614 1.452 0.01 1.902 0.02 1.263 0.001 0.018 0.011
1738.2 1.0 1.0 1.0 1.546 0.559 0.36 0.614 1.452 0.01 1.902 0.02 1.263 0.001 0.018 0.011
1738.3 1.0 1.0 1.0 1.546 0.559 0.36 0.614 1.452 0.01 1.902 0.02 1.263 0.001 0.018 0.011
1738.4 1.0 1.0 1.0 1.546 0.559 0.36 0.614 1.452 0.01 1.902 0.02 1.263 0.001 0.018 0.011
1738.5 1.0 1.0 1.0 1.546 0.559 0.36 0.614 1.452 0.01 1.902 0.02 1.263 0.001 0.018 0.011
1738.6 1.0 1.0 1.0 1.546 0.559 0.36 0.614 1.452 0.01 1.902 0.02 1.263 0.001 0.018 0.011
1738.7 1.0 1.0 1.0 1.546 0.559 0.36 0.614 1.452 0.01 1.902 0.02 1.263 0.001 0.018 0.011
1738.8 1.0 1.0 1.0 1.546 0.559 0.36 0.614 1.452 0.01 1.902 0.02 1.263 0.001 0.018 0.011
1738.9 1.0 1.0 1.0 1.546 0.559 0.36 0.614 1.452 0.01 1.902 0.02 1.263 0.001 0.018 0.011
1739.0 1.0 1.0 1.0 1.546 0.559 0.36 0.614 1.452 0.01 1.902 0.02 1.263 0.001 0.018 0.011
1739.1 1.0 1.0 1.0 1.546 0.559 0.36 0.614 1.452 0.01 1.902 0.02 1.263 0.001 0.018 0.011
1739.2 1.0 1.0 1.0 1.546 0.559 0.36 0.614 1.452 0.01 1.902 0.02 1.263 0.001 0.018 0.011
1739.3 1.0 1.0 1.0 1.546 0.559 0.36 0.614 1.452 0.01 1.902 0.02 1.263 0.001 0.018 0.011
1739.4 1.0 1.0 1.0 1.546 0.559 0.36 0.614 1.452 0.01 1.902 0.02 1.263 0.001 0.018 0.011
1739.5 1.0 1.0 1.0 1.546 0.559 0.36 0.614 1.452 0.01 1.902 0.02 1.263 0.001 0.018 0.011
1739.6 1.0 1.0 1.0 1.546 0.559 0.36 0.614 1.452 0.01 1.902 0.02 1.263 0.001 0.018 0.011
1739.7 1.0 1.0 1.0 1.546 0.559 0.36 0.614 1.452 0.01 1.902 0.02 1.263 0.001 0.018 0.011
1739.8 1.0 1.0 1.0 1.546 0.559 0.36 0.614 1.452 0.01 1.902 0.02 1.263 0.001 0.018 0.011
1739.9 1.0 1.0 1.0 1.546 0.559 0.36 0.614 1.452 0.01 1.902 0.02 1.263 0.001 0.018 0.011
1740.0 1.0 1.0 1.0 1.546 0.559 0.36 0.614 1.452 0.01 1.902 0.02 1.263 0.001 0.018 0.011
1740.1 1.0 1.0 1.0 1.546 0.559 0.36 0.614 1.452 0.01 1.902 0.02 1.263 0.001 0.018 0.011
1740.2 1.0 1.0 1.0 1.546 0.559 0.36 0.614 1.452 0.01 1.902 0.02 1.263 0.001 0.018 0.011
1740.3 1.0 1.0 1.0 1.546 0.559 0.36 0.614 1.452 0.01 1.902 0.02 1.263 0.001 0.018 0.011
1740.4 1.0 1.0 1.0 1.546 0.559 0.36 0.614 1.452 0.01 1.902 0.02 1.263 0.001 0.018 0.011
1740.5 1.0 1.0 1.0 1.546 0.559 0.36 0.614 1.452 0.01 1.902 0.02 1.263 0.001 0.018 0.011
1740.6 1.0 1.0 1.0 1.546 0.559 0.36 0.614 1.452 0.01 1.902 0.02 1.263 0.001 0.018 0.011
1740.7 1.0 1.0 1.0 1.546 0.559 0.36 0.614 1.452 0.01 1.902 0.02 1.263 0.001 0.018 0.011
1740.8 1.0 1.0 1.0 1.546 0.559 0.36 0.614 1.452 0.01 1.902 0.02 1.263 0.001 0.018 0.011
1740.9 1.0 1.0 1.0 1.546 0.559 0.36 0.614 1.452 0.01 1.902 0.02 1.263 0.001 0.018 0.011
1741.0 1.0 1.0 1.0 1.546 0.559 0.36 0.614 1.452 0.01 1.902 0.02 1.263 0.001 0.018 0.011
1741.1 1.0 1.0 1.0 1.546 0.559 0.36 0.614 1.452 0.01 1.902 0.02 1.263 0.001 0.018 0.011
1741.2 1.0 1.0 1.0 1.546 0.559 0.36 0.614 1.452 0.01 1.902 0.02 1.263 0.001 0.018 0.011
1741.3 1.0 1.0 1.0 1.546 0.559 0.36 0.614 1.452 0.01 1.902 0.02 1.263 0.001 0.018 0.011
1741.4 1.0 1.0 1.0 1.546 0.559 0.36 0.614 1.452 0.01 1.902 0.02 1.263 0.001 0.018 0.011
1741.5 1.0 1.0 1.0 1.546 0.559 0.36 0.614 1.452 0.01 1.902 0.02 1.263 0.001 0.018 0.011
1741.6 1.0 1.0 1.0 1.546 0.559 0.36 0.614 1.452 0.01 1.902 0.02 1.263 0.001 0.018 0.011
1741.7 1.0 1.0 1.0 1.546 0.559 0.36 0.614 1.452 0.01 1.902 0.02 1.263 0.001 0.018 0.011
1741.8 1.0 1.0 1.0 1.546 0.559 0.36 0.614 1.452 0.01 1.902 0.02 1.263 0.001 0.018 0.011
1741.9 1.0 1.0 1.0 1.546 0.559 0.36 0.614 1.452 0.01 1.902 0.02 1.263 0.001 0.018 0.011
1742.0 1.0 1.0 1.0 1.546 0.559 0.36 0.614 1.452 0.01 1.902 0.02 1.263 0.001 0.018 0.011
1742.1 1.0 1.0 1.0 1.546 0.559 0.36 0.614 1.452 0.01 1.902 0.02 1.263 0.001 0.018 0.011
1742.2 1.0 1.0 1.0 1.546 0.559 0.36 0.614 1.452 0.01 1.902 0.02 1.263 0.001 0.018 0.011
1742.3 1.0 1.0 1.0 1.546 0.559 0.36 0.614 1.452 0.01 1.902 0.02 1.263 0.001 0.018 0.011
1742.4 1.0 1.0 1.0 1.546 0.559 0.36 0.614 1.452 0.01 1.902 0.02 1.263 0.001 0.018 0.011
1742.5 1.0 1.0 1.0 1.546 0.559 0.36 0.614 1.452 0.01 1.902 0.02 1.263 0.001 0.018 0.011
1742.6 1.0 1.0 1.0 1.546 0.559 0.36 0.614 1.452 0.01 1.902 0.02 1.263 0.001 0.018 0.011
1742.7 1.0 1.0 1.0 1.546 0.559 0.36 0.614 1.452 0.01 1.902 0.02 1.263 0.001 0.018 0.011
1742.8 1.0 1.0 1.0 1.546 0.559 0.36 0.614 1.452 0.01 1.902 0.02 1.263 0.001 0.018 0.011
1742.9 1.0 1.0 1.0 1.546 0.559 0.36 0.614 1.452 0.01 1.902 0.02 1.263 0.001 0.018 0.011
1743.0 1.0 1.0 1.0 1.546 0.559 0.36 0.614 1.452 0.01 1.902 0.02 1.263 0.001 0.018 0.011
1743.1 1.0 1.0 1.0 1.546 0.559 0.36 0.614 1.452 0.01 1.902 0.02 1.263 0.001 0.018 0.011
1743.2 1.0 1.0 1.0 1.546 0.559 0.36 0.614 1.452 0.01 1.902 0.02 1.263 0.001 0.018 0.011
1743.3 1.0 1.0 1.0 1.546 0.559 0.36 0.614 1.452 0.01 1.902 0.02 1.263 0.001 0.018 0.011
1743.4 1.0 1.0 1.0 1.546 0.559 0.36 0.614 1.452 0.01 1.902 0.02 1.263 0.001 0.018 0.011
1743.5 1.0 1.0 1.0 1.546 0.559 0.36 0.614 1.452 0.01 1.902 0.02 1.263 0.001 0.018 0.011
1743.6 1.0 1.0 1.0 1.546 0.559 0.36 0.614 1.452 0.01 1.902 0.02 1.263 0.001 0.018 0.011
1743.7 1.0 1.0 1.0 1.546 0.559 0.36 0.614 1.452 0.01 1.902 0.02 1.263 0.001 0.018 0.011
1743.8 1.0 1.0 1.0 1.546 0.559 0.36 0.614 1.452 0.01 1.902 0.02 1.263 0.001 0.018 0.011
1743.9 1.0 1.0 1.0 1.546 0.559 0.36 0.614 1.452 0.01 1.902 0.02 1.263 0.001 0.018 0.011
1744.0 1.0 1.0 1.0 1.546 0.559 0.36 0.614 1.452 0.01 1.902 0.02 1.263 0.001 0.018 0.011
1744.1 1.0 1.0 1.0 1.546 0.559 0.36 0.614 1.452 0.01 1.902 0.02 1.263 0.001 0.018 0.011
1744.2 1.0 1.0 1.0 1.546 0.559 0.36 0.614 1.452 0.01 1.902 0.02 1.263 0.001 0.018 0.011
1744.3 1.0 1.0 1.0 1.546 0.559 0.36 0.614 1.452 0.01 1.902 0.02 1.263 0.001 0.018 0.011
1744.4 1.0 1.0 1.0 1.546 0.559 0.36 0.614 1.452 0.01 1.902 0.02 1.263 0.001 0.018 0.011
1744.5 1.0 1.0 1.0 1.546 0.559 0.36 0.614 1.452 0.01 1.902 0.02 1.263 0.001 0.018 0.011
1744.6 1.0 1.0 1.0 1.546 0.559 0.36 0.614 1.452 0.01 1.902 0.02 1.263 0.001 0.018 0.011
1744.7 1.0 1.0 1.0 1.546 0.559 0.36 0.614 1.452 0.01 1.902 0.02 1.263 0.001 0.018 0.011
1744.8 1.0 1.0 1.0 1.546 0.559 0.36 0.614 1.452 0.01 1.902 0.02 1.263 0.001 0.018 0.011
1744.9 1.0 1.0 1.0 1.546 0.559 0.36 0.614 1.452 0.01 1.902 0.02 1.263 0.001 0.018 0.011
1745.0 1.0 1.0 1.0 1.546 0.559 0.36 0.614 1.452 0.01 1.902 0.02 1.263 0.001 0.018 0.011
1745.1 1.0 1.0 1.0 1.546 0.559 0.36 0.614 1.452 0.01 1.902 0.02 1.263 0.001 0.018 0.011
1745.2 1.0 1.0 1.0 1.546 0.559 0.36 0.614 1.452 0.01 1.902 0.02 1.263 0.001 0.018 0.011
1745.3 1.0 1.0 1.0 1.546 0.559 0.36 0.614 1.452 0.01 1.902 0.02 1.263 0.001 0.018 0.011
1745.4 1.0 1.0 1.0 1.546 0.559 0.36 0.614 1.452 0.01 1.902 0.02 1.263 0.001 0.018 0.011
1745.5 1.0 1.0 1.0 1.546 0.559 0.36 0.614 1.452 0.01 1.902 0.02 1.263 0.001 0.018 0.011
1745.6 1.0 1.0 1.0 1.546 0.559 0.36 0.614 1.452 0.01 1.902 0.02 1.263 0.001 0.018 0.011
1745.7 1.0 1.0 1.0 1.546 0.559 0.36 0.614 1.452 0.01 1.902 0.02 1.263 0.001 0.018 0.011
1745.8 1.0 1.0 1.0 1.546 0.559 0.36 0.614 1.452 0.01 1.902 0.02 1.263 0.001 0.018 0.011
1745.9 1.0 1.0 1.0 1.546 0.559 0.36 0.614 1.452 0.01 1.902 0.02 1.263 0.001 0.018 0.011
1746.0 1.0 1.0 1.0 1.546 0.559 0.36 0.614 1.452 0.01 1.902 0.02 1.263 0.001 0.018 0.011
1746.1 1.0 1.0 1.0 1.546 0.559 0.36 0.614 1.452 0.01 1.902 0.02 1.263 0.001 0.018 0.011
1746.2 1.0 1.0 1.0 1.546 0.559 0.36 0.614 1.452 0.01 1.902 0.02 1.263 0.001 0.018 0.011
1746.3 1.0 1.0 1.0 1.546 0.559 0.36 0.614 1.452 0.01 1.902 0.02 1.263 0.001 0.018 0.011
1746.4 1.0 1.0 1.0 1.546 0.559 0.36 0.614 1.452 0.01 1.902 0.02 1.263 0.001 0.018 0.011
1746.5 1.0 1.0 1.0 1.546 0.559 0.36 0.614 1.452 0.01 1.902 0.02 1.263 0.001 0.018 0.011
1746.6 1.0 1.0 1.0 1.546 0.559 0.36 0.614 1.452 0.01 1.902 0.02 1.263 0.001 0.018 0.011
1746.7 1.0 1.0 1.0 1.546 0.559 0.36 0.614 1.452 0.01 1.902 0.02 1.263 0.001 0.018 0.011
1746.8 1.0 1.0 1.0 1.546 0.559 0.36 0.614 1.452 0.01 1.902 0.02 1.263 0.001 0.018 0.011
1746.9 1.0 1.0 1.0 1.546 0.559 0.36 0.614 1.452 0.01 1.902 0.02 1.263 0.001 0.018 0.011
1747.0 1.0 1.0 1.0 1.546 0.559 0.36 0.614 1.452 0.01 1.902 0.02 1.263 0.001 0.018 0.011
1747.1 1.0 1.0 1.0 1.546 0.559 0.36 0.614 1.452 0.01 1.902 0.02 1.263 0.001 0.018 0.011
1747.2 1.0 1.0 1.0 1.546 0.559 0.36 0.614 1.452 0.01 1.902 0.02 1.263 0.001 0.018 0.011
1747.3 1.0 1.0 1.0 1.546 0.559 0.36 0.614 1.452 0.01 1.902 0.02 1.263 0.001 0.018 0.011
1747.4 1.0 1.0 1.0 1.546 0.559 0.36 0.614 1.452 0.01 1.902 0.02 1.263 0.001 0.018 0.011
1747.5 1.0 1.0 1.0 1.546 0.559 0.36 0.614 1.452 0.01 1.902 0.02 1.263 0.001 0.018 0.011
1747.6 1.0 1.0 1.0 1.546 0.559 0.36 0.614 1.452 0.01 1.902 0.02 1.263 0.001 0.018 0.011
1747.7 1.0 1.0 1.0 1.546 0.559 0.36 0.614 1.452 0.01 1.902 0.02 1.263 0.001 0.018 0.011
1747.8 1.0 1.0 1.0 1.546 0.559 0.36 0.614 1.452 0.01 1.902 0.02 1.263 0.001 0.018 0.011
1747.9 1.0 1.0 1.0 1.546 0.559 0.36 0.614 1.452 0.01 1.902 0.02 1.263 0.001 0.018 0.011
1748.0 1.0 1.0 1.0 1.546 0.559 0.36 0.614 1.452 0.01 1.902 0.02 1.263 0.001 0.018 0.011
1748.1 1.0 1.0 1.0 1.546 0.559 0.36 0.614 1.452 0.01 1.902 0.02 1.263 0.001 0.018 0.011
1748.2 1.0 1.0 1.0 1.546 0.559 0.36 0.614 1.452 0.01 1.902 0.02 1.263 0.001 0.018 0.011
1748.3 1.0 1.0 1.0 1.546 0.559 0.36 0.614 1.452 0.01 1.902 0.02 1.263 0.001 0.018 0.011
1748.4 1.0 1.0 1.0 1.546 0.559 0.36 0.614 1.452 0.01 1.902 0.02 1.263 0.001 0.018 0.011
1748.5 1.0 1.0 1.0 1.546 0.559 0.36 0.614 1.452 0.01 1.902 0.02 1.263 0.001 0.018 0.011
1748.6 1.0 1.0 1.0 1.546 0.559 0.36 0.614 1.452 0.01 1.902 0.02 1.263 0.001 0.018 0.011
1748.7 1.0 1.0 1.0 1.546 0.559 0.36 0.614 1.452 0.01 1.902 0.02 1.263 0.001 0.018 0.011
1748.8 1.0 1.0 1.0 1.546 0.559 0.36 0.614 1.452 0.01 1.902 0.02 1.263 0.001 0.018 0.011
1748.9 1.0 1.0 1.0 1.546 0.559 0.36 0.614 1.452 0.01 1.902 0.02 1.263 0.001 0.018 0.011
1749.0 1.0 1.0 1.0 1.546 0.559 0.36 0.614 1.452 0.01 1.902 0.02 1.263 0.001 0.018 0.011
1749.1 1.0 1.0 1.0 1.546 0.559 0.36 0.614 1.452 0.01 1.902 0.02 1.263 0.001 0.018 0.011
1749.2 1.0 1.0 1.0 1.546 0.559 0.36 0.614 1.452 0.01 1.902 0.02 1.263 0.001 0.018 0.011
1749.3 1.0 1.0 1.0 1.546 0.559 0.36 0.614 1.452 0.01 1.902 0.02 1.263 0.001 0.018 0.011
1749.4 1.0 1.0 1.0 1.546 0.559 0.36 0.614 1.452 0.01 1.902 0.02 1.263 0.001 0.018 0.011
1749.5 1.0 1.0 1.0 1.546 0.559 0.36 0.614 1.452 0.01 1.902 0.02 1.263 0.001 0.018 0.011
1749.6 1.0 1.0 1.0 1.546 0.559 0.36 0.614 1.452 0.01 1.902 0.02 1.263 0.001 0.018 0.011
1749.7 1.0 1.0 1.0 1.546 0.559 0.36 0.614 1.452 0.01 1.902 0.02 1.263 0.001 0.018 0.011
1749.8 1.0 1.0 1.0 1.546 0.559 0.36 0.614 1.452 0.01 1.902 0.02 1.263 0.001 0.018 0.011
1749.9 1.0 1.0 1.0 1.546 0.559 0.36 0.614 1.452 0.01 1.902 0.02 1.263 0.001 0.018 0.011
1750.0 1.0 1.0 1.0 1.546 0.559 0.36 0.614 1.452 0.01 1.902 0.02 1.263 0.001 0.018 0.011
1750.1 1.0 1.0 1.0 1.546 0.559 0.36 0.614 1.452 0.01 1.902 0.02 1.263 0.001 0.018 0.011
1750.2 1.0 1.0 1.0 1.546 0.559 0.36 0.614 1.452 0.01 1.902 0.02 1.263 0.001 0.018 0.011
1750.3 1.0 1.0 1.0 1.546 0.559 0.36 0.614 1.452 0.01 1.902 0.02 1.263 0.001 0.018 0.011
1750.4 1.0 1.0 1.0 1.546 0.559 0.36 0.614 1.452 0.01 1.902 0.02 1.263 0.001 0.018 0.011
1750.5 1.0 1.0 1.0 1.546 0.559 0.36 0.614 1.452 0.01 1.902 0.02 1.263 0.001 0.018 0.011
1750.6 1.0 1.0 1.0 1.546 0.559 0.36 0.614 1.452 0.01 1.902 0.02 1.263 0.001 0.018 0.011
1750.7 1.0 1.0 1.0 1.546 0.559 0.36 0.614 1.452 0.01 1.902 0.02 1.263 0.001 0.018 0.011
1750.8 1.0 1.0 1.0 1.546 0.559 0.36 0.614 1.452 0.01 1.902 0.02 1.263 0.001 0.018 0.011
1750.9 1.0 1.0 1.0 1.546 0.559 0.36 0.614 1.452 0.01 1.902 0.02 1.263 0.001 0.018 0.011
1751.0 1.0 1.0 1.0 1.546 0.559 0.36 0.614 1.452 0.01 1.902 0.02 1.263 0.001 0.018 0.011
1751.1 1.0 1.0 1.0 1.546 0.559 0.36 0.614 1.452 0.01 1.902 0.02 1.263 0.001 0.018 0.011
1751.2 1.0 1.0 1.0 1.546 0.559 0.36 0.614 1.452 0.01 1.902 0.02 1.263 0.001 0.018 0.011
1751.3 1.0 1.0 1.0 1.546 0.559 0.36 0.614 1.452 0.01 1.902 0.02 1.263 0.001 0.018 0.011
1751.4 1.0 1.0 1.0 1.546 0.559 0.36 0.614 1.452 0.01 1.902 0.02 1.263 0.001 0.018 0.011
1751.5 1.0 1.0 1.0 1.546 0.559 0.36 0.614 1.452 0.01 1.902 0.02 1.263 0.001 0.018 0.011
1751.6 1.0 1.0 1.0 1.546 0.559 0.36 0.614 1.452 0.01 1.902 0.02 1.263 0.001 0.018 0.011
1751.7 1.0 1.0 1.0 1.546 0.559 0.36 0.614 1.452 0.01 1.902 0.02 1.263 0.001 0.018 0.011
1751.8 1.0 1.0 1.0 1.546 0.559 0.36 0.614 1.452 0.01 1.902 0.02 1.263 0.001 0.018 0.011
1751.9 1.0 1.0 1.0 1.546 0.559 0.36 0.614 1.452 0.01 1.902 0.02 1.263 0.001 0.018 0.011
1752.0 1.0 1.0 1.0 1.546 0.559 0.36 0.614 1.452 0.01 1.902 0.02 1.263 0.001 0.018 0.011
1752.1 1.0 1.0 1.0 1.546 0.559 0.36 0.614 1.452 0.01 1.902 0.02 1.263 0.001 0.018 0.011
1752.2 1.0 1.0 1.0 1.546 0.559 0.36 0.614 1.452 0.01 1.902 0.02 1.263 0.001 0.018 0.011
1752.3 1.0 1.0 1.0 1.546 0.559 0.36 0.614 1.452 0.01 1.902 0.02 1.263 0.001 0.018 0.011
1752.4 1.0 1.0 1.0 1.546 0.559 0.36 0.614 1.452 0.01 1.902 0.02 1.263 0.001 0.018 0.011
1752.5 1.0 1.0 1.0 1.546 0.559 0.36 0.614 1.452 0.01 1.902 0.02 1.263 0.001 0.018 0.011
1752.6 1.0 1.0 1.0 1.546 0.559 0.36 0.614 1.452 0.01 1.902 0.02 1.263 0.001 0.018 0.011
1752.7 1.0 1.0 1.0 1.546 0.559 0.36 0.614 1.452 0.01 1.902 0.02 1.263 0.001 0.018 0.011
1752.8 1.0 1.0 1.0 1.546 0.559 0.36 0.614 1.452 0.01 1.902 0.02 1.263 0.001 0.018 0.011
1752.9 1.0 1.0 1.0 1.546 0.559 0.36 0.614 1.452 0.01 1.902 0.02 1.263 0.001 0.018 0.011
1753.0 1.0 1.0 1.0 1.546 0.559 0.36 0.614 1.452 0.01 1.902 0.02 1.263 0.001 0.018 0.011
1753.1 1.0 1.0 1.0 1.546 0.559 0.36 0.614 1.452 0.01 1.902 0.02 1.263 0.001 0.018 0.011
1753.2 1.0 1.0 1.0 1.546 0.559 0.36 0.614 1.452 0.01 1.902 0.02 1.263 0.001 0.018 0.011
1753.3 1.0 1.0 1.0 1.546 0.559 0.36 0.614 1.452 0.01 1.902 0.02 1.263 0.001 0.018 0.011
1753.4 1.0 1.0 1.0 1.546 0.559 0.36 0.614 1.452 0.01 1.902 0.02 1.263 0.001 0.018 0.011
1753.5 1.0 1.0 1.0 1.546 0.559 0.36 0.614 1.452 0.01 1.902 0.02 1.263 0.001 0.018 0.011
1753.6 1.0 1.0 1.0 1.546 0.559 0.36 0.614 1.452 0.01 1.902 0.02 1.263 0.001 0.018 0.011
1753.7 1.0 1.0 1.0 1.546 0.559 0.36 0.614 1.452 0.01 1.902 0.02 1.263 0.001 0.018 0.011
1753.8 1.0 1.0 1.0 1.546 0.559 0.36 0.614 1.452 0.01 1.902 0.02 1.263 0.001 0.018 0.011
1753.9 1.0 1.0 1.0 1.546 0.559 0.36 0.614 1.452 0.01 1.902 0.02 1.263 0.001 0.018 0.011
1754.0 1.0 1.0 1.0 1.546 0.559 0.36 0.614 1.452 0.01 1.902 0.02 1.263 0.001 0.018 0.011
1754.1 1.0 1.0 1.0 1.546 0.559 0.36 0.614 1.452 0.01 1.902 0.02 1.263 0.001 0.018 0.011
1754.2 1.0 1.0 1.0 1.546 0.559 0.36 0.614 1.452 0.01 1.902 0.02 1.263 0.001 0.018 0.011
1754.3 1.0 1.0 1.0 1.546 0.559 0.36 0.614 1.452 0.01 1.902 0.02 1.263 0.001 0.018 0.011
1754.4 1.0 1.0 1.0 1.546 0.559 0.36 0.614 1.452 0.01 1.902 0.02 1.263 0.001 0.018 0.011
1754.5 1.0 1.0 1.0 1.546 0.559 0.36 0.614 1.452 0.01 1.902 0.02 1.263 0.001 0.018 0.011
1754.6 1.0 1.0 1.0 1.546 0.559 0.36 0.614 1.452 0.01 1.902 0.02 1.263 0.001 0.018 0.011
1754.7 1.0 1.0 1.0 1.546 0.559 0.36 0.614 1.452 0.01 1.902 0.02 1.263 0.001 0.018 0.011
1754.8 1.0 1.0 1.0 1.546 0.559 0.36 0.614 1.452 0.01 1.902 0.02 1.263 0.001 0.018 0.011
1754.9 1.0 1.0 1.0 1.546 0.559 0.36 0.614 1.452 0.01 1.902 0.02 1.263 0.001 0.018 0.011
1755.0 1.0 1.0 1.0 1.546 0.559 0.36 0.614 1.452 0.01 1.902 0.02 1.263 0.001 0.018 0.011
1755.1 1.0 1.0 1.0 1.546 0.559 0.36 0.614 1.452 0.01 1.902 0.02 1.263 0.001 0.018 0.011
1755.2 1.0 1.0 1.0 1.546 0.559 0.36 0.614 1.452 0.01 1.902 0.02 1.263 0.001 0.018 0.011
1755.3 1.0 1.0 1.0 1.546 0.559 0.36 0.614 1.452 0.01 1.902 0.02 1.263 0.001 0.018 0.011
1755.4 1.0 1.0 1.0 1.546 0.559 0.36 0.614 1.452 0.01 1.902 0.02 1.263 0.001 0.018 0.011
1755.5 1.0 1.0 1.0 1.546 0.559 0.36 0.614 1.452 0.01 1.902 0.02 1.263 0.001 0.018 0.011
1755.6 1.0 1.0 1.0 1.546 0.559 0.36 0.614 1.452 0.01 1.902 0.02 1.263 0.001 0.018 0.011
1755.7 1.0 1.0 1.0 1.546 0.559 0.36 0.614 1.452 0.01 1.902 0.02 1.263 0.001 0.018 0.011
1755.8 1.0 1.0 1.0 1.546 0.559 0.36 0.614 1.452 0.01 1.902 0.02 1.263 0.001 0.018 0.011
1755.9 1.0 1.0 1.0 1.546 0.559 0.36 0.614 1.452 0.01 1.902 0.02 1.263 0.001 0.018 0.011
1756.0 1.0 1.0 1.0 1.546 0.559 0.36 0.614 1.452 0.01 1.902 0.02 1.263 0.001 0.018 0.011
1756.1 1.0 1.0 1.0 1.546 0.559 0.36 0.614 1.452 0.01 1.902 0.02 1.263 0.001 0.018 0.011
1756.2 1.0 1.0 1.0 1.546 0.559 0.36 0.614 1.452 0.01 1.902 0.02 1.263 0.001 0.018 0.011
1756.3 1.0 1.0 1.0 1.546 0.559 0.36 0.614 1.452 0.01 1.902 0.02 1.263 0.001 0.018 0.011
1756.4 1.0 1.0 1.0 1.546 0.559 0.36 0.614 1.452 0.01 1.902 0.02 1.263 0.001 0.018 0.011
1756.5 1.0 1.0 1.0 1.546 0.559 0.36 0.614 1.452 0.01 1.902 0.02 1.263 0.001 0.018 0.011
1756.6 1.0 1.0 1.0 1.546 0.559 0.36 0.614 1.452 0.01 1.902 0.02 1.263 0.001 0.018 0.011
1756.7 1.0 1.0 1.0 1.546 0.559 0.36 0.614 1.452 0.01 1.902 0.02 1.263 0.001 0.018 0.011
1756.8 1.0 1.0 1.0 1.546 0.559 0.36 0.614 1.452 0.01 1.902 0.02 1.263 0.001 0.018 0.011
1756.9 1.0 1.0 1.0 1.546 0.559 0.36 0.614 1.452 0.01 1.902 0.02 1.263 0.001 0.018 0.011
1757.0 1.0 1.0 1.0 1.546 0.559 0.36 0.614 1.452 0.01 1.902 0.02 1.263 0.001 0.018 0.011
1757.1 1.0 1.0 1.0 1.546 0.559 0.36 0.614 1.452 0.01 1.902 0.02 1.263 0.001 0.018 0.011
1757.2 1.0 1.0 1.0 1.546 0.559 0.36 0.614 1.452 0.01 1.902 0.02 1.263 0.001 0.018 0.011
1757.3 1.0 1.0 1.0 1.546 0.559 0.36 0.614 1.452 0.01 1.902 0.02 1.263 0.001 0.018 0.011
1757.4 1.0 1.0 1.0 1.546 0.559 0.36 0.614 1.452 0.01 1.902 0.02 1.263 0.001 0.018 0.011
1757.5 1.0 1.0 1.0 1.546 0.559 0.36 0.614 1.452 0.01 1.902 0.02 1.263 0.001 0.018 0.011
1757.6 1.0 1.0 1.0 1.546 0.559 0.36 0.614 1.452 0.01 1.902 0.02 1.263 0.001 0.018 0.011
1757.7 1.0 1.0 1.0 1.546 0.559 0.36 0.614 1.452 0.01 1.902 0.02 1.263 0.001 0.018 0.011
1757.8 1.0 1.0 1.0 1.546 0.559 0.36 0.614 1.452 0.01 1.902 0.02 1.263 0.001 0.018 0.011
1757.9 1.0 1.0 1.0 1.546 0.559 0.36 0.614 1.452 0.01 1.902 0.02 1.263 0.001 0.018 0.011
1758.0 1.0 1.0 1.0 1.546 0.559 0.36 0.614 1.452 0.01 1.902 0.02 1.263 0.001 0.018 0.011
1758.1 1.0 1.0 1.0 1.546 0.559 0.36 0.614 1.452 0.01 1.902 0.02 1.263 0.001 0.018 0.011
1758.2 1.0 1.0 1.0 1.546 0.559 0.36 0.614 1.452 0.01 1.902 0.02 1.263 0.001 0.018 0.011
1758.3 1.0 1.0 1.0 1.546 0.559 0.36 0.614 1.452 0.01 1.902 0.02 1.263 0.001 0.018 0.011
1758.4 1.0 1.0 1.0 1.546 0.559 0.36 0.614 1.452 0.01 1.902 0.02 1.263 0.001 0.018 0.011
1758.5 1.0 1.0 1.0 1.546 0.559 0.36 0.614 1.452 0.01 1.902 0.02 1.263 0.001 0.018 0.011
1758.6 1.0 1.0 1.0 1.546 0.559 0.36 0.614 1.452 0.01 1.902 0.02 1.263 0.001 0.018 0.011
1758.7 1.0 1.0 1.0 1.546 0.559 0.36 0.614 1.452 0.01 1.902 0.02 1.263 0.001 0.018 0.011
1758.8 1.0 1.0 1.0 1.546 0.559 0.36 0.614 1.452 0.01 1.902 0.02 1.263 0.001 0.018 0.011
1758.9 1.0 1.0 1.0 1.546 0.559 0.36 0.614 1.452 0.01 1.902 0.02 1.263 0.001 0.018 0.011
1759.0 1.0 1.0 1.0 1.546 0.559 0.36 0.614 1.452 0.01 1.902 0.02 1.263 0.001 0.018 0.011
1759.1 1.0 1.0 1.0 1.546 0.559 0.36 0.614 1.452 0.01 1.902 0.02 1.263 0.001 0.018 0.011
1759.2 1.0 1.0 1.0 1.546 0.559 0.36 0.614 1.452 0.01 1.902 0.02 1.263 0.001 0.018 0.011
1759.3 1.0 1.0 1.0 1.546 0.559 0.36 0.614 1.452 0.01 1.902 0.02 1.263 0.001 0.018 0.011
1759.4 1.0 1.0 1.0 1.546 0.559 0.36 0.614 1.452 0.01 1.902 0.02 1.263 0.001 0.018 0.011
1759.5 1.0 1.0 1.0 1.546 0.559 0.36 0.614 1.452 0.01 1.902 0.02 1.263 0.001 0.018 0.011
1759.6 1.0 1.0 1.0 1.546 0.559 0.36 0.614 1.452 0.01 1.902 0.02 1.263 0.001 0.018 0.011
1759.7 1.0 1.0 1.0 1.546 0.559 0.36 0.614 1.452 0.01 1.902 0.02 1.263 0.001 0.018 0.011
1759.8 1.0 1.0 1.0 1.546 0.559 0.36 0.614 1.452 0.01 1.902 0.02 1.263 0.001 0.018 0.011
1759.9 1.0 1.0 1.0 1.546 0.559 0.36 0.614 1.452 0.01 1.902 0.02 1.263 0.001 0.018 0.011
1760.0 1.0 1.0 1.0 1.546 0.559 0.36 0.614 1.452 0.01 1.902 0.02 1.263 0.001 0.018 0.011
1760.1 1.0 1.0 1.0 1.546 0.559 0.36 0.614 1.452 0.01 1.902 0.02 1.263 0.001 0.018 0.011
1760.2 1.0 1.0 1.0 1.546 0.559 0.36 0.614 1.452 0.01 1.902 0.02 1.263 0.001 0.018 0.011
1760.3 1.0 1.0 1.0 1.546 0.559 0.36 0.614 1.452 0.01 1.902 0.02 1.263 0.001 0.018 0.011
1760.4 1.0 1.0 1.0 1.546 0.559 0.36 0.614 1.452 0.01 1.902 0.02 1.263 0.001 0.018 0.011
1760.5 1.0 1.0 1.0 1.546 0.559 0.36 0.614 1.452 0.01 1.902 0.02 1.263 0.001 0.018 0.011
1760.6 1.0 1.0 1.0 1.546 0.559 0.36 0.614 1.452 0.01 1.902 0.02 1.263 0.001 0.018 0.011
1760.7 1.0 1.0 1.0 1.546 0.559 0.36 0.614 1.452 0.01 1.902 0.02 1.263 0.001 0.018 0.011
1760.8 1.0 1.0 1.0 1.546 0.559 0.36 0.614 1.452 0.01 1.902 0.02 1.263 0.001 0.018 0.011
1760.9 1.0 1.0 1.0 1.546 0.559 0.36 0.614 1.452 0.01 1.902 0.02 1.263 0.001 0.018 0.011
1761.0 1.0 1.0 1.0 1.546 0.559 0.36 0.614 1.452 0.01 1.902 0.02 1.263 0.001 0.018 0.011
1761.1 1.0 1.0 1.0 1.546 0.559 0.36 0.614 1.452 0.01 1.902 0.02 1.263 0.001 0.018 0.011
1761.2 1.0 1.0 1.0 1.546 0.559 0.36 0.614 1.452 0.01 1.902 0.02 1.263 0.001 0.018 0.011
1761.3 1.0 1.0 1.0 1.546 0.559 0.36 0.614 1.452 0.01 1.902 0.02 1.263 0.001 0.018 0.011
1761.4 1.0 1.0 1.0 1.546 0.559 0.36 0.614 1.452 0.01 1.902 0.02 1.263 0.001 0.018 0.011
1761.5 1.0 1.0 1.0 1.546 0.559 0.36 0.614 1.452 0.01 1.902 0.02 1.263 0.001 0.018 0.011
1761.6 1.0 1.0 1.0 1.546 0.559 0.36 0.614 1.452 0.01 1.902 0.02 1.263 0.001 0.018 0.011
1761.7 1.0 1.0 1.0 1.546 0.559 0.36 0.614 1.452 0.01 1.902 0.02 1.263 0.001 0.018 0.011
1761.8 1.0 1.0 1.0 1.546 0.559 0.36 0.614 1.452 0.01 1.902 0.02 1.263 0.001 0.018 0.011
1761.9 1.0 1.0 1.0 1.546 0.559 0.36 0.614 1.452 0.01 1.902 0.02 1.263 0.001 0.018 0.011
1762.0 1.0 1.0 1.0 1.546 0.559 0.36 0.614 1.452 0.01 1.902 0.02 1.263 0.001 0.018 0.011
1762.1 1.0 1.0 1.0 1.546 0.559 0.36 0.614 1.452 0.01 1.902 0.02 1.263 0.001 0.018 0.011
1762.2 1.0 1.0 1.0 1.546 0.559 0.36 0.614 1.452 0.01 1.902 0.02 1.263 0.001 0.018 0.011
1762.3 1.0 1.0 1.0 1.546 0.559 0.36 0.614 1.452 0.01 1.902 0.02 1.263 0.001 0.018 0.011
1762.4 1.0 1.0 1.0 1.546 0.559 0.36 0.614 1.452 0.01 1.902 0.02 1.263 0.001 0.018 0.011
1762.5 1.0 1.0 1.0 1.546 0.559 0.36 0.614 1.452 0.01 1.902 0.02 1.263 0.001 0.018 0.011
1762.6 1.0 1.0 1.0 1.546 0.559 0.36 0.614 1.452 0.01 1.902 0.02 1.263 0.001 0.018 0.011
1762.7 1.0 1.0 1.0 1.546 0.559 0.36 0.614 1.452 0.01 1.902 0.02 1.263 0.001 0.018 0.011
1762.8 1.0 1.0 1.0 1.546 0.559 0.36 0.614 1.452 0.01 1.902 0.02 1.263 0.001 0.018 0.011
1762.9 1.0 1.0 1.0 1.546 0.559 0.36 0.614 1.452 0.01 1.902 0.02 1.263 0.001 0.018 0.011
1763.0 1.0 1.0 1.0 1.546 0.559 0.36 0.614 1.452 0.01 1.902 0.02 1.263 0.001 0.018 0.011
1763.1 1.0 1.0 1.0 1.546 0.559 0.36 0.614 1.452 0.01 1.902 0.02 1.263 0.001 0.018 0.011
1763.2 1.0 1.0 1.0 1.546 0.559 0.36 0.614 1.452 0.01 1.902 0.02 1.263 0.001 0.018 0.011
1763.3 1.0 1.0 1.0 1.546 0.559 0.36 0.614 1.452 0.01 1.902 0.02 1.263 0.001 0.018 0.011
1763.4 1.0 1.0 1.0 1.546 0.559 0.36 0.614 1.452 0.01 1.902 0.02 1.263 0.001 0.018 0.011
1763.5 1.0 1.0 1.0 1.546 0.559 0.36 0.614 1.452 0.01 1.902 0.02 1.263 0.001 0.018 0.011
1763.6 1.0 1.0 1.0 1.546 0.559 0.36 0.614 1.452 0.01 1.902 0.02 1.263 0.001 0.018 0.011
1763.7 1.0 1.0 1.0 1.546 0.559 0.36 0.614 1.452 0.01 1.902 0.02 1.263 0.001 0.018 0.011
1763.8 1.0 1.0 1.0 1.546 0.559 0.36 0.614 1.452 0.01 1.902 0.02 1.263 0.001 0.018 0.011
1763.9 1.0 1.0 1.0 1.546 0.559 0.36 0.614 1.452 0.01 1.902 0.02 1.263 0.001 0.018 0.011
1764.0 1.0 1.0 1.0 1.546 0.559 0.36 0.614 1.452 0.01 1.902 0.02 1.263 0.001 0.018 0.011
1764.1 1.0 1.0 1.0 1.546 0.559 0.36 0.614 1.452 0.01 1.902 0.02 1.263 0.001 0.018 0.011
1764.2 1.0 1.0 1.0 1.546 0.559 0.36 0.614 1.452 0.01 1.902 0.02 1.263 0.001 0.018 0.011
1764.3 1.0 1.0 1.0 1.546 0.559 0.36 0.614 1.452 0.01 1.902 0.02 1.263 0.001 0.018 0.011
1764.4 1.0 1.0 1.0 1.546 0.559 0.36 0.614 1.452 0.01 1.902 0.02 1.263 0.001 0.018 0.011
1764.5 1.0 1.0 1.0 1.546 0.559 0.36 0.614 1.452 0.01 1.902 0.02 1.263 0.001 0.018 0.011
1764.6 1.0 1.0 1.0 1.546 0.559 0.36 0.614 1.452 0.01 1.902 0.02 1.263 0.001 0.018 0.011
1764.7 1.0 1.0 1.0 1.546 0.559 0.36 0.614 1.452 0.01 1.902 0.02 1.263 0.001 0.018 0.011
1764.8 1.0 1.0 1.0 1.546 0.559 0.36 0.614 1.452 0.01 1.902 0.02 1.263 0.001 0.018 0.011
1764.9 1.0 1.0 1.0 1.546 0.559 0.36 0.614 1.452 0.01 1.902 0.02 1.263 0.001 0.018 0.011
1765.0 1.0 1.0 1.0 1.546 0.559 0.36 0.614 1.452 0.01 1.902 0.02 1.263 0.001 0.018 0.011
1765.1 1.0 1.0 1.0 1.546 0.559 0.36 0.614 1.452 0.01 1.902 0.02 1.263 0.001 0.018 0.011
1765.2 1.0 1.0 1.0 1.546 0.559 0.36 0.614 1.452 0.01 1.902 0.02 1.263 0.001 0.018 0.011
1765.3 1.0 1.0 1.0 1.546 0.559 0.36 0.614 1.452 0.01 1.902 0.02 1.263 0.001 0.018 0.011
1765.4 1.0 1.0 1.0 1.546 0.559 0.36 0.614 1.452 0.01 1.902 0.02 1.263 0.001 0.018 0.011
1765.5 1.0 1.0 1.0 1.546 0.559 0.36 0.614 1.452 0.01 1.902 0.02 1.263 0.001 0.018 0.011
1765.6 1.0 1.0 1.0 1.546 0.559 0.36 0.614 1.452 0.01 1.902 0.02 1.263 0.001 0.018 0.011
1765.7 1.0 1.0 1.0 1.546 0.559 0.36 0.614 1.452 0.01 1.902 0.02 1.263 0.001 0.018 0.011
1765.8 1.0 1.0 1.0 1.546 0.559 0.36 0.614 1.452 0.01 1.902 0.02 1.263 0.001 0.018 0.011
1765.9 1.0 1.0 1.0 1.546 0.559 0.36 0.614 1.452 0.01 1.902 0.02 1.263 0.001 0.018 0.011
1766.0 1.0 1.0 1.0 1.546 0.559 0.36 0.614 1.452 0.01 1.902 0.02 1.263 0.001 0.018 0.011
1766.1 1.0 1.0 1.0 1.546 0.559 0.36 0.614 1.452 0.01 1.902 0.02 1.263 0.001 0.018 0.011
1766.2 1.0 1.0 1.0 1.546 0.559 0.36 0.614 1.452 0.01 1.902 0.02 1.263 0.001 0.018 0.011
1766.3 1.0 1.0 1.0 1.546 0.559 0.36 0.614 1.452 0.01 1.902 0.02 1.263 0.001 0.018 0.011
1766.4 1.0 1.0 1.0 1.546 0.559 0.36 0.614 1.452 0.01 1.902 0.02 1.263 0.001 0.018 0.011
1766.5 1.0 1.0 1.0 1.546 0.559 0.36 0.614 1.452 0.01 1.902 0.02 1.263 0.001 0.018 0.011
1766.6 1.0 1.0 1.0 1.546 0.559 0.36 0.614 1.452 0.01 1.902 0.02 1.263 0.001 0.018 0.011
1766.7 1.0 1.0 1.0 1.546 0.559 0.36 0.614 1.452 0.01 1.902 0.02 1.263 0.001 0.018 0.011
1766.8 1.0 1.0 1.0 1.546 0.559 0.36 0.614 1.452 0.01 1.902 0.02 1.263 0.001 0.018 0.011
1766.9 1.0 1.0 1.0 1.546 0.559 0.36 0.614 1.452 0.01 1.902 0.02 1.263 0.001 0.018 0.011
1767.0 1.0 1.0 1.0 1.546 0.559 0.36 0.614 1.452 0.01 1.902 0.02 1.263 0.001 0.018 0.011
1767.1 1.0 1.0 1.0 1.546 0.559 0.36 0.614 1.452 0.01 1.902 0.02 1.263 0.001 0.018 0.011
1767.2 1.0 1.0 1.0 1.546 0.559 0.36 0.614 1.452 0.01 1.902 0.02 1.263 0.001 0.018 0.011
1767.3 1.0 1.0 1.0 1.546 0.559 0.36 0.614 1.452 0.01 1.902 0.02 1.263 0.001 0.018 0.011
1767.4 1.0 1.0 1.0 1.546 0.559 0.36 0.614 1.452 0.01 1.902 0.02 1.263 0.001 0.018 0.011
1767.5 1.0 1.0 1.0 1.546 0.559 0.36 0.614 1.452 0.01 1.902 0.02 1.263 0.001 0.018 0.011
1767.6 1.0 1.0 1.0 1.546 0.559 0.36 0.614 1.452 0.01 1.902 0.02 1.263 0.001 0.018 0.011
1767.7 1.0 1.0 1.0 1.546 0.559 0.36 0.614 1.452 0.01 1.902 0.02 1.263 0.001 0.018 0.011
1767.8 1.0 1.0 1.0 1.546 0.559 0.36 0.614 1.452 0.01 1.902 0.02 1.263 0.001 0.018 0.011
1767.9 1.0 1.0 1.0 1.546 0.559 0.36 0.614 1.452 0.01 1.902 0.02 1.263 0.001 0.018 0.011
1768.0 1.0 1.0 1.0 1.546 0.559 0.36 0.614 1.452 0.01 1.902 0.02 1.263 0.001 0.018 0.011
1768.1 1.0 1.0 1.0 1.546 0.559 0.36 0.614 1.452 0.01 1.902 0.02 1.263 0.001 0.018 0.011
1768.2 1.0 1.0 1.0 1.546 0.559 0.36 0.614 1.452 0.01 1.902 0.02 1.263 0.001 0.018 0.011
1768.3 1.0 1.0 1.0 1.546 0.559 0.36 0.614 1.452 0.01 1.902 0.02 1.263 0.001 0.018 0.011
1768.4 1.0 1.0 1.0 1.546 0.559 0.36 0.614 1.452 0.01 1.902 0.02 1.263 0.001 0.018 0.011
1768.5 1.0 1.0 1.0 1.546 0.559 0.36 0.614 1.452 0.01 1.902 0.02 1.263 0.001 0.018 0.011
1768.6 1.0 1.0 1.0 1.546 0.559 0.36 0.614 1.452 0.01 1.902 0.02 1.263 0.001 0.018 0.011
1768.7 1.0 1.0 1.0 1.546 0.559 0.36 0.614 1.452 0.01 1.902 0.02 1.263 0.001 0.018 0.011
1768.8 1.0 1.0 1.0 1.546 0.559 0.36 0.614 1.452 0.01 1.902 0.02 1.263 0.001 0.018 0.011
1768.9 1.0 1.0 1.0 1.546 0.559 0.36 0.614 1.452 0.01 1.902 0.02 1.263 0.001 0.018 0.011
1769.0 1.0 1.0 1.0 1.546 0.559 0.36 0.614 1.452 0.01 1.902 0.02 1.263 0.001 0.018 0.011
1769.1 1.0 1.0 1.0 1.546 0.559 0.36 0.614 1.452 0.01 1.902 0.02 1.263 0.001 0.018 0.011
1769.2 1.0 1.0 1.0 1.546 0.559 0.36 0.614 1.452 0.01 1.902 0.02 1.263 0.001 0.018 0.011
1769.3 1.0 1.0 1.0 1.546 0.559 0.36 0.614 1.452 0.01 1.902 0.02 1.263 0.001 0.018 0.011
1769.4 1.0 1.0 1.0 1.546 0.559 0.36 0.614 1.452 0.01 1.902 0.02 1.263 0.001 0.018 0.011
1769.5 1.0 1.0 1.0 1.546 0.559 0.36 0.614 1.452 0.01 1.902 0.02 1.263 0.001 0.018 0.011
1769.6 1.0 1.0 1.0 1.546 0.559 0.36 0.614 1.452 0.01 1.902 0.02 1.263 0.001 0.018 0.011
1769.7 1.0 1.0 1.0 1.546 0.559 0.36 0.614 1.452 0.01 1.902 0.02 1.263 0.001 0.018 0.011
1769.8 1.0 1.0 1.0 1.546 0.559 0.36 0.614 1.452 0.01 1.902 0.02 1.263 0.001 0.018 0.011
1769.9 1.0 1.0 1.0 1.546 0.559 0.36 0.614 1.452 0.01 1.902 0.02 1.263 0.001 0.018 0.011
1770.0 1.0 1.0 1.0 1.546 0.559 0.36 0.614 1.452 0.01 1.902 0.02 1.263 0.001 0.018 0.011
1770.1 1.0 1.0 1.0 1.546 0.559 0.36 0.614 1.452 0.01 1.902 0.02 1.263 0.001 0.018 0.011
1770.2 1.0 1.0 1.0 1.546 0.559 0.36 0.614 1.452 0.01 1.902 0.02 1.263 0.001 0.018 0.011
1770.3 1.0 1.0 1.0 1.546 0.559 0.36 0.614 1.452 0.01 1.902 0.02 1.263 0.001 0.018 0.011
1770.4 1.0 1.0 1.0 1.546 0.559 0.36 0.614 1.452 0.01 1.902 0.02 1.263 0.001 0.018 0.011
1770.5 1.0 1.0 1.0 1.546 0.559 0.36 0.614 1.452 0.01 1.902 0.02 1.263 0.001 0.018 0.011
1770.6 1.0 1.0 1.0 1.546 0.559 0.36 0.614 1.452 0.01 1.902 0.02 1.263 0.001 0.018 0.011
1770.7 1.0 1.0 1.0 1.546 0.559 0.36 0.614 1.452 0.01 1.902 0.02 1.263 0.001 0.018 0.011
1770.8 1.0 1.0 1.0 1.546 0.559 0.36 0.614 1.452 0.01 1.902 0.02 1.263 0.001 0.018 0.011
1770.9 1.0 1.0 1.0 1.546 0.559 0.36 0.614 1.452 0.01 1.902 0.02 1.263 0.001 0.018 0.011
1771.0 1.0 1.0 1.0 1.546 0.559 0.36 0.614 1.452 0.01 1.902 0.02 1.263 0.001 0.018 0.011
1771.1 1.0 1.0 1.0 1.546 0.559 0.36 0.614 1.452 0.01 1.902 0.02 1.263 0.001 0.018 0.011
1771.2 1.0 1.0 1.0 1.546 0.559 0.36 0.614 1.452 0.01 1.902 0.02 1.263 0.001 0.018 0.011
1771.3 1.0 1.0 1.0 1.546 0.559 0.36 0.614 1.452 0.01 1.902 0.02 1.263 0.001 0.018 0.011
1771.4 1.0 1.0 1.0 1.546 0.559 0.36 0.614 1.452 0.01 1.902 0.02 1.263 0.001 0.018 0.011
1771.5 1.0 1.0 1.0 1.546 0.559 0.36 0.614 1.452 0.01 1.902 0.02 1.263 0.001 0.018 0.011
1771.6 1.0 1.0 1.0 1.546 0.559 0.36 0.614 1.452 0.01 1.902 0.02 1.263 0.001 0.018 0.011
1771.7 1.0 1.0 1.0 1.546 0.559 0.36 0.614 1.452 0.01 1.902 0.02 1.263 0.001 0.018 0.011
1771.8 1.0 1.0 1.0 1.546 0.559 0.36 0.614 1.452 0.01 1.902 0.02 1.263 0.001 0.018 0.011
1771.9 1.0 1.0 1.0 1.546 0.559 0.36 0.614 1.452 0.01 1.902 0.02 1.263 0.001 0.018 0.011
1772.0 1.0 1.0 1.0 1.546 0.559 0.36 0.614 1.452 0.01 1.902 0.02 1.263 0.001 0.018 0.011
1772.1 1.0 1.0 1.0 1.546 0.559 0.36 0.614 1.452 0.01 1.902 0.02 1.263 0.001 0.018 0.011
1772.2 1.0 1.0 1.0 1.546 0.559 0.36 0.614 1.452 0.01 1.902 0.02 1.263 0.001 0.018 0.011
1772.3 1.0 1.0 1.0 1.546 0.559 0.36 0.614 1.452 0.01 1.902 0.02 1.263 0.001 0.018 0.011
1772.4 1.0 1.0 1.0 1.546 0.559 0.36 0.614 1.452 0.01 1.902 0.02 1.263 0.001 0.018 0.011
1772.5 1.0 1.0 1.0 1.546 0.559 0.36 0.614 1.452 0.01 1.902 0.02 1.263 0.001 0.018 0.011
1772.6 1.0 1.0 1.0 1.546 0.559 0.36 0.614 1.452 0.01 1.902 0.02 1.263 0.001 0.018 0.011
1772.7 1.0 1.0 1.0 1.546 0.559 0.36 0.614 1.452 0.01 1.902 0.02 1.263 0.001 0.018 0.011
1772.8 1.0 1.0 1.0 1.546 0.559 0.36 0.614 1.452 0.01 1.902 0.02 1.263 0.001 0.018 0.011
1772.9 1.0 1.0 1.0 1.546 0.559 0.36 0.614 1.452 0.01 1.902 0.02 1.263 0.001 0.018 0.011
1773.0 1.0 1.0 1.0 1.546 0.559 0.36 0.614 1.452 0.01 1.902 0.02 1.263 0.001 0.018 0.011
1773.1 1.0 1.0 1.0 1.546 0.559 0.36 0.614 1.452 0.01 1.902 0.02 1.263 0.001 0.018 0.011
1773.2 1.0 1.0 1.0 1.546 0.559 0.36 0.614 1.452 0.01 1.902 0.02 1.263 0.001 0.018 0.011
1773.3 1.0 1.0 1.0 1.546 0.559 0.36 0.614 1.452 0.01 1.902 0.02 1.263 0.001 0.018 0.011
1773.4 1.0 1.0 1.0 1.546 0.559 0.36 0.614 1.452 0.01 1.902 0.02 1.263 0.001 0.018 0.011
1773.5 1.0 1.0 1.0 1.546 0.559 0.36 0.614 1.452 0.01 1.902 0.02 1.263 0.001 0.018 0.011
1773.6 1.0 1.0 1.0 1.546 0.559 0.36 0.614 1.452 0.01 1.902 0.02 1.263 0.001 0.018 0.011
1773.7 1.0 1.0 1.0 1.546 0.559 0.36 0.614 1.452 0.01 1.902 0.02 1.263 0.001 0.018 0.011
1773.8 1.0 1.0 1.0 1.546 0.559 0.36 0.614 1.452 0.01 1.902 0.02 1.263 0.001 0.018 0.011
1773.9 1.0 1.0 1.0 1.546 0.559 0.36 0.614 1.452 0.01 1.902 0.02 1.263 0.001 0.018 0.011
1774.0 1.0 1.0 1.0 1.546 0.559 0.36 0.614 1.452 0.01 1.902 0.02 1.263 0.001 0.018 0.011
1774.1 1.0 1.0 1.0 1.546 0.559 0.36 0.614 1.452 0.01 1.902 0.02 1.263 0.001 0.018 0.011
1774.2 1.0 1.0 1.0 1.546 0.559 0.36 0.614 1.452 0.01 1.902 0.02 1.263 0.001 0.018 0.011
1774.3 1.0 1.0 1.0 1.546 0.559 0.36 0.614 1.452 0.01 1.902 0.02 1.263 0.001 0.018 0.011
1774.4 1.0 1.0 1.0 1.546 0.559 0.36 0.614 1.452 0.01 1.902 0.02 1.263 0.001 0.018 0.011
1774.5 1.0 1.0 1.0 1.546 0.559 0.36 0.614 1.452 0.01 1.902 0.02 1.263 0.001 0.018 0.011
1774.6 1.0 1.0 1.0 1.546 0.559 0.36 0.614 1.452 0.01 1.902 0.02 1.263 0.001 0.018 0.011
1774.7 1.0 1.0 1.0 1.546 0.559 0.36 0.614 1.452 0.01 1.902 0.02 1.263 0.001 0.018 0.011
1774.8 1.0 1.0 1.0 1.546 0.559 0.36 0.614 1.452 0.01 1.902 0.02 1.263 0.001 0.018 0.011
1774.9 1.0 1.0 1.0 1.546 0.559 0.36 0.614 1.452 0.01 1.902 0.02 1.263 0.001 0.018 0.011
1775.0 1.0 1.0 1.0 1.546 0.559 0.36 0.614 1.452 0.01 1.902 0.02 1.263 0.001 0.018 0.011
1775.1 1.0 1.0 1.0 1.546 0.559 0.36 0.614 1.452 0.01 1.902 0.02 1.263 0.001 0.018 0.011
1775.2 1.0 1.0 1.0 1.546 0.559 0.36 0.614 1.452 0.01 1.902 0.02 1.263 0.001 0.018 0.011
1775.3 1.0 1.0 1.0 1.546 0.559 0.36 0.614 1.452 0.01 1.902 0.02 1.263 0.001 0.018 0.011
1775.4 1.0 1.0 1.0 1.546 0.559 0.36 0.614 1.452 0.01 1.902 0.02 1.263 0.001 0.018 0.011
1775.5 1.0 1.0 1.0 1.546 0.559 0.36 0.614 1.452 0.01 1.902 0.02 1.263 0.001 0.018 0.011
1775.6 1.0 1.0 1.0 1.546 0.559 0.36 0.614 1.452 0.01 1.902 0.02 1.263 0.001 0.018 0.011
1775.7 1.0 1.0 1.0 1.546 0.559 0.36 0.614 1.452 0.01 1.902 0.02 1.263 0.001 0.018 0.011
1775.8 1.0 1.0 1.0 1.546 0.559 0.36 0.614 1.452 0.01 1.902 0.02 1.263 0.001 0.018 0.011
1775.9 1.0 1.0 1.0 1.546 0.559 0.36 0.614 1.452 0.01 1.902 0.02 1.263 0.001 0.018 0.011
1776.0 1.0 1.0 1.0 1.546 0.559 0.36 0.614 1.452 0.01 1.902 0.02 1.263 0.001 0.018 0.011
1776.1 1.0 1.0 1.0 1.546 0.559 0.36 0.614 1.452 0.01 1.902 0.02 1.263 0.001 0.018 0.011
1776.2 1.0 1.0 1.0 1.546 0.559 0.36 0.614 1.452 0.01 1.902 0.02 1.263 0.001 0.018 0.011
1776.3 1.0 1.0 1.0 1.546 0.559 0.36 0.614 1.452 0.01 1.902 0.02 1.263 0.001 0.018 0.011
1776.4 1.0 1.0 1.0 1.546 0.559 0.36 0.614 1.452 0.01 1.902 0.02 1.263 0.001 0.018 0.011
1776.5 1.0 1.0 1.0 1.546 0.559 0.36 0.614 1.452 0.01 1.902 0.02 1.263 0.001 0.018 0.011
1776.6 1.0 1.0 1.0 1.546 0.559 0.36 0.614 1.452 0.01 1.902 0.02 1.263 0.001 0.018 0.011
1776.7 1.0 1.0 1.0 1.546 0.559 0.36 0.614 1.452 0.01 1.902 0.02 1.263 0.001 0.018 0.011
1776.8 1.0 1.0 1.0 1.546 0.559 0.36 0.614 1.452 0.01 1.902 0.02 1.263 0.001 0.018 0.011
1776.9 1.0 1.0 1.0 1.546 0.559 0.36 0.614 1.452 0.01 1.902 0.02 1.263 0.001 0.018 0.011
1777.0 1.0 1.0 1.0 1.546 0.559 0.36 0.614 1.452 0.01 1.902 0.02 1.263 0.001 0.018 0.011
1777.1 1.0 1.0 1.0 1.546 0.559 0.36 0.614 1.452 0.01 1.902 0.02 1.263 0.001 0.018 0.011
1777.2 1.0 1.0 1.0 1.546 0.559 0.36 0.614 1.452 0.01 1.902 0.02 1.263 0.001 0.018 0.011
1777.3 1.0 1.0 1.0 1.546 0.559 0.36 0.614 1.452 0.01 1.902 0.02 1.263 0.001 0.018 0.011
1777.4 1.0 1.0 1.0 1.546 0.559 0.36 0.614 1.452 0.01 1.902 0.02 1.263 0.001 0.018 0.011
1777.5 1.0 1.0 1.0 1.546 0.559 0.36 0.614 1.452 0.01 1.902 0.02 1.263 0.001 0.018 0.011
1777.6 1.0 1.0 1.0 1.546 0.559 0.36 0.614 1.452 0.01 1.902 0.02 1.263 0.001 0.018 0.011
1777.7 1.0 1.0 1.0 1.546 0.559 0.36 0.614 1.452 0.01 1.902 0.02 1.263 0.001 0.018 0.011
1777.8 1.0 1.0 1.0 1.546 0.559 0.36 0.614 1.452 0.01 1.902 0.02 1.263 0.001 0.018 0.011
1777.9 1.0 1.0 1.0 1.546 0.559 0.36 0.614 1.452 0.01 1.902 0.02 1.263 0.001 0.018 0.011
1778.0 1.0 1.0 1.0 1.546 0.559 0.36 0.614 1.452 0.01 1.902 0.02 1.263 0.001 0.018 0.011
1778.1 1.0 1.0 1.0 1.546 0.559 0.36 0.614 1.452 0.01 1.902 0.02 1.263 0.001 0.018 0.011
1778.2 1.0 1.0 1.0 1.546 0.559 0.36 0.614 1.452 0.01 1.902 0.02 1.263 0.001 0.018 0.011
1778.3 1.0 1.0 1.0 1.546 0.559 0.36 0.614 1.452 0.01 1.902 0.02 1.263 0.001 0.018 0.011
1778.4 1.0 1.0 1.0 1.546 0.559 0.36 0.614 1.452 0.01 1.902 0.02 1.263 0.001 0.018 0.011
1778.5 1.0 1.0 1.0 1.546 0.559 0.36 0.614 1.452 0.01 1.902 0.02 1.263 0.001 0.018 0.011
1778.6 1.0 1.0 1.0 1.546 0.559 0.36 0.614 1.452 0.01 1.902 0.02 1.263 0.001 0.018 0.011
1778.7 1.0 1.0 1.0 1.546 0.559 0.36 0.614 1.452 0.01 1.902 0.02 1.263 0.001 0.018 0.011
1778.8 1.0 1.0 1.0 1.546 0.559 0.36 0.614 1.452 0.01 1.902 0.02 1.263 0.001 0.018 0.011
1778.9 1.0 1.0 1.0 1.546 0.559 0.36 0.614 1.452 0.01 1.902 0.02 1.263 0.001 0.018 0.011
1779.0 1.0 1.0 1.0 1.546 0.559 0.36 0.614 1.452 0.01 1.902 0.02 1.263 0.001 0.018 0.011
1779.1 1.0 1.0 1.0 1.546 0.559 0.36 0.614 1.452 0.01 1.902 0.02 1.263 0.001 0.018 0.011
1779.2 1.0 1.0 1.0 1.546 0.559 0.36 0.614 1.452 0.01 1.902 0.02 1.263 0.001 0.018 0.011
1779.3 1.0 1.0 1.0 1.546 0.559 0.36 0.614 1.452 0.01 1.902 0.02 1.263 0.001 0.018 0.011
1779.4 1.0 1.0 1.0 1.546 0.559 0.36 0.614 1.452 0.01 1.902 0.02 1.263 0.001 0.018 0.011
1779.5 1.0 1.0 1.0 1.546 0.559 0.36 0.614 1.452 0.01 1.902 0.02 1.263 0.001 0.018 0.011
1779.6 1.0 1.0 1.0 1.546 0.559 0.36 0.614 1.452 0.01 1.902 0.02 1.263 0.001 0.018 0.011
1779.7 1.0 1.0 1.0 1.546 0.559 0.36 0.614 1.452 0.01 1.902 0.02 1.263 0.001 0.018 0.011
1779.8 1.0 1.0 1.0 1.546 0.559 0.36 0.614 1.452 0.01 1.902 0.02 1.263 0.001 0.018 0.011
1779.9 1.0 1.0 1.0 1.546 0.559 0.36 0.614 1.452 0.01 1.902 0.02 1.263 0.001 0.018 0.011
1780.0 1.0 1.0 1.0 1.546 0.559 0.36 0.614 1.452 0.01 1.902 0.02 1.263 0.001 0.018 0.011
1780.1 1.0 1.0 1.0 1.546 0.559 0.36 0.614 1.452 0.01 1.902 0.02 1.263 0.001 0.018 0.011
1780.2 1.0 1.0 1.0 1.546 0.559 0.36 0.614 1.452 0.01 1.902 0.02 1.263 0.001 0.018 0.011
1780.3 1.0 1.0 1.0 1.546 0.559 0.36 0.614 1.452 0.01 1.902 0.02 1.263 0.001 0.018 0.011
1780.4 1.0 1.0 1.0 1.546 0.559 0.36 0.614 1.452 0.01 1.902 0.02 1.263 0.001 0.018 0.011
1780.5 1.0 1.0 1.0 1.546 0.559 0.36 0.614 1.452 0.01 1.902 0.02 1.263 0.001 0.018 0.011
1780.6 1.0 1.0 1.0 1.546 0.559 0.36 0.614 1.452 0.01 1.902 0.02 1.263 0.001 0.018 0.011
1780.7 1.0 1.0 1.0 1.546 0.559 0.36 0.614 1.452 0.01 1.902 0.02 1.263 0.001 0.018 0.011
1780.8 1.0 1.0 1.0 1.546 0.559 0.36 0.614 1.452 0.01 1.902 0.02 1.263 0.001 0.018 0.011
1780.9 1.0 1.0 1.0 1.546 0.559 0.36 0.614 1.452 0.01 1.902 0.02 1.263 0.001 0.018 0.011
1781.0 1.0 1.0 1.0 1.546 0.559 0.36 0.614 1.452 0.01 1.902 0.02 1.263 0.001 0.018 0.011
1781.1 1.0 1.0 1.0 1.546 0.559 0.36 0.614 1.452 0.01 1.902 0.02 1.263 0.001 0.018 0.011
1781.2 1.0 1.0 1.0 1.546 0.559 0.36 0.614 1.452 0.01 1.902 0.02 1.263 0.001 0.018 0.011
1781.3 1.0 1.0 1.0 1.546 0.559 0.36 0.614 1.452 0.01 1.902 0.02 1.263 0.001 0.018 0.011
1781.4 1.0 1.0 1.0 1.546 0.559 0.36 0.614 1.452 0.01 1.902 0.02 1.263 0.001 0.018 0.011
1781.5 1.0 1.0 1.0 1.546 0.559 0.36 0.614 1.452 0.01 1.902 0.02 1.263 0.001 0.018 0.011
1781.6 1.0 1.0 1.0 1.546 0.559 0.36 0.614 1.452 0.01 1.902 0.02 1.263 0.001 0.018 0.011
1781.7 1.0 1.0 1.0 1.546 0.559 0.36 0.614 1.452 0.01 1.902 0.02 1.263 0.001 0.018 0.011
1781.8 1.0 1.0 1.0 1.546 0.559 0.36 0.614 1.452 0.01 1.902 0.02 1.263 0.001 0.018 0.011
1781.9 1.0 1.0 1.0 1.546 0.559 0.36 0.614 1.452 0.01 1.902 0.02 1.263 0.001 0.018 0.011
1782.0 1.0 1.0 1.0 1.546 0.559 0.36 0.614 1.452 0.01 1.902 0.02 1.263 0.001 0.018 0.011
1782.1 1.0 1.0 1.0 1.546 0.559 0.36 0.614 1.452 0.01 1.902 0.02 1.263 0.001 0.018 0.011
1782.2 1.0 1.0 1.0 1.546 0.559 0.36 0.614 1.452 0.01 1.902 0.02 1.263 0.001 0.018 0.011
1782.3 1.0 1.0 1.0 1.546 0.559 0.36 0.614 1.452 0.01 1.902 0.02 1.263 0.001 0.018 0.011
1782.4 1.0 1.0 1.0 1.546 0.559 0.36 0.614 1.452 0.01 1.902 0.02 1.263 0.001 0.018 0.011
1782.5 1.0 1.0 1.0 1.546 0.559 0.36 0.614 1.452 0.01 1.902 0.02 1.263 0.001 0.018 0.011
1782.6 1.0 1.0 1.0 1.546 0.559 0.36 0.614 1.452 0.01 1.902 0.02 1.263 0.001 0.018 0.011
1782.7 1.0 1.0 1.0 1.546 0.559 0.36 0.614 1.452 0.01 1.902 0.02 1.263 0.001 0.018 0.011
1782.8 1.0 1.0 1.0 1.546 0.559 0.36 0.614 1.452 0.01 1.902 0.02 1.263 0.001 0.018 0.011
1782.9 1.0 1.0 1.0 1.546 0.559 0.36 0.614 1.452 0.01 1.902 0.02 1.263 0.001 0.018 0.011
1783.0 1.0 1.0 1.0 1.546 0.559 0.36 0.614 1.452 0.01 1.902 0.02 1.263 0.001 0.018 0.011
1783.1 1.0 1.0 1.0 1.546 0.559 0.36 0.614 1.452 0.01 1.902 0.02 1.263 0.001 0.018 0.011
1783.2 1.0 1.0 1.0 1.546 0.559 0.36 0.614 1.452 0.01 1.902 0.02 1.263 0.001 0.018 0.011
1783.3 1.0 1.0 1.0 1.546 0.559 0.36 0.614 1.452 0.01 1.902 0.02 1.263 0.001 0.018 0.011
1783.4 1.0 1.0 1.0 1.546 0.559 0.36 0.614 1.452 0.01 1.902 0.02 1.263 0.001 0.018 0.011
1783.5 1.0 1.0 1.0 1.546 0.559 0.36 0.614 1.452 0.01 1.902 0.02 1.263 0.001 0.018 0.011
1783.6 1.0 1.0 1.0 1.546 0.559 0.36 0.614 1.452 0.01 1.902 0.02 1.263 0.001 0.018 0.011
1783.7 1.0 1.0 1.0 1.546 0.559 0.36 0.614 1.452 0.01 1.902 0.02 1.263 0.001 0.018 0.011
1783.8 1.0 1.0 1.0 1.546 0.559 0.36 0.614 1.452 0.01 1.902 0.02 1.263 0.001 0.018 0.011
1783.9 1.0 1.0 1.0 1.546 0.559 0.36 0.614 1.452 0.01 1.902 0.02 1.263 0.001 0.018 0.011
1784.0 1.0 1.0 1.0 1.546 0.559 0.36 0.614 1.452 0.01 1.902 0.02 1.263 0.001 0.018 0.011
1784.1 1.0 1.0 1.0 1.546 0.559 0.36 0.614 1.452 0.01 1.902 0.02 1.263 0.001 0.018 0.011
1784.2 1.0 1.0 1.0 1.546 0.559 0.36 0.614 1.452 0.01 1.902 0.02 1.263 0.001 0.018 0.011
1784.3 1.0 1.0 1.0 1.546 0.559 0.36 0.614 1.452 0.01 1.902 0.02 1.263 0.001 0.018 0.011
1784.4 1.0 1.0 1.0 1.546 0.559 0.36 0.614 1.452 0.01 1.902 0.02 1.263 0.001 0.018 0.011
1784.5 1.0 1.0 1.0 1.546 0.559 0.36 0.614 1.452 0.01 1.902 0.02 1.263 0.001 0.018 0.011
1784.6 1.0 1.0 1.0 1.546 0.559 0.36 0.614 1.452 0.01 1.902 0.02 1.263 0.001 0.018 0.011
1784.7 1.0 1.0 1.0 1.546 0.559 0.36 0.614 1.452 0.01 1.902 0.02 1.263 0.001 0.018 0.011
1784.8 1.0 1.0 1.0 1.546 0.559 0.36 0.614 1.452 0.01 1.902 0.02 1.263 0.001 0.018 0.011
1784.9 1.0 1.0 1.0 1.546 0.559 0.36 0.614 1.452 0.01 1.902 0.02 1.263 0.001 0.018 0.011
1785.0 1.0 1.0 1.0 1.546 0.559 0.36 0.614 1.452 0.01 1.902 0.02 1.263 0.001 0.018 0.011
1785.1 1.0 1.0 1.0 1.546 0.559 0.36 0.614 1.452 0.01 1.902 0.02 1.263 0.001 0.018 0.011
1785.2 1.0 1.0 1.0 1.546 0.559 0.36 0.614 1.452 0.01 1.902 0.02 1.263 0.001 0.018 0.011
1785.3 1.0 1.0 1.0 1.546 0.559 0.36 0.614 1.452 0.01 1.902 0.02 1.263 0.001 0.018 0.011
1785.4 1.0 1.0 1.0 1.546 0.559 0.36 0.614 1.452 0.01 1.902 0.02 1.263 0.001 0.018 0.011
1785.5 1.0 1.0 1.0 1.546 0.559 0.36 0.614 1.452 0.01 1.902 0.02 1.263 0.001 0.018 0.011
1785.6 1.0 1.0 1.0 1.546 0.559 0.36 0.614 1.452 0.01 1.902 0.02 1.263 0.001 0.018 0.011
1785.7 1.0 1.0 1.0 1.546 0.559 0.36 0.614 1.452 0.01 1.902 0.02 1.263 0.001 0.018 0.011
1785.8 1.0 1.0 1.0 1.546 0.559 0.36 0.614 1.452 0.01 1.902 0.02 1.263 0.001 0.018 0.011
1785.9 1.0 1.0 1.0 1.546 0.559 0.36 0.614 1.452 0.01 1.902 0.02 1.263 0.001 0.018 0.011
1786.0 1.0 1.0 1.0 1.546 0.559 0.36 0.614 1.452 0.01 1.902 0.02 1.263 0.001 0.018 0.011
1786.1 1.0 1.0 1.0 1.546 0.559 0.36 0.614 1.452 0.01 1.902 0.02 1.263 0.001 0.018 0.011
1786.2 1.0 1.0 1.0 1.546 0.559 0.36 0.614 1.452 0.01 1.902 0.02 1.263 0.001 0.018 0.011
1786.3 1.0 1.0 1.0 1.546 0.559 0.36 0.614 1.452 0.01 1.902 0.02 1.263 0.001 0.018 0.011
1786.4 1.0 1.0 1.0 1.546 0.559 0.36 0.614 1.452 0.01 1.902 0.02 1.263 0.001 0.018 0.011
1786.5 1.0 1.0 1.0 1.546 0.559 0.36 0.614 1.452 0.01 1.902 0.02 1.263 0.001 0.018 0.011
1786.6 1.0 1.0 1.0 1.546 0.559 0.36 0.614 1.452 0.01 1.902 0.02 1.263 0.001 0.018 0.011
1786.7 1.0 1.0 1.0 1.546 0.559 0.36 0.614 1.452 0.01 1.902 0.02 1.263 0.001 0.018 0.011
1786.8 1.0 1.0 1.0 1.546 0.559 0.36 0.614 1.452 0.01 1.902 0.02 1.263 0.001 0.018 0.011
1786.9 1.0 1.0 1.0 1.546 0.559 0.36 0.614 1.452 0.01 1.902 0.02 1.263 0.001 0.018 0.011
1787.0 1.0 1.0 1.0 1.546 0.559 0.36 0.614 1.452 0.01 1.902 0.02 1.263 0.001 0.018 0.011
1787.1 1.0 1.0 1.0 1.546 0.559 0.36 0.614 1.452 0.01 1.902 0.02 1.263 0.001 0.018 0.011
1787.2 1.0 1.0 1.0 1.546 0.559 0.36 0.614 1.452 0.01 1.902 0.02 1.263 0.001 0.018 0.011
1787.3 1.0 1.0 1.0 1.546 0.559 0.36 0.614 1.452 0.01 1.902 0.02 1.263 0.001 0.018 0.011
1787.4 1.0 1.0 1.0 1.546 0.559 0.36 0.614 1.452 0.01 1.902 0.02 1.263 0.001 0.018 0.011
1787.5 1.0 1.0 1.0 1.546 0.559 0.36 0.614 1.452 0.01 1.902 0.02 1.263 0.001 0.018 0.011
1787.6 1.0 1.0 1.0 1.546 0.559 0.36 0.614 1.452 0.01 1.902 0.02 1.263 0.001 0.018 0.011
1787.7 1.0 1.0 1.0 1.546 0.559 0.36 0.614 1.452 0.01 1.902 0.02 1.263 0.001 0.018 0.011
1787.8 1.0 1.0 1.0 1.546 0.559 0.36 0.614 1.452 0.01 1.902 0.02 1.263 0.001 0.018 0.011
1787.9 1.0 1.0 1.0 1.546 0.559 0.36 0.614 1.452 0.01 1.902 0.02 1.263 0.001 0.018 0.011
1788.0 1.0 1.0 1.0 1.546 0.559 0.36 0.614 1.452 0.01 1.902 0.02 1.263 0.001 0.018 0.011
1788.1 1.0 1.0 1.0 1.546 0.559 0.36 0.614 1.452 0.01 1.902 0.02 1.263 0.001 0.018 0.011
1788.2 1.0 1.0 1.0 1.546 0.559 0.36 0.614 1.452 0.01 1.902 0.02 1.263 0.001 0.018 0.011
1788.3 1.0 1.0 1.0 1.546 0.559 0.36 0.614 1.452 0.01 1.902 0.02 1.263 0.001 0.018 0.011
1788.4 1.0 1.0 1.0 1.546 0.559 0.36 0.614 1.452 0.01 1.902 0.02 1.263 0.001 0.018 0.011
1788.5 1.0 1.0 1.0 1.546 0.559 0.36 0.614 1.452 0.01 1.902 0.02 1.263 0.001 0.018 0.011
1788.6 1.0 1.0 1.0 1.546 0.559 0.36 0.614 1.452 0.01 1.902 0.02 1.263 0.001 0.018 0.011
1788.7 1.0 1.0 1.0 1.546 0.559 0.36 0.614 1.452 0.01 1.902 0.02 1.263 0.001 0.018 0.011
1788.8 1.0 1.0 1.0 1.546 0.559 0.36 0.614 1.452 0.01 1.902 0.02 1.263 0.001 0.018 0.011
1788.9 1.0 1.0 1.0 1.546 0.559 0.36 0.614 1.452 0.01 1.902 0.02 1.263 0.001 0.018 0.011
1789.0 1.0 1.0 1.0 1.546 0.559 0.36 0.614 1.452 0.01 1.902 0.02 1.263 0.001 0.018 0.011
1789.1 1.0 1.0 1.0 1.546 0.559 0.36 0.614 1.452 0.01 1.902 0.02 1.263 0.001 0.018 0.011
1789.2 1.0 1.0 1.0 1.546 0.559 0.36 0.614 1.452 0.01 1.902 0.02 1.263 0.001 0.018 0.011
1789.3 1.0 1.0 1.0 1.546 0.559 0.36 0.614 1.452 0.01 1.902 0.02 1.263 0.001 0.018 0.011
1789.4 1.0 1.0 1.0 1.546 0.559 0.36 0.614 1.452 0.01 1.902 0.02 1.263 0.001 0.018 0.011
1789.5 1.0 1.0 1.0 1.546 0.559 0.36 0.614 1.452 0.01 1.902 0.02 1.263 0.001 0.018 0.011
1789.6 1.0 1.0 1.0 1.546 0.559 0.36 0.614 1.452 0.01 1.902 0.02 1.263 0.001 0.018 0.011
1789.7 1.0 1.0 1.0 1.546 0.559 0.36 0.614 1.452 0.01 1.902 0.02 1.263 0.001 0.018 0.011
1789.8 1.0 1.0 1.0 1.546 0.559 0.36 0.614 1.452 0.01 1.902 0.02 1.263 0.001 0.018 0.011
1789.9 1.0 1.0 1.0 1.546 0.559 0.36 0.614 1.452 0.01 1.902 0.02 1.263 0.001 0.018 0.011
1790.0 1.0 1.0 1.0 1.546 0.559 0.36 0.614 1.452 0.01 1.902 0.02 1.263 0.001 0.018 0.011
1790.1 1.0 1.0 1.0 1.546 0.559 0.36 0.614 1.452 0.01 1.902 0.02 1.263 0.001 0.018 0.011
1790.2 1.0 1.0 1.0 1.546 0.559 0.36 0.614 1.452 0.01 1.902 0.02 1.263 0.001 0.018 0.011
1790.3 1.0 1.0 1.0 1.546 0.559 0.36 0.614 1.452 0.01 1.902 0.02 1.263 0.001 0.018 0.011
1790.4 1.0 1.0 1.0 1.546 0.559 0.36 0.614 1.452 0.01 1.902 0.02 1.263 0.001 0.018 0.011
1790.5 1.0 1.0 1.0 1.546 0.559 0.36 0.614 1.452 0.01 1.902 0.02 1.263 0.001 0.018 0.011
1790.6 1.0 1.0 1.0 1.546 0.559 0.36 0.614 1.452 0.01 1.902 0.02 1.263 0.001 0.018 0.011
1790.7 1.0 1.0 1.0 1.546 0.559 0.36 0.614 1.452 0.01 1.902 0.02 1.263 0.001 0.018 0.011
1790.8 1.0 1.0 1.0 1.546 0.559 0.36 0.614 1.452 0.01 1.902 0.02 1.263 0.001 0.018 0.011
1790.9 1.0 1.0 1.0 1.546 0.559 0.36 0.614 1.452 0.01 1.902 0.02 1.263 0.001 0.018 0.011
1791.0 1.0 1.0 1.0 1.546 0.559 0.36 0.614 1.452 0.01 1.902 0.02 1.263 0.001 0.018 0.011
1791.1 1.0 1.0 1.0 1.546 0.559 0.36 0.614 1.452 0.01 1.902 0.02 1.263 0.001 0.018 0.011
1791.2 1.0 1.0 1.0 1.546 0.559 0.36 0.614 1.452 0.01 1.902 0.02 1.263 0.001 0.018 0.011
1791.3 1.0 1.0 1.0 1.546 0.559 0.36 0.614 1.452 0.01 1.902 0.02 1.263 0.001 0.018 0.011
1791.4 1.0 1.0 1.0 1.546 0.559 0.36 0.614 1.452 0.01 1.902 0.02 1.263 0.001 0.018 0.011
1791.5 1.0 1.0 1.0 1.546 0.559 0.36 0.614 1.452 0.01 1.902 0.02 1.263 0.001 0.018 0.011
1791.6 1.0 1.0 1.0 1.546 0.559 0.36 0.614 1.452 0.01 1.902 0.02 1.263 0.001 0.018 0.011
1791.7 1.0 1.0 1.0 1.546 0.559 0.36 0.614 1.452 0.01 1.902 0.02 1.263 0.001 0.018 0.011
1791.8 1.0 1.0 1.0 1.546 0.559 0.36 0.614 1.452 0.01 1.902 0.02 1.263 0.001 0.018 0.011
1791.9 1.0 1.0 1.0 1.546 0.559 0.36 0.614 1.452 0.01 1.902 0.02 1.263 0.001 0.018 0.011
1792.0 1.0 1.0 1.0 1.546 0.559 0.36 0.614 1.452 0.01 1.902 0.02 1.263 0.001 0.018 0.011
1792.1 1.0 1.0 1.0 1.546 0.559 0.36 0.614 1.452 0.01 1.902 0.02 1.263 0.001 0.018 0.011
1792.2 1.0 1.0 1.0 1.546 0.559 0.36 0.614 1.452 0.01 1.902 0.02 1.263 0.001 0.018 0.011
1792.3 1.0 1.0 1.0 1.546 0.559 0.36 0.614 1.452 0.01 1.902 0.02 1.263 0.001 0.018 0.011
1792.4 1.0 1.0 1.0 1.546 0.559 0.36 0.614 1.452 0.01 1.902 0.02 1.263 0.001 0.018 0.011
1792.5 1.0 1.0 1.0 1.546 0.559 0.36 0.614 1.452 0.01 1.902 0.02 1.263 0.001 0.018 0.011
1792.6 1.0 1.0 1.0 1.546 0.559 0.36 0.614 1.452 0.01 1.902 0.02 1.263 0.001 0.018 0.011
1792.7 1.0 1.0 1.0 1.546 0.559 0.36 0.614 1.452 0.01 1.902 0.02 1.263 0.001 0.018 0.011
1792.8 1.0 1.0 1.0 1.546 0.559 0.36 0.614 1.452 0.01 1.902 0.02 1.263 0.001 0.018 0.011
1792.9 1.0 1.0 1.0 1.546 0.559 0.36 0.614 1.452 0.01 1.902 0.02 1.263 0.001 0.018 0.011
1793.0 1.0 1.0 1.0 1.546 0.559 0.36 0.614 1.452 0.01 1.902 0.02 1.263 0.001 0.018 0.011
1793.1 1.0 1.0 1.0 1.546 0.559 0.36 0.614 1.452 0.01 1.902 0.02 1.263 0.001 0.018 0.011
1793.2 1.0 1.0 1.0 1.546 0.559 0.36 0.614 1.452 0.01 1.902 0.02 1.263 0.001 0.018 0.011
1793.3 1.0 1.0 1.0 1.546 0.559 0.36 0.614 1.452 0.01 1.902 0.02 1.263 0.001 0.018 0.011
1793.4 1.0 1.0 1.0 1.546 0.559 0.36 0.614 1.452 0.01 1.902 0.02 1.263 0.001 0.018 0.011
1793.5 1.0 1.0 1.0 1.546 0.559 0.36 0.614 1.452 0.01 1.902 0.02 1.263 0.001 0.018 0.011
1793.6 1.0 1.0 1.0 1.546 0.559 0.36 0.614 1.452 0.01 1.902 0.02 1.263 0.001 0.018 0.011
1793.7 1.0 1.0 1.0 1.546 0.559 0.36 0.614 1.452 0.01 1.902 0.02 1.263 0.001 0.018 0.011
1793.8 1.0 1.0 1.0 1.546 0.559 0.36 0.614 1.452 0.01 1.902 0.02 1.263 0.001 0.018 0.011
1793.9 1.0 1.0 1.0 1.546 0.559 0.36 0.614 1.452 0.01 1.902 0.02 1.263 0.001 0.018 0.011
1794.0 1.0 1.0 1.0 1.546 0.559 0.36 0.614 1.452 0.01 1.902 0.02 1.263 0.001 0.018 0.011
1794.1 1.0 1.0 1.0 1.546 0.559 0.36 0.614 1.452 0.01 1.902 0.02 1.263 0.001 0.018 0.011
1794.2 1.0 1.0 1.0 1.546 0.559 0.36 0.614 1.452 0.01 1.902 0.02 1.263 0.001 0.018 0.011
1794.3 1.0 1.0 1.0 1.546 0.559 0.36 0.614 1.452 0.01 1.902 0.02 1.263 0.001 0.018 0.011
1794.4 1.0 1.0 1.0 1.546 0.559 0.36 0.614 1.452 0.01 1.902 0.02 1.263 0.001 0.018 0.011
1794.5 1.0 1.0 1.0 1.546 0.559 0.36 0.614 1.452 0.01 1.902 0.02 1.263 0.001 0.018 0.011
1794.6 1.0 1.0 1.0 1.546 0.559 0.36 0.614 1.452 0.01 1.902 0.02 1.263 0.001 0.018 0.011
1794.7 1.0 1.0 1.0 1.546 0.559 0.36 0.614 1.452 0.01 1.902 0.02 1.263 0.001 0.018 0.011
1794.8 1.0 1.0 1.0 1.546 0.559 0.36 0.614 1.452 0.01 1.902 0.02 1.263 0.001 0.018 0.011
1794.9 1.0 1.0 1.0 1.546 0.559 0.36 0.614 1.452 0.01 1.902 0.02 1.263 0.001 0.018 0.011
1795.0 1.0 1.0 1.0 1.546 0.559 0.36 0.614 1.452 0.01 1.902 0.02 1.263 0.001 0.018 0.011
1795.1 1.0 1.0 1.0 1.546 0.559 0.36 0.614 1.452 0.01 1.902 0.02 1.263 0.001 0.018 0.011
1795.2 1.0 1.0 1.0 1.546 0.559 0.36 0.614 1.452 0.01 1.902 0.02 1.263 0.001 0.018 0.011
1795.3 1.0 1.0 1.0 1.546 0.559 0.36 0.614 1.452 0.01 1.902 0.02 1.263 0.001 0.018 0.011
1795.4 1.0 1.0 1.0 1.546 0.559 0.36 0.614 1.452 0.01 1.902 0.02 1.263 0.001 0.018 0.011
1795.5 1.0 1.0 1.0 1.546 0.559 0.36 0.614 1.452 0.01 1.902 0.02 1.263 0.001 0.018 0.011
1795.6 1.0 1.0 1.0 1.546 0.559 0.36 0.614 1.452 0.01 1.902 0.02 1.263 0.001 0.018 0.011
1795.7 1.0 1.0 1.0 1.546 0.559 0.36 0.614 1.452 0.01 1.902 0.02 1.263 0.001 0.018 0.011
1795.8 1.0 1.0 1.0 1.546 0.559 0.36 0.614 1.452 0.01 1.902 0.02 1.263 0.001 0.018 0.011
1795.9 1.0 1.0 1.0 1.546 0.559 0.36 0.614 1.452 0.01 1.902 0.02 1.263 0.001 0.018 0.011
1796.0 1.0 1.0 1.0 1.546 0.559 0.36 0.614 1.452 0.01 1.902 0.02 1.263 0.001 0.018 0.011
1796.1 1.0 1.0 1.0 1.546 0.559 0.36 0.614 1.452 0.01 1.902 0.02 1.263 0.001 0.018 0.011
1796.2 1.0 1.0 1.0 1.546 0.559 0.36 0.614 1.452 0.01 1.902 0.02 1.263 0.001 0.018 0.011
1796.3 1.0 1.0 1.0 1.546 0.559 0.36 0.614 1.452 0.01 1.902 0.02 1.263 0.001 0.018 0.011
1796.4 1.0 1.0 1.0 1.546 0.559 0.36 0.614 1.452 0.01 1.902 0.02 1.263 0.001 0.018 0.011
1796.5 1.0 1.0 1.0 1.546 0.559 0.36 0.614 1.452 0.01 1.902 0.02 1.263 0.001 0.018 0.011
1796.6 1.0 1.0 1.0 1.546 0.559 0.36 0.614 1.452 0.01 1.902 0.02 1.263 0.001 0.018 0.011
1796.7 1.0 1.0 1.0 1.546 0.559 0.36 0.614 1.452 0.01 1.902 0.02 1.263 0.001 0.018 0.011
1796.8 1.0 1.0 1.0 1.546 0.559 0.36 0.614 1.452 0.01 1.902 0.02 1.263 0.001 0.018 0.011
1796.9 1.0 1.0 1.0 1.546 0.559 0.36 0.614 1.452 0.01 1.902 0.02 1.263 0.001 0.018 0.011
1797.0 1.0 1.0 1.0 1.546 0.559 0.36 0.614 1.452 0.01 1.902 0.02 1.263 0.001 0.018 0.011
1797.1 1.0 1.0 1.0 1.546 0.559 0.36 0.614 1.452 0.01 1.902 0.02 1.263 0.001 0.018 0.011
1797.2 1.0 1.0 1.0 1.546 0.559 0.36 0.614 1.452 0.01 1.902 0.02 1.263 0.001 0.018 0.011
1797.3 1.0 1.0 1.0 1.546 0.559 0.36 0.614 1.452 0.01 1.902 0.02 1.263 0.001 0.018 0.011
1797.4 1.0 1.0 1.0 1.546 0.559 0.36 0.614 1.452 0.01 1.902 0.02 1.263 0.001 0.018 0.011
1797.5 1.0 1.0 1.0 1.546 0.559 0.36 0.614 1.452 0.01 1.902 0.02 1.263 0.001 0.018 0.011
1797.6 1.0 1.0 1.0 1.546 0.559 0.36 0.614 1.452 0.01 1.902 0.02 1.263 0.001 0.018 0.011
1797.7 1.0 1.0 1.0 1.546 0.559 0.36 0.614 1.452 0.01 1.902 0.02 1.263 0.001 0.018 0.011
1797.8 1.0 1.0 1.0 1.546 0.559 0.36 0.614 1.452 0.01 1.902 0.02 1.263 0.001 0.018 0.011
1797.9 1.0 1.0 1.0 1.546 0.559 0.36 0.614 1.452 0.01 1.902 0.02 1.263 0.001 0.018 0.011
1798.0 1.0 1.0 1.0 1.546 0.559 0.36 0.614 1.452 0.01 1.902 0.02 1.263 0.001 0.018 0.011
1798.1 1.0 1.0 1.0 1.546 0.559 0.36 0.614 1.452 0.01 1.902 0.02 1.263 0.001 0.018 0.011
1798.2 1.0 1.0 1.0 1.546 0.559 0.36 0.614 1.452 0.01 1.902 0.02 1.263 0.001 0.018 0.011
1798.3 1.0 1.0 1.0 1.546 0.559 0.36 0.614 1.452 0.01 1.902 0.02 1.263 0.001 0.018 0.011
1798.4 1.0 1.0 1.0 1.546 0.559 0.36 0.614 1.452 0.01 1.902 0.02 1.263 0.001 0.018 0.011
1798.5 1.0 1.0 1.0 1.546 0.559 0.36 0.614 1.452 0.01 1.902 0.02 1.263 0.001 0.018 0.011
1798.6 1.0 1.0 1.0 1.546 0.559 0.36 0.614 1.452 0.01 1.902 0.02 1.263 0.001 0.018 0.011
1798.7 1.0 1.0 1.0 1.546 0.559 0.36 0.614 1.452 0.01 1.902 0.02 1.263 0.001 0.018 0.011
1798.8 1.0 1.0 1.0 1.546 0.559 0.36 0.614 1.452 0.01 1.902 0.02 1.263 0.001 0.018 0.011
1798.9 1.0 1.0 1.0 1.546 0.559 0.36 0.614 1.452 0.01 1.902 0.02 1.263 0.001 0.018 0.011
1799.0 1.0 1.0 1.0 1.546 0.559 0.36 0.614 1.452 0.01 1.902 0.02 1.263 0.001 0.018 0.011
1799.1 1.0 1.0 1.0 1.546 0.559 0.36 0.614 1.452 0.01 1.902 0.02 1.263 0.001 0.018 0.011
1799.2 1.0 1.0 1.0 1.546 0.559 0.36 0.614 1.452 0.01 1.902 0.02 1.263 0.001 0.018 0.011
1799.3 1.0 1.0 1.0 1.546 0.559 0.36 0.614 1.452 0.01 1.902 0.02 1.263 0.001 0.018 0.011
1799.4 1.0 1.0 1.0 1.546 0.559 0.36 0.614 1.452 0.01 1.902 0.02 1.263 0.001 0.018 0.011
1799.5 1.0 1.0 1.0 1.546 0.559 0.36 0.614 1.452 0.01 1.902 0.02 1.263 0.001 0.018 0.011
1799.6 1.0 1.0 1.0 1.546 0.559 0.36 0.614 1.452 0.01 1.902 0.02 1.263 0.001 0.018 0.011
1799.7 1.0 1.0 1.0 1.546 0.559 0.36 0.614 1.452 0.01 1.902 0.02 1.263 0.001 0.018 0.011
1799.8 1.0 1.0 1.0 1.546 0.559 0.36 0.614 1.452 0.01 1.902 0.02 1.263 0.001 0.018 0.011
