800.0 1.0 1.0 1.0 1.482 0.545 0.346 0.009 0.012 0.009
800.1 1.0 1.0 1.0 1.482 0.545 0.346 0.009 0.013 0.009
800.2 1.0 1.0 1.0 1.482 0.545 0.346 0.009 0.013 0.008
800.3 1.0 1.0 1.0 1.482 0.545 0.346 0.008 0.014 0.008
800.4 1.0 1.0 1.0 1.482 0.545 0.346 0.008 0.014 0.008
800.5 1.0 1.0 1.0 1.482 0.545 0.346 0.008 0.015 0.007
800.6 1.0 1.0 1.0 1.482 0.545 0.346 0.008 0.015 0.007
800.7 1.0 1.0 1.0 1.482 0.545 0.346 0.008 0.015 0.007
800.8 1.0 1.0 1.0 1.482 0.545 0.346 0.008 0.015 0.007
800.9 1.0 1.0 1.0 1.482 0.545 0.347 0.008 0.015 0.007
801.0 1.0 1.0 1.0 1.482 0.545 0.347 0.008 0.016 0.007
801.1 1.0 1.0 1.0 1.482 0.545 0.347 0.008 0.016 0.007
801.2 1.0 1.0 1.0 1.482 0.545 0.347 0.008 0.016 0.006
801.3 1.0 1.0 1.0 1.482 0.545 0.347 0.008 0.016 0.006
801.4 1.0 1.0 1.0 1.482 0.545 0.347 0.008 0.016 0.006
801.5 1.0 1.0 1.0 1.482 0.545 0.347 0.008 0.016 0.006
801.6 1.0 1.0 1.0 1.482 0.545 0.347 0.008 0.016 0.006
801.7 1.0 1.0 1.0 1.482 0.545 0.347 0.008 0.016 0.006
801.8 1.0 1.0 1.0 1.482 0.545 0.347 0.008 0.016 0.006
801.9 1.0 1.0 1.0 1.482 0.545 0.347 0.008 0.016 0.006
802.0 1.0 1.0 1.0 1.482 0.545 0.347 0.008 0.016 0.006
802.1 1.0 1.0 1.0 1.483 0.545 0.347 0.008 0.016 0.006
802.2 1.0 1.0 1.0 1.483 0.545 0.347 0.008 0.016 0.006
802.3 1.0 1.0 1.0 1.483 0.545 0.347 0.008 0.016 0.006
802.4 1.0 1.0 1.0 1.483 0.546 0.347 0.008 0.016 0.006
802.5 1.0 1.0 1.0 1.483 0.546 0.347 0.008 0.016 0.006
802.6 1.0 1.0 1.0 1.483 0.546 0.347 0.008 0.016 0.006
802.7 1.0 1.0 1.0 1.483 0.546 0.347 0.008 0.016 0.006
802.8 1.0 1.0 1.0 1.483 0.546 0.347 0.008 0.016 0.006
802.9 1.0 1.0 1.0 1.483 0.546 0.347 0.008 0.016 0.006
803.0 1.0 1.0 1.0 1.483 0.546 0.347 0.009 0.016 0.006
803.1 1.0 1.0 1.0 1.483 0.546 0.347 0.009 0.016 0.006
803.2 1.0 1.0 1.0 1.483 0.546 0.347 0.009 0.016 0.006
803.3 1.0 1.0 1.0 1.483 0.546 0.347 0.009 0.016 0.006
803.4 1.0 1.0 1.0 1.483 0.546 0.347 0.009 0.016 0.006
803.5 1.0 1.0 1.0 1.483 0.546 0.347 0.009 0.016 0.006
803.6 1.0 1.0 1.0 1.483 0.546 0.347 0.009 0.016 0.006
803.7 1.0 1.0 1.0 1.483 0.546 0.347 0.009 0.016 0.006
803.8 1.0 1.0 1.0 1.483 0.546 0.347 0.009 0.016 0.006
803.9 1.0 1.0 1.0 1.483 0.546 0.347 0.009 0.016 0.006
804.0 1.0 1.0 1.0 1.484 0.546 0.347 0.009 0.016 0.006
804.1 1.0 1.0 1.0 1.484 0.546 0.347 0.009 0.016 0.006
804.2 1.0 1.0 1.0 1.484 0.546 0.347 0.009 0.016 0.006
804.3 1.0 1.0 1.0 1.484 0.546 0.347 0.009 0.016 0.006
804.4 1.0 1.0 1.0 1.484 0.546 0.347 0.009 0.016 0.006
804.5 1.0 1.0 1.0 1.484 0.546 0.347 0.009 0.016 0.006
804.6 1.0 1.0 1.0 1.484 0.546 0.347 0.009 0.016 0.006
804.7 1.0 1.0 1.0 1.484 0.546 0.347 0.009 0.016 0.006
804.8 1.0 1.0 1.0 1.484 0.546 0.347 0.009 0.016 0.006
804.9 1.0 1.0 1.0 1.484 0.546 0.347 0.009 0.016 0.006
805.0 1.0 1.0 1.0 1.484 0.546 0.347 0.009 0.016 0.006
805.1 1.0 1.0 1.0 1.484 0.546 0.347 0.009 0.016 0.006
805.2 1.0 1.0 1.0 1.484 0.546 0.347 0.009 0.016 0.006
805.3 1.0 1.0 1.0 1.484 0.546 0.347 0.009 0.016 0.006
805.4 1.0 1.0 1.0 1.484 0.546 0.347 0.009 0.016 0.006
805.5 1.0 1.0 1.0 1.484 0.546 0.347 0.009 0.016 0.006
805.6 1.0 1.0 1.0 1.484 0.546 0.347 0.009 0.016 0.006
805.7 1.0 1.0 1.0 1.484 0.546 0.347 0.009 0.016 0.006
805.8 1.0 1.0 1.0 1.484 0.546 0.347 0.009 0.016 0.006
805.9 1.0 1.0 1.0 1.484 0.546 0.347 0.009 0.016 0.006
806.0 1.0 1.0 1.0 1.484 0.546 0.347 0.009 0.016 0.006
806.1 1.0 1.0 1.0 1.484 0.546 0.347 0.009 0.016 0.006
806.2 1.0 1.0 1.0 1.484 0.546 0.347 0.009 0.016 0.006
806.3 1.0 1.0 1.0 1.485 0.546 0.347 0.009 0.016 0.006
806.4 1.0 1.0 1.0 1.485 0.546 0.347 0.009 0.016 0.006
806.5 1.0 1.0 1.0 1.485 0.546 0.347 0.009 0.016 0.006
806.6 1.0 1.0 1.0 1.485 0.546 0.347 0.009 0.016 0.006
806.7 1.0 1.0 1.0 1.485 0.546 0.347 0.009 0.016 0.006
806.8 1.0 1.0 1.0 1.485 0.546 0.347 0.009 0.016 0.006
806.9 1.0 1.0 1.0 1.485 0.546 0.347 0.009 0.016 0.006
807.0 1.0 1.0 1.0 1.485 0.546 0.347 0.009 0.016 0.006
807.1 1.0 1.0 1.0 1.485 0.546 0.347 0.009 0.016 0.006
807.2 1.0 1.0 1.0 1.485 0.546 0.347 0.009 0.016 0.006
807.3 1.0 1.0 1.0 1.485 0.546 0.347 0.009 0.016 0.006
807.4 1.0 1.0 1.0 1.485 0.546 0.347 0.009 0.016 0.006
807.5 1.0 1.0 1.0 1.485 0.546 0.347 0.009 0.016 0.006
807.6 1.0 1.0 1.0 1.485 0.546 0.347 0.009 0.016 0.006
807.7 1.0 1.0 1.0 1.485 0.546 0.347 0.009 0.016 0.006
807.8 1.0 1.0 1.0 1.485 0.546 0.347 0.009 0.016 0.006
807.9 1.0 1.0 1.0 1.485 0.546 0.347 0.009 0.016 0.006
808.0 1.0 1.0 1.0 1.485 0.546 0.347 0.009 0.016 0.006
808.1 1.0 1.0 1.0 1.485 0.546 0.347 0.009 0.016 0.006
808.2 1.0 1.0 1.0 1.485 0.546 0.347 0.009 0.016 0.006
808.3 1.0 1.0 1.0 1.485 0.546 0.347 0.009 0.016 0.006
808.4 1.0 1.0 1.0 1.485 0.546 0.347 0.009 0.016 0.006
808.5 1.0 1.0 1.0 1.485 0.546 0.347 0.009 0.016 0.006
808.6 1.0 1.0 1.0 1.485 0.546 0.347 0.009 0.016 0.006
808.7 1.0 1.0 1.0 1.485 0.546 0.347 0.009 0.016 0.006
808.8 1.0 1.0 1.0 1.485 0.546 0.347 0.009 0.016 0.006
808.9 1.0 1.0 1.0 1.485 0.546 0.347 0.009 0.016 0.006
809.0 1.0 1.0 1.0 1.486 0.546 0.347 0.009 0.016 0.006
809.1 1.0 1.0 1.0 1.486 0.546 0.347 0.009 0.016 0.006
809.2 1.0 1.0 1.0 1.486 0.546 0.347 0.009 0.016 0.006
809.3 1.0 1.0 1.0 1.486 0.546 0.347 0.009 0.016 0.006
809.4 1.0 1.0 1.0 1.486 0.546 0.347 0.009 0.016 0.006
809.5 1.0 1.0 1.0 1.486 0.546 0.347 0.009 0.016 0.006
809.6 1.0 1.0 1.0 1.486 0.546 0.347 0.009 0.016 0.006
809.7 1.0 1.0 1.0 1.486 0.546 0.347 0.009 0.016 0.006
809.8 1.0 1.0 1.0 1.486 0.546 0.347 0.009 0.016 0.006
809.9 1.0 1.0 1.0 1.486 0.546 0.347 0.009 0.016 0.006
810.0 1.0 1.0 1.0 1.486 0.546 0.347 0.009 0.016 0.006
810.1 1.0 1.0 1.0 1.486 0.546 0.347 0.009 0.016 0.006
810.2 1.0 1.0 1.0 1.486 0.546 0.347 0.009 0.016 0.006
810.3 1.0 1.0 1.0 1.486 0.546 0.347 0.009 0.016 0.006
810.4 1.0 1.0 1.0 1.486 0.546 0.347 0.009 0.016 0.006
810.5 1.0 1.0 1.0 1.486 0.546 0.347 0.009 0.016 0.006
810.6 1.0 1.0 1.0 1.486 0.546 0.347 0.009 0.016 0.006
810.7 1.0 1.0 1.0 1.486 0.546 0.347 0.009 0.016 0.006
810.8 1.0 1.0 1.0 1.486 0.546 0.347 0.009 0.016 0.006
810.9 1.0 1.0 1.0 1.486 0.546 0.347 0.009 0.016 0.006
811.0 1.0 1.0 1.0 1.486 0.546 0.347 0.009 0.016 0.006
811.1 1.0 1.0 1.0 1.486 0.546 0.347 0.009 0.016 0.006
811.2 1.0 1.0 1.0 1.486 0.546 0.347 0.009 0.016 0.006
811.3 1.0 1.0 1.0 1.486 0.546 0.347 0.009 0.016 0.006
811.4 1.0 1.0 1.0 1.486 0.546 0.347 0.009 0.016 0.006
811.5 1.0 1.0 1.0 1.486 0.546 0.347 0.009 0.016 0.006
811.6 1.0 1.0 1.0 1.486 0.546 0.347 0.009 0.016 0.006
811.7 1.0 1.0 1.0 1.486 0.546 0.347 0.009 0.016 0.006
811.8 1.0 1.0 1.0 1.486 0.546 0.347 0.009 0.016 0.006
811.9 1.0 1.0 1.0 1.486 0.546 0.347 0.009 0.016 0.006
812.0 1.0 1.0 1.0 1.486 0.546 0.347 0.009 0.016 0.006
812.1 1.0 1.0 1.0 1.486 0.546 0.347 0.009 0.016 0.006
812.2 1.0 1.0 1.0 1.486 0.546 0.347 0.009 0.016 0.006
812.3 1.0 1.0 1.0 1.487 0.546 0.347 0.009 0.016 0.006
812.4 1.0 1.0 1.0 1.487 0.546 0.347 0.009 0.016 0.006
812.5 1.0 1.0 1.0 1.487 0.546 0.347 0.009 0.016 0.006
812.6 1.0 1.0 1.0 1.487 0.546 0.347 0.009 0.016 0.006
812.7 1.0 1.0 1.0 1.487 0.546 0.347 0.009 0.016 0.006
812.8 1.0 1.0 1.0 1.487 0.546 0.347 0.009 0.016 0.006
812.9 1.0 1.0 1.0 1.487 0.546 0.347 0.009 0.016 0.006
813.0 1.0 1.0 1.0 1.487 0.546 0.347 0.009 0.016 0.006
813.1 1.0 1.0 1.0 1.487 0.546 0.347 0.009 0.016 0.006
813.2 1.0 1.0 1.0 1.487 0.546 0.347 0.009 0.016 0.006
813.3 1.0 1.0 1.0 1.487 0.546 0.347 0.009 0.016 0.006
813.4 1.0 1.0 1.0 1.487 0.546 0.347 0.009 0.016 0.006
813.5 1.0 1.0 1.0 1.487 0.546 0.347 0.009 0.016 0.006
813.6 1.0 1.0 1.0 1.487 0.546 0.347 0.009 0.016 0.006
813.7 1.0 1.0 1.0 1.487 0.546 0.347 0.009 0.016 0.006
813.8 1.0 1.0 1.0 1.487 0.546 0.347 0.009 0.016 0.006
813.9 1.0 1.0 1.0 1.487 0.546 0.347 0.009 0.016 0.006
814.0 1.0 1.0 1.0 1.487 0.546 0.347 0.009 0.016 0.006
814.1 1.0 1.0 1.0 1.487 0.546 0.347 0.009 0.016 0.006
814.2 1.0 1.0 1.0 1.487 0.546 0.347 0.009 0.016 0.006
814.3 1.0 1.0 1.0 1.487 0.546 0.347 0.009 0.016 0.006
814.4 1.0 1.0 1.0 1.487 0.546 0.347 0.009 0.016 0.006
814.5 1.0 1.0 1.0 1.487 0.546 0.347 0.009 0.016 0.006
814.6 1.0 1.0 1.0 1.487 0.546 0.347 0.009 0.016 0.006
814.7 1.0 1.0 1.0 1.487 0.546 0.347 0.009 0.016 0.006
814.8 1.0 1.0 1.0 1.487 0.546 0.347 0.009 0.016 0.006
814.9 1.0 1.0 1.0 1.487 0.546 0.347 0.009 0.016 0.006
815.0 1.0 1.0 1.0 1.487 0.546 0.347 0.009 0.016 0.006
815.1 1.0 1.0 1.0 1.487 0.546 0.347 0.009 0.016 0.006
815.2 1.0 1.0 1.0 1.487 0.546 0.347 0.009 0.016 0.006
815.3 1.0 1.0 1.0 1.487 0.546 0.347 0.009 0.016 0.006
815.4 1.0 1.0 1.0 1.487 0.546 0.347 0.009 0.016 0.006
815.5 1.0 1.0 1.0 1.487 0.546 0.347 0.009 0.016 0.006
815.6 1.0 1.0 1.0 1.487 0.546 0.347 0.009 0.016 0.006
815.7 1.0 1.0 1.0 1.487 0.546 0.347 0.009 0.016 0.006
815.8 1.0 1.0 1.0 1.487 0.546 0.347 0.009 0.016 0.006
815.9 1.0 1.0 1.0 1.487 0.546 0.347 0.009 0.016 0.006
816.0 1.0 1.0 1.0 1.487 0.546 0.347 0.009 0.016 0.006
816.1 1.0 1.0 1.0 1.487 0.546 0.347 0.009 0.016 0.006
816.2 1.0 1.0 1.0 1.487 0.546 0.347 0.009 0.016 0.006
816.3 1.0 1.0 1.0 1.487 0.546 0.347 0.009 0.016 0.006
816.4 1.0 1.0 1.0 1.487 0.546 0.347 0.009 0.016 0.006
816.5 1.0 1.0 1.0 1.487 0.546 0.347 0.009 0.016 0.006
816.6 1.0 1.0 1.0 1.488 0.546 0.347 0.009 0.016 0.006
816.7 1.0 1.0 1.0 1.488 0.546 0.347 0.009 0.016 0.006
816.8 1.0 1.0 1.0 1.488 0.546 0.347 0.009 0.016 0.006
816.9 1.0 1.0 1.0 1.488 0.546 0.347 0.009 0.016 0.006
817.0 1.0 1.0 1.0 1.488 0.546 0.347 0.009 0.016 0.006
817.1 1.0 1.0 1.0 1.488 0.546 0.347 0.009 0.016 0.006
817.2 1.0 1.0 1.0 1.488 0.546 0.347 0.009 0.016 0.006
817.3 1.0 1.0 1.0 1.488 0.546 0.347 0.009 0.016 0.006
817.4 1.0 1.0 1.0 1.488 0.546 0.347 0.009 0.016 0.006
817.5 1.0 1.0 1.0 1.488 0.546 0.347 0.009 0.016 0.006
817.6 1.0 1.0 1.0 1.488 0.547 0.347 0.009 0.016 0.006
817.7 1.0 1.0 1.0 1.488 0.547 0.347 0.009 0.016 0.006
817.8 1.0 1.0 1.0 1.488 0.547 0.347 0.009 0.016 0.006
817.9 1.0 1.0 1.0 1.488 0.547 0.347 0.009 0.016 0.006
818.0 1.0 1.0 1.0 1.488 0.547 0.347 0.009 0.016 0.006
818.1 1.0 1.0 1.0 1.488 0.547 0.347 0.009 0.016 0.006
818.2 1.0 1.0 1.0 1.488 0.547 0.347 0.009 0.016 0.006
818.3 1.0 1.0 1.0 1.488 0.547 0.347 0.009 0.016 0.006
818.4 1.0 1.0 1.0 1.488 0.547 0.347 0.009 0.016 0.006
818.5 1.0 1.0 1.0 1.488 0.547 0.347 0.009 0.016 0.006
818.6 1.0 1.0 1.0 1.488 0.547 0.347 0.009 0.016 0.006
818.7 1.0 1.0 1.0 1.488 0.547 0.347 0.009 0.016 0.006
818.8 1.0 1.0 1.0 1.488 0.547 0.347 0.009 0.016 0.006
818.9 1.0 1.0 1.0 1.488 0.547 0.347 0.009 0.016 0.006
819.0 1.0 1.0 1.0 1.488 0.547 0.347 0.009 0.016 0.006
819.1 1.0 1.0 1.0 1.488 0.547 0.347 0.009 0.016 0.006
819.2 1.0 1.0 1.0 1.488 0.547 0.347 0.009 0.016 0.006
819.3 1.0 1.0 1.0 1.488 0.547 0.347 0.009 0.016 0.006
819.4 1.0 1.0 1.0 1.488 0.547 0.347 0.009 0.016 0.006
819.5 1.0 1.0 1.0 1.488 0.547 0.347 0.009 0.016 0.006
819.6 1.0 1.0 1.0 1.488 0.547 0.347 0.009 0.016 0.006
819.7 1.0 1.0 1.0 1.488 0.547 0.348 0.009 0.016 0.006
819.8 1.0 1.0 1.0 1.488 0.547 0.348 0.009 0.016 0.006
819.9 1.0 1.0 1.0 1.488 0.547 0.348 0.009 0.016 0.006
820.0 1.0 1.0 1.0 1.488 0.547 0.348 0.009 0.016 0.006
820.1 1.0 1.0 1.0 1.488 0.547 0.348 0.009 0.016 0.006
820.2 1.0 1.0 1.0 1.488 0.547 0.348 0.009 0.016 0.006
820.3 1.0 1.0 1.0 1.488 0.547 0.348 0.009 0.016 0.006
820.4 1.0 1.0 1.0 1.488 0.547 0.348 0.009 0.016 0.006
820.5 1.0 1.0 1.0 1.488 0.547 0.348 0.009 0.016 0.006
820.6 1.0 1.0 1.0 1.488 0.547 0.348 0.009 0.016 0.006
820.7 1.0 1.0 1.0 1.488 0.547 0.348 0.009 0.016 0.006
820.8 1.0 1.0 1.0 1.488 0.547 0.348 0.009 0.016 0.006
820.9 1.0 1.0 1.0 1.488 0.547 0.348 0.009 0.016 0.006
821.0 1.0 1.0 1.0 1.488 0.547 0.348 0.009 0.016 0.006
821.1 1.0 1.0 1.0 1.488 0.547 0.348 0.009 0.016 0.006
821.2 1.0 1.0 1.0 1.488 0.547 0.348 0.009 0.016 0.006
821.3 1.0 1.0 1.0 1.488 0.547 0.348 0.009 0.016 0.006
821.4 1.0 1.0 1.0 1.488 0.547 0.348 0.009 0.016 0.006
821.5 1.0 1.0 1.0 1.488 0.547 0.348 0.009 0.016 0.006
821.6 1.0 1.0 1.0 1.488 0.547 0.348 0.009 0.016 0.006
821.7 1.0 1.0 1.0 1.488 0.547 0.348 0.009 0.016 0.006
821.8 1.0 1.0 1.0 1.488 0.547 0.348 0.009 0.016 0.006
821.9 1.0 1.0 1.0 1.488 0.547 0.348 0.009 0.016 0.006
822.0 1.0 1.0 1.0 1.488 0.547 0.348 0.009 0.016 0.006
822.1 1.0 1.0 1.0 1.488 0.547 0.348 0.009 0.016 0.006
822.2 1.0 1.0 1.0 1.488 0.547 0.348 0.009 0.016 0.006
822.3 1.0 1.0 1.0 1.488 0.547 0.348 0.009 0.016 0.006
822.4 1.0 1.0 1.0 1.488 0.547 0.348 0.009 0.016 0.006
822.5 1.0 1.0 1.0 1.488 0.547 0.348 0.009 0.016 0.006
822.6 1.0 1.0 1.0 1.488 0.547 0.348 0.009 0.016 0.006
822.7 1.0 1.0 1.0 1.489 0.547 0.348 0.009 0.016 0.006
822.8 1.0 1.0 1.0 1.489 0.547 0.348 0.009 0.016 0.006
822.9 1.0 1.0 1.0 1.489 0.547 0.348 0.009 0.016 0.006
823.0 1.0 1.0 1.0 1.489 0.547 0.348 0.009 0.016 0.006
823.1 1.0 1.0 1.0 1.489 0.547 0.348 0.009 0.016 0.006
823.2 1.0 1.0 1.0 1.489 0.547 0.348 0.009 0.016 0.006
823.3 1.0 1.0 1.0 1.489 0.547 0.348 0.009 0.016 0.006
823.4 1.0 1.0 1.0 1.489 0.547 0.348 0.009 0.016 0.006
823.5 1.0 1.0 1.0 1.489 0.547 0.348 0.009 0.016 0.006
823.6 1.0 1.0 1.0 1.489 0.547 0.348 0.009 0.016 0.006
823.7 1.0 1.0 1.0 1.489 0.547 0.348 0.009 0.016 0.006
823.8 1.0 1.0 1.0 1.489 0.547 0.348 0.009 0.016 0.006
823.9 1.0 1.0 1.0 1.489 0.547 0.348 0.009 0.016 0.006
824.0 1.0 1.0 1.0 1.489 0.547 0.348 0.009 0.016 0.006
824.1 1.0 1.0 1.0 1.489 0.547 0.348 0.009 0.016 0.006
824.2 1.0 1.0 1.0 1.489 0.547 0.348 0.009 0.016 0.006
824.3 1.0 1.0 1.0 1.489 0.547 0.348 0.009 0.016 0.006
824.4 1.0 1.0 1.0 1.489 0.547 0.348 0.009 0.016 0.006
824.5 1.0 1.0 1.0 1.489 0.547 0.348 0.009 0.016 0.006
824.6 1.0 1.0 1.0 1.489 0.547 0.348 0.009 0.016 0.006
824.7 1.0 1.0 1.0 1.489 0.547 0.348 0.009 0.016 0.006
824.8 1.0 1.0 1.0 1.489 0.547 0.348 0.009 0.016 0.006
824.9 1.0 1.0 1.0 1.489 0.547 0.348 0.009 0.016 0.006
825.0 1.0 1.0 1.0 1.489 0.547 0.348 0.009 0.016 0.006
825.1 1.0 1.0 1.0 1.489 0.547 0.348 0.009 0.016 0.006
825.2 1.0 1.0 1.0 1.489 0.547 0.348 0.009 0.016 0.006
825.3 1.0 1.0 1.0 1.489 0.547 0.348 0.009 0.016 0.006
825.4 1.0 1.0 1.0 1.489 0.547 0.348 0.009 0.016 0.006
825.5 1.0 1.0 1.0 1.489 0.547 0.348 0.009 0.016 0.006
825.6 1.0 1.0 1.0 1.489 0.547 0.348 0.009 0.016 0.006
825.7 1.0 1.0 1.0 1.489 0.547 0.348 0.009 0.016 0.006
825.8 1.0 1.0 1.0 1.489 0.547 0.348 0.009 0.016 0.006
825.9 1.0 1.0 1.0 1.489 0.547 0.348 0.009 0.016 0.006
826.0 1.0 1.0 1.0 1.489 0.547 0.348 0.009 0.016 0.006
826.1 1.0 1.0 1.0 1.489 0.547 0.348 0.009 0.016 0.006
826.2 1.0 1.0 1.0 1.489 0.547 0.348 0.009 0.016 0.006
826.3 1.0 1.0 1.0 1.489 0.547 0.348 0.009 0.016 0.006
826.4 1.0 1.0 1.0 1.489 0.547 0.348 0.009 0.016 0.006
826.5 1.0 1.0 1.0 1.489 0.547 0.348 0.009 0.016 0.006
826.6 1.0 1.0 1.0 1.489 0.547 0.348 0.009 0.016 0.006
826.7 1.0 1.0 1.0 1.489 0.547 0.348 0.009 0.016 0.006
826.8 1.0 1.0 1.0 1.489 0.547 0.348 0.009 0.016 0.006
826.9 1.0 1.0 1.0 1.489 0.547 0.348 0.009 0.016 0.006
827.0 1.0 1.0 1.0 1.489 0.547 0.348 0.009 0.016 0.006
827.1 1.0 1.0 1.0 1.489 0.547 0.348 0.009 0.016 0.006
827.2 1.0 1.0 1.0 1.489 0.547 0.348 0.009 0.016 0.006
827.3 1.0 1.0 1.0 1.489 0.547 0.348 0.009 0.016 0.006
827.4 1.0 1.0 1.0 1.489 0.547 0.348 0.009 0.016 0.006
827.5 1.0 1.0 1.0 1.489 0.547 0.348 0.009 0.016 0.006
827.6 1.0 1.0 1.0 1.489 0.547 0.348 0.009 0.016 0.006
827.7 1.0 1.0 1.0 1.489 0.547 0.348 0.009 0.016 0.006
827.8 1.0 1.0 1.0 1.489 0.547 0.348 0.009 0.016 0.006
827.9 1.0 1.0 1.0 1.489 0.547 0.348 0.009 0.016 0.006
828.0 1.0 1.0 1.0 1.489 0.547 0.348 0.009 0.016 0.006
828.1 1.0 1.0 1.0 1.489 0.547 0.348 0.009 0.016 0.006
828.2 1.0 1.0 1.0 1.489 0.547 0.348 0.009 0.016 0.006
828.3 1.0 1.0 1.0 1.489 0.547 0.348 0.009 0.016 0.006
828.4 1.0 1.0 1.0 1.489 0.547 0.348 0.009 0.016 0.006
828.5 1.0 1.0 1.0 1.489 0.547 0.348 0.009 0.016 0.006
828.6 1.0 1.0 1.0 1.489 0.547 0.348 0.009 0.016 0.006
828.7 1.0 1.0 1.0 1.489 0.547 0.348 0.009 0.016 0.006
828.8 1.0 1.0 1.0 1.489 0.547 0.348 0.009 0.016 0.006
828.9 1.0 1.0 1.0 1.489 0.547 0.348 0.009 0.016 0.006
829.0 1.0 1.0 1.0 1.489 0.547 0.348 0.009 0.016 0.006
829.1 1.0 1.0 1.0 1.489 0.547 0.348 0.009 0.016 0.006
829.2 1.0 1.0 1.0 1.489 0.547 0.348 0.009 0.016 0.006
829.3 1.0 1.0 1.0 1.489 0.547 0.348 0.009 0.016 0.006
829.4 1.0 1.0 1.0 1.489 0.547 0.348 0.009 0.016 0.006
829.5 1.0 1.0 1.0 1.489 0.547 0.348 0.009 0.016 0.006
829.6 1.0 1.0 1.0 1.489 0.547 0.348 0.009 0.016 0.006
829.7 1.0 1.0 1.0 1.489 0.547 0.348 0.009 0.016 0.006
829.8 1.0 1.0 1.0 1.489 0.547 0.348 0.009 0.016 0.006
829.9 1.0 1.0 1.0 1.489 0.547 0.348 0.009 0.016 0.006
830.0 1.0 1.0 1.0 1.489 0.547 0.348 0.009 0.016 0.006
830.1 1.0 1.0 1.0 1.489 0.547 0.348 0.009 0.016 0.006
830.2 1.0 1.0 1.0 1.489 0.547 0.348 0.009 0.016 0.006
830.3 1.0 1.0 1.0 1.489 0.547 0.348 0.009 0.016 0.006
830.4 1.0 1.0 1.0 1.489 0.547 0.348 0.009 0.016 0.006
830.5 1.0 1.0 1.0 1.489 0.547 0.348 0.009 0.016 0.006
830.6 1.0 1.0 1.0 1.489 0.547 0.348 0.009 0.016 0.006
830.7 1.0 1.0 1.0 1.489 0.547 0.348 0.009 0.016 0.006
830.8 1.0 1.0 1.0 1.489 0.547 0.348 0.009 0.016 0.006
830.9 1.0 1.0 1.0 1.489 0.547 0.348 0.009 0.016 0.006
831.0 1.0 1.0 1.0 1.489 0.547 0.348 0.009 0.016 0.006
831.1 1.0 1.0 1.0 1.489 0.547 0.348 0.009 0.016 0.006
831.2 1.0 1.0 1.0 1.489 0.547 0.348 0.009 0.016 0.006
831.3 1.0 1.0 1.0 1.489 0.547 0.348 0.009 0.016 0.006
831.4 1.0 1.0 1.0 1.489 0.547 0.348 0.009 0.016 0.006
831.5 1.0 1.0 1.0 1.489 0.547 0.348 0.009 0.016 0.006
831.6 1.0 1.0 1.0 1.489 0.547 0.348 0.009 0.016 0.006
831.7 1.0 1.0 1.0 1.489 0.547 0.348 0.009 0.016 0.006
831.8 1.0 1.0 1.0 1.489 0.547 0.348 0.009 0.016 0.006
831.9 1.0 1.0 1.0 1.489 0.547 0.348 0.009 0.016 0.006
832.0 1.0 1.0 1.0 1.489 0.547 0.348 0.009 0.016 0.006
832.1 1.0 1.0 1.0 1.489 0.547 0.348 0.009 0.016 0.006
832.2 1.0 1.0 1.0 1.489 0.547 0.348 0.009 0.016 0.006
832.3 1.0 1.0 1.0 1.489 0.547 0.348 0.009 0.016 0.006
832.4 1.0 1.0 1.0 1.489 0.547 0.348 0.009 0.016 0.006
832.5 1.0 1.0 1.0 1.489 0.547 0.348 0.009 0.016 0.006
832.6 1.0 1.0 1.0 1.489 0.547 0.348 0.009 0.016 0.006
832.7 1.0 1.0 1.0 1.489 0.547 0.348 0.009 0.016 0.006
832.8 1.0 1.0 1.0 1.489 0.547 0.348 0.009 0.016 0.006
832.9 1.0 1.0 1.0 1.489 0.547 0.348 0.009 0.016 0.006
833.0 1.0 1.0 1.0 1.489 0.547 0.348 0.009 0.016 0.006
833.1 1.0 1.0 1.0 1.489 0.547 0.348 0.009 0.016 0.006
833.2 1.0 1.0 1.0 1.489 0.547 0.348 0.009 0.016 0.006
833.3 1.0 1.0 1.0 1.489 0.547 0.348 0.009 0.016 0.006
833.4 1.0 1.0 1.0 1.489 0.547 0.348 0.009 0.016 0.006
833.5 1.0 1.0 1.0 1.489 0.547 0.348 0.009 0.016 0.006
833.6 1.0 1.0 1.0 1.49 0.547 0.348 0.009 0.016 0.006
833.7 1.0 1.0 1.0 1.49 0.547 0.348 0.009 0.016 0.006
833.8 1.0 1.0 1.0 1.49 0.547 0.348 0.009 0.016 0.006
833.9 1.0 1.0 1.0 1.49 0.547 0.348 0.009 0.016 0.006
834.0 1.0 1.0 1.0 1.49 0.547 0.348 0.009 0.016 0.006
834.1 1.0 1.0 1.0 1.49 0.547 0.348 0.009 0.016 0.006
834.2 1.0 1.0 1.0 1.49 0.547 0.348 0.009 0.016 0.006
834.3 1.0 1.0 1.0 1.49 0.547 0.348 0.009 0.016 0.006
834.4 1.0 1.0 1.0 1.49 0.547 0.348 0.009 0.016 0.006
834.5 1.0 1.0 1.0 1.49 0.547 0.348 0.009 0.016 0.006
834.6 1.0 1.0 1.0 1.49 0.547 0.348 0.009 0.016 0.006
834.7 1.0 1.0 1.0 1.49 0.547 0.348 0.009 0.016 0.006
834.8 1.0 1.0 1.0 1.49 0.547 0.348 0.009 0.016 0.006
834.9 1.0 1.0 1.0 1.49 0.547 0.348 0.009 0.016 0.006
835.0 1.0 1.0 1.0 1.49 0.547 0.348 0.009 0.016 0.006
835.1 1.0 1.0 1.0 1.49 0.547 0.348 0.009 0.016 0.006
835.2 1.0 1.0 1.0 1.49 0.547 0.348 0.009 0.016 0.006
835.3 1.0 1.0 1.0 1.49 0.547 0.348 0.009 0.016 0.006
835.4 1.0 1.0 1.0 1.49 0.547 0.348 0.009 0.016 0.006
835.5 1.0 1.0 1.0 1.49 0.547 0.348 0.009 0.016 0.006
835.6 1.0 1.0 1.0 1.49 0.547 0.348 0.009 0.016 0.006
835.7 1.0 1.0 1.0 1.49 0.547 0.348 0.009 0.016 0.006
835.8 1.0 1.0 1.0 1.49 0.547 0.348 0.009 0.016 0.006
835.9 1.0 1.0 1.0 1.49 0.547 0.348 0.009 0.016 0.006
836.0 1.0 1.0 1.0 1.49 0.547 0.348 0.009 0.016 0.006
836.1 1.0 1.0 1.0 1.49 0.547 0.348 0.009 0.016 0.006
836.2 1.0 1.0 1.0 1.49 0.547 0.348 0.009 0.016 0.006
836.3 1.0 1.0 1.0 1.49 0.547 0.348 0.009 0.016 0.006
836.4 1.0 1.0 1.0 1.49 0.547 0.348 0.009 0.016 0.006
836.5 1.0 1.0 1.0 1.49 0.547 0.348 0.009 0.016 0.006
836.6 1.0 1.0 1.0 1.49 0.547 0.348 0.009 0.016 0.006
836.7 1.0 1.0 1.0 1.49 0.547 0.348 0.009 0.016 0.006
836.8 1.0 1.0 1.0 1.49 0.547 0.348 0.009 0.016 0.006
836.9 1.0 1.0 1.0 1.49 0.547 0.348 0.009 0.016 0.006
837.0 1.0 1.0 1.0 1.49 0.547 0.348 0.009 0.016 0.006
837.1 1.0 1.0 1.0 1.49 0.547 0.348 0.009 0.016 0.006
837.2 1.0 1.0 1.0 1.49 0.547 0.348 0.009 0.016 0.006
837.3 1.0 1.0 1.0 1.49 0.547 0.348 0.009 0.016 0.006
837.4 1.0 1.0 1.0 1.49 0.547 0.348 0.009 0.016 0.006
837.5 1.0 1.0 1.0 1.49 0.547 0.348 0.009 0.016 0.006
837.6 1.0 1.0 1.0 1.49 0.547 0.348 0.009 0.016 0.006
837.7 1.0 1.0 1.0 1.49 0.547 0.348 0.009 0.016 0.006
837.8 1.0 1.0 1.0 1.49 0.547 0.348 0.009 0.016 0.006
837.9 1.0 1.0 1.0 1.49 0.547 0.348 0.009 0.016 0.006
838.0 1.0 1.0 1.0 1.49 0.547 0.348 0.009 0.016 0.006
838.1 1.0 1.0 1.0 1.49 0.547 0.348 0.009 0.016 0.006
838.2 1.0 1.0 1.0 1.49 0.547 0.348 0.009 0.016 0.006
838.3 1.0 1.0 1.0 1.49 0.547 0.348 0.009 0.016 0.006
838.4 1.0 1.0 1.0 1.49 0.547 0.348 0.009 0.016 0.006
838.5 1.0 1.0 1.0 1.49 0.547 0.348 0.009 0.016 0.006
838.6 1.0 1.0 1.0 1.49 0.547 0.348 0.009 0.016 0.006
838.7 1.0 1.0 1.0 1.49 0.547 0.348 0.009 0.016 0.006
838.8 1.0 1.0 1.0 1.49 0.547 0.348 0.009 0.016 0.006
838.9 1.0 1.0 1.0 1.49 0.547 0.348 0.009 0.016 0.006
839.0 1.0 1.0 1.0 1.49 0.547 0.348 0.009 0.016 0.006
839.1 1.0 1.0 1.0 1.49 0.547 0.348 0.009 0.016 0.006
839.2 1.0 1.0 1.0 1.49 0.547 0.348 0.009 0.016 0.006
839.3 1.0 1.0 1.0 1.49 0.547 0.348 0.009 0.016 0.006
839.4 1.0 1.0 1.0 1.49 0.547 0.348 0.009 0.016 0.006
839.5 1.0 1.0 1.0 1.49 0.547 0.348 0.009 0.016 0.006
839.6 1.0 1.0 1.0 1.49 0.547 0.348 0.009 0.016 0.006
839.7 1.0 1.0 1.0 1.49 0.547 0.348 0.009 0.016 0.006
839.8 1.0 1.0 1.0 1.49 0.547 0.348 0.009 0.016 0.006
839.9 1.0 1.0 1.0 1.49 0.547 0.348 0.009 0.016 0.006
840.0 1.0 1.0 1.0 1.49 0.547 0.348 0.009 0.016 0.006
840.1 1.0 1.0 1.0 1.49 0.547 0.348 0.009 0.016 0.006
840.2 1.0 1.0 1.0 1.49 0.547 0.348 0.009 0.016 0.006
840.3 1.0 1.0 1.0 1.49 0.547 0.348 0.009 0.016 0.006
840.4 1.0 1.0 1.0 1.49 0.547 0.348 0.009 0.016 0.006
840.5 1.0 1.0 1.0 1.49 0.547 0.348 0.009 0.016 0.006
840.6 1.0 1.0 1.0 1.49 0.547 0.348 0.009 0.016 0.006
840.7 1.0 1.0 1.0 1.49 0.547 0.348 0.009 0.016 0.006
840.8 1.0 1.0 1.0 1.49 0.547 0.348 0.009 0.016 0.006
840.9 1.0 1.0 1.0 1.49 0.547 0.348 0.009 0.016 0.006
841.0 1.0 1.0 1.0 1.49 0.547 0.348 0.009 0.016 0.006
841.1 1.0 1.0 1.0 1.49 0.547 0.348 0.009 0.016 0.006
841.2 1.0 1.0 1.0 1.49 0.547 0.348 0.009 0.016 0.006
841.3 1.0 1.0 1.0 1.49 0.547 0.348 0.009 0.016 0.006
841.4 1.0 1.0 1.0 1.49 0.547 0.348 0.009 0.016 0.006
841.5 1.0 1.0 1.0 1.49 0.547 0.348 0.009 0.016 0.006
841.6 1.0 1.0 1.0 1.49 0.547 0.348 0.009 0.016 0.006
841.7 1.0 1.0 1.0 1.49 0.547 0.348 0.009 0.016 0.006
841.8 1.0 1.0 1.0 1.49 0.547 0.348 0.009 0.016 0.006
841.9 1.0 1.0 1.0 1.49 0.547 0.348 0.009 0.016 0.006
842.0 1.0 1.0 1.0 1.49 0.547 0.348 0.009 0.016 0.006
842.1 1.0 1.0 1.0 1.49 0.547 0.348 0.009 0.016 0.006
842.2 1.0 1.0 1.0 1.49 0.547 0.348 0.009 0.016 0.006
842.3 1.0 1.0 1.0 1.49 0.547 0.348 0.009 0.016 0.006
842.4 1.0 1.0 1.0 1.49 0.547 0.348 0.009 0.016 0.006
842.5 1.0 1.0 1.0 1.49 0.547 0.348 0.009 0.016 0.006
842.6 1.0 1.0 1.0 1.49 0.547 0.348 0.009 0.016 0.006
842.7 1.0 1.0 1.0 1.49 0.547 0.348 0.009 0.016 0.006
842.8 1.0 1.0 1.0 1.49 0.547 0.348 0.009 0.016 0.006
842.9 1.0 1.0 1.0 1.49 0.547 0.348 0.009 0.016 0.006
843.0 1.0 1.0 1.0 1.49 0.547 0.348 0.009 0.016 0.006
843.1 1.0 1.0 1.0 1.49 0.547 0.348 0.009 0.016 0.006
843.2 1.0 1.0 1.0 1.49 0.547 0.348 0.009 0.016 0.006
843.3 1.0 1.0 1.0 1.49 0.547 0.348 0.009 0.016 0.006
843.4 1.0 1.0 1.0 1.49 0.547 0.348 0.009 0.016 0.006
843.5 1.0 1.0 1.0 1.49 0.547 0.348 0.009 0.016 0.006
843.6 1.0 1.0 1.0 1.49 0.547 0.348 0.009 0.016 0.006
843.7 1.0 1.0 1.0 1.49 0.547 0.348 0.009 0.016 0.006
843.8 1.0 1.0 1.0 1.49 0.547 0.348 0.009 0.016 0.006
843.9 1.0 1.0 1.0 1.49 0.547 0.348 0.009 0.016 0.006
844.0 1.0 1.0 1.0 1.49 0.547 0.348 0.009 0.016 0.006
844.1 1.0 1.0 1.0 1.49 0.547 0.348 0.009 0.016 0.006
844.2 1.0 1.0 1.0 1.49 0.547 0.348 0.009 0.016 0.006
844.3 1.0 1.0 1.0 1.49 0.547 0.348 0.009 0.016 0.006
844.4 1.0 1.0 1.0 1.49 0.547 0.348 0.009 0.016 0.006
844.5 1.0 1.0 1.0 1.49 0.547 0.348 0.009 0.016 0.006
844.6 1.0 1.0 1.0 1.49 0.547 0.348 0.009 0.016 0.006
844.7 1.0 1.0 1.0 1.49 0.547 0.348 0.009 0.016 0.006
844.8 1.0 1.0 1.0 1.49 0.547 0.348 0.009 0.016 0.006
844.9 1.0 1.0 1.0 1.49 0.547 0.348 0.009 0.016 0.006
845.0 1.0 1.0 1.0 1.49 0.547 0.348 0.009 0.016 0.006
845.1 1.0 1.0 1.0 1.49 0.547 0.348 0.009 0.016 0.006
845.2 1.0 1.0 1.0 1.49 0.547 0.348 0.009 0.016 0.006
845.3 1.0 1.0 1.0 1.49 0.547 0.348 0.009 0.016 0.006
845.4 1.0 1.0 1.0 1.49 0.547 0.348 0.009 0.016 0.006
845.5 1.0 1.0 1.0 1.49 0.547 0.348 0.009 0.016 0.006
845.6 1.0 1.0 1.0 1.49 0.547 0.348 0.009 0.016 0.006
845.7 1.0 1.0 1.0 1.49 0.547 0.348 0.009 0.016 0.006
845.8 1.0 1.0 1.0 1.49 0.547 0.348 0.009 0.016 0.006
845.9 1.0 1.0 1.0 1.49 0.547 0.348 0.009 0.016 0.006
846.0 1.0 1.0 1.0 1.49 0.547 0.348 0.009 0.016 0.006
846.1 1.0 1.0 1.0 1.49 0.547 0.348 0.009 0.016 0.006
846.2 1.0 1.0 1.0 1.49 0.547 0.348 0.009 0.016 0.006
846.3 1.0 1.0 1.0 1.49 0.547 0.348 0.009 0.016 0.006
846.4 1.0 1.0 1.0 1.49 0.547 0.348 0.009 0.016 0.006
846.5 1.0 1.0 1.0 1.49 0.547 0.348 0.009 0.016 0.006
846.6 1.0 1.0 1.0 1.49 0.547 0.348 0.009 0.016 0.006
846.7 1.0 1.0 1.0 1.49 0.547 0.348 0.009 0.016 0.006
846.8 1.0 1.0 1.0 1.49 0.547 0.348 0.009 0.016 0.006
846.9 1.0 1.0 1.0 1.49 0.547 0.348 0.009 0.016 0.006
847.0 1.0 1.0 1.0 1.49 0.547 0.348 0.009 0.016 0.006
847.1 1.0 1.0 1.0 1.49 0.547 0.348 0.009 0.016 0.006
847.2 1.0 1.0 1.0 1.49 0.547 0.348 0.009 0.016 0.006
847.3 1.0 1.0 1.0 1.49 0.547 0.348 0.009 0.016 0.006
847.4 1.0 1.0 1.0 1.49 0.547 0.348 0.009 0.016 0.006
847.5 1.0 1.0 1.0 1.49 0.547 0.348 0.009 0.016 0.006
847.6 1.0 1.0 1.0 1.49 0.547 0.348 0.009 0.016 0.006
847.7 1.0 1.0 1.0 1.49 0.547 0.348 0.009 0.016 0.006
847.8 1.0 1.0 1.0 1.49 0.547 0.348 0.009 0.016 0.006
847.9 1.0 1.0 1.0 1.49 0.547 0.348 0.009 0.016 0.006
848.0 1.0 1.0 1.0 1.49 0.547 0.348 0.009 0.016 0.006
848.1 1.0 1.0 1.0 1.49 0.547 0.348 0.009 0.016 0.006
848.2 1.0 1.0 1.0 1.49 0.547 0.348 0.009 0.016 0.006
848.3 1.0 1.0 1.0 1.49 0.547 0.348 0.009 0.016 0.006
848.4 1.0 1.0 1.0 1.49 0.547 0.348 0.009 0.016 0.006
848.5 1.0 1.0 1.0 1.49 0.547 0.348 0.009 0.016 0.006
848.6 1.0 1.0 1.0 1.49 0.547 0.348 0.009 0.016 0.006
848.7 1.0 1.0 1.0 1.49 0.547 0.348 0.009 0.016 0.006
848.8 1.0 1.0 1.0 1.49 0.547 0.348 0.009 0.016 0.006
848.9 1.0 1.0 1.0 1.49 0.547 0.348 0.009 0.016 0.006
849.0 1.0 1.0 1.0 1.49 0.547 0.348 0.009 0.016 0.006
849.1 1.0 1.0 1.0 1.49 0.547 0.348 0.009 0.016 0.006
849.2 1.0 1.0 1.0 1.49 0.547 0.348 0.009 0.016 0.006
849.3 1.0 1.0 1.0 1.49 0.547 0.348 0.009 0.016 0.006
849.4 1.0 1.0 1.0 1.49 0.547 0.348 0.009 0.016 0.006
849.5 1.0 1.0 1.0 1.49 0.547 0.348 0.009 0.016 0.006
849.6 1.0 1.0 1.0 1.49 0.547 0.348 0.009 0.016 0.006
849.7 1.0 1.0 1.0 1.49 0.547 0.348 0.009 0.016 0.006
849.8 1.0 1.0 1.0 1.49 0.547 0.348 0.009 0.016 0.006
849.9 1.0 1.0 1.0 1.49 0.547 0.348 0.009 0.016 0.006
850.0 1.0 1.0 1.0 1.49 0.547 0.348 0.009 0.016 0.006
850.1 1.0 1.0 1.0 1.49 0.547 0.348 0.009 0.016 0.006
850.2 1.0 1.0 1.0 1.49 0.547 0.348 0.009 0.016 0.006
850.3 1.0 1.0 1.0 1.49 0.547 0.348 0.009 0.016 0.006
850.4 1.0 1.0 1.0 1.49 0.547 0.348 0.009 0.016 0.006
850.5 1.0 1.0 1.0 1.49 0.547 0.348 0.009 0.016 0.006
850.6 1.0 1.0 1.0 1.49 0.547 0.348 0.009 0.016 0.006
850.7 1.0 1.0 1.0 1.49 0.547 0.348 0.009 0.016 0.006
850.8 1.0 1.0 1.0 1.49 0.547 0.348 0.009 0.016 0.006
850.9 1.0 1.0 1.0 1.49 0.547 0.348 0.009 0.016 0.006
851.0 1.0 1.0 1.0 1.49 0.547 0.348 0.009 0.016 0.006
851.1 1.0 1.0 1.0 1.49 0.547 0.348 0.009 0.016 0.006
851.2 1.0 1.0 1.0 1.49 0.547 0.348 0.009 0.016 0.006
851.3 1.0 1.0 1.0 1.49 0.547 0.348 0.009 0.016 0.006
851.4 1.0 1.0 1.0 1.49 0.547 0.348 0.009 0.016 0.006
851.5 1.0 1.0 1.0 1.49 0.547 0.348 0.009 0.016 0.006
851.6 1.0 1.0 1.0 1.49 0.547 0.348 0.009 0.016 0.006
851.7 1.0 1.0 1.0 1.49 0.547 0.348 0.009 0.016 0.006
851.8 1.0 1.0 1.0 1.49 0.547 0.348 0.009 0.016 0.006
851.9 1.0 1.0 1.0 1.49 0.547 0.348 0.009 0.016 0.006
852.0 1.0 1.0 1.0 1.49 0.547 0.348 0.009 0.016 0.006
852.1 1.0 1.0 1.0 1.49 0.547 0.348 0.009 0.016 0.006
852.2 1.0 1.0 1.0 1.49 0.547 0.348 0.009 0.016 0.006
852.3 1.0 1.0 1.0 1.49 0.547 0.348 0.009 0.016 0.006
852.4 1.0 1.0 1.0 1.49 0.547 0.348 0.009 0.016 0.006
852.5 1.0 1.0 1.0 1.49 0.547 0.348 0.009 0.016 0.006
852.6 1.0 1.0 1.0 1.49 0.547 0.348 0.009 0.016 0.006
852.7 1.0 1.0 1.0 1.49 0.547 0.348 0.009 0.016 0.006
852.8 1.0 1.0 1.0 1.49 0.547 0.348 0.009 0.016 0.006
852.9 1.0 1.0 1.0 1.49 0.547 0.348 0.009 0.016 0.006
853.0 1.0 1.0 1.0 1.49 0.547 0.348 0.009 0.016 0.006
853.1 1.0 1.0 1.0 1.49 0.547 0.348 0.009 0.016 0.006
853.2 1.0 1.0 1.0 1.49 0.547 0.348 0.009 0.016 0.006
853.3 1.0 1.0 1.0 1.49 0.547 0.348 0.009 0.016 0.006
853.4 1.0 1.0 1.0 1.49 0.547 0.348 0.009 0.016 0.006
853.5 1.0 1.0 1.0 1.49 0.547 0.348 0.009 0.016 0.006
853.6 1.0 1.0 1.0 1.49 0.547 0.348 0.009 0.016 0.006
853.7 1.0 1.0 1.0 1.49 0.547 0.348 0.009 0.016 0.006
853.8 1.0 1.0 1.0 1.49 0.547 0.348 0.009 0.016 0.006
853.9 1.0 1.0 1.0 1.49 0.547 0.348 0.009 0.016 0.006
854.0 1.0 1.0 1.0 1.49 0.547 0.348 0.009 0.016 0.006
854.1 1.0 1.0 1.0 1.49 0.547 0.348 0.009 0.016 0.006
854.2 1.0 1.0 1.0 1.49 0.547 0.348 0.009 0.016 0.006
854.3 1.0 1.0 1.0 1.49 0.547 0.348 0.009 0.016 0.006
854.4 1.0 1.0 1.0 1.49 0.547 0.348 0.009 0.016 0.006
854.5 1.0 1.0 1.0 1.49 0.547 0.348 0.009 0.016 0.006
854.6 1.0 1.0 1.0 1.49 0.547 0.348 0.009 0.016 0.006
854.7 1.0 1.0 1.0 1.49 0.547 0.348 0.009 0.016 0.006
854.8 1.0 1.0 1.0 1.49 0.547 0.348 0.009 0.016 0.006
854.9 1.0 1.0 1.0 1.49 0.547 0.348 0.009 0.016 0.006
855.0 1.0 1.0 1.0 1.49 0.547 0.348 0.009 0.016 0.006
855.1 1.0 1.0 1.0 1.49 0.547 0.348 0.009 0.016 0.006
855.2 1.0 1.0 1.0 1.49 0.547 0.348 0.009 0.016 0.006
855.3 1.0 1.0 1.0 1.49 0.547 0.348 0.009 0.016 0.006
855.4 1.0 1.0 1.0 1.49 0.547 0.348 0.009 0.016 0.006
855.5 1.0 1.0 1.0 1.49 0.547 0.348 0.009 0.016 0.006
855.6 1.0 1.0 1.0 1.49 0.547 0.348 0.009 0.016 0.006
855.7 1.0 1.0 1.0 1.49 0.547 0.348 0.009 0.016 0.006
855.8 1.0 1.0 1.0 1.49 0.547 0.348 0.009 0.016 0.006
855.9 1.0 1.0 1.0 1.49 0.547 0.348 0.009 0.016 0.006
856.0 1.0 1.0 1.0 1.49 0.547 0.348 0.009 0.016 0.006
856.1 1.0 1.0 1.0 1.49 0.547 0.348 0.009 0.016 0.006
856.2 1.0 1.0 1.0 1.49 0.547 0.348 0.009 0.016 0.006
856.3 1.0 1.0 1.0 1.49 0.547 0.348 0.009 0.016 0.006
856.4 1.0 1.0 1.0 1.49 0.547 0.348 0.009 0.016 0.006
856.5 1.0 1.0 1.0 1.49 0.547 0.348 0.009 0.016 0.006
856.6 1.0 1.0 1.0 1.49 0.547 0.348 0.009 0.016 0.006
856.7 1.0 1.0 1.0 1.49 0.547 0.348 0.009 0.016 0.006
856.8 1.0 1.0 1.0 1.49 0.547 0.348 0.009 0.016 0.006
856.9 1.0 1.0 1.0 1.49 0.547 0.348 0.009 0.016 0.006
857.0 1.0 1.0 1.0 1.49 0.547 0.348 0.009 0.016 0.006
857.1 1.0 1.0 1.0 1.49 0.547 0.348 0.009 0.016 0.006
857.2 1.0 1.0 1.0 1.49 0.547 0.348 0.009 0.016 0.006
857.3 1.0 1.0 1.0 1.49 0.547 0.348 0.009 0.016 0.006
857.4 1.0 1.0 1.0 1.49 0.547 0.348 0.009 0.016 0.006
857.5 1.0 1.0 1.0 1.49 0.547 0.348 0.009 0.016 0.006
857.6 1.0 1.0 1.0 1.49 0.547 0.348 0.009 0.016 0.006
857.7 1.0 1.0 1.0 1.49 0.547 0.348 0.009 0.016 0.006
857.8 1.0 1.0 1.0 1.49 0.547 0.348 0.009 0.016 0.006
857.9 1.0 1.0 1.0 1.49 0.547 0.348 0.009 0.016 0.006
858.0 1.0 1.0 1.0 1.49 0.547 0.348 0.009 0.016 0.006
858.1 1.0 1.0 1.0 1.49 0.547 0.348 0.009 0.016 0.006
858.2 1.0 1.0 1.0 1.49 0.547 0.348 0.009 0.016 0.006
858.3 1.0 1.0 1.0 1.49 0.547 0.348 0.009 0.016 0.006
858.4 1.0 1.0 1.0 1.49 0.547 0.348 0.009 0.016 0.006
858.5 1.0 1.0 1.0 1.49 0.547 0.348 0.009 0.016 0.006
858.6 1.0 1.0 1.0 1.49 0.547 0.348 0.009 0.016 0.006
858.7 1.0 1.0 1.0 1.49 0.547 0.348 0.009 0.016 0.006
858.8 1.0 1.0 1.0 1.49 0.547 0.348 0.009 0.016 0.006
858.9 1.0 1.0 1.0 1.49 0.547 0.348 0.009 0.016 0.006
859.0 1.0 1.0 1.0 1.49 0.547 0.348 0.009 0.016 0.006
859.1 1.0 1.0 1.0 1.49 0.547 0.348 0.009 0.016 0.006
859.2 1.0 1.0 1.0 1.49 0.547 0.348 0.009 0.016 0.006
859.3 1.0 1.0 1.0 1.49 0.547 0.348 0.009 0.016 0.006
859.4 1.0 1.0 1.0 1.49 0.547 0.348 0.009 0.016 0.006
859.5 1.0 1.0 1.0 1.49 0.547 0.348 0.009 0.016 0.006
859.6 1.0 1.0 1.0 1.49 0.547 0.348 0.009 0.016 0.006
859.7 1.0 1.0 1.0 1.49 0.547 0.348 0.009 0.016 0.006
859.8 1.0 1.0 1.0 1.49 0.547 0.348 0.009 0.016 0.006
859.9 1.0 1.0 1.0 1.49 0.547 0.348 0.009 0.016 0.006
860.0 1.0 1.0 1.0 1.49 0.547 0.348 0.009 0.016 0.006
860.1 1.0 1.0 1.0 1.49 0.547 0.348 0.009 0.016 0.006
860.2 1.0 1.0 1.0 1.49 0.547 0.348 0.009 0.016 0.006
860.3 1.0 1.0 1.0 1.49 0.547 0.348 0.009 0.016 0.006
860.4 1.0 1.0 1.0 1.49 0.547 0.348 0.009 0.016 0.006
860.5 1.0 1.0 1.0 1.49 0.547 0.348 0.009 0.016 0.006
860.6 1.0 1.0 1.0 1.49 0.547 0.348 0.009 0.016 0.006
860.7 1.0 1.0 1.0 1.49 0.547 0.348 0.009 0.016 0.006
860.8 1.0 1.0 1.0 1.49 0.547 0.348 0.009 0.016 0.006
860.9 1.0 1.0 1.0 1.49 0.547 0.348 0.009 0.016 0.006
861.0 1.0 1.0 1.0 1.49 0.547 0.348 0.009 0.016 0.006
861.1 1.0 1.0 1.0 1.49 0.547 0.348 0.009 0.016 0.006
861.2 1.0 1.0 1.0 1.49 0.547 0.348 0.009 0.016 0.006
861.3 1.0 1.0 1.0 1.49 0.547 0.348 0.009 0.016 0.006
861.4 1.0 1.0 1.0 1.49 0.547 0.348 0.009 0.016 0.006
861.5 1.0 1.0 1.0 1.49 0.547 0.348 0.009 0.016 0.006
861.6 1.0 1.0 1.0 1.49 0.547 0.348 0.009 0.016 0.006
861.7 1.0 1.0 1.0 1.49 0.547 0.348 0.009 0.016 0.006
861.8 1.0 1.0 1.0 1.49 0.547 0.348 0.009 0.016 0.006
861.9 1.0 1.0 1.0 1.49 0.547 0.348 0.009 0.016 0.006
862.0 1.0 1.0 1.0 1.49 0.547 0.348 0.009 0.016 0.006
862.1 1.0 1.0 1.0 1.49 0.547 0.348 0.009 0.016 0.006
862.2 1.0 1.0 1.0 1.49 0.547 0.348 0.009 0.016 0.006
862.3 1.0 1.0 1.0 1.49 0.547 0.348 0.009 0.016 0.006
862.4 1.0 1.0 1.0 1.49 0.547 0.348 0.009 0.016 0.006
862.5 1.0 1.0 1.0 1.49 0.547 0.348 0.009 0.016 0.006
862.6 1.0 1.0 1.0 1.49 0.547 0.348 0.009 0.016 0.006
862.7 1.0 1.0 1.0 1.49 0.547 0.348 0.009 0.016 0.006
862.8 1.0 1.0 1.0 1.49 0.547 0.348 0.009 0.016 0.006
862.9 1.0 1.0 1.0 1.49 0.547 0.348 0.009 0.016 0.006
863.0 1.0 1.0 1.0 1.49 0.547 0.348 0.009 0.016 0.006
863.1 1.0 1.0 1.0 1.49 0.547 0.348 0.009 0.016 0.006
863.2 1.0 1.0 1.0 1.49 0.547 0.348 0.009 0.016 0.006
863.3 1.0 1.0 1.0 1.49 0.547 0.348 0.009 0.016 0.006
863.4 1.0 1.0 1.0 1.49 0.547 0.348 0.009 0.016 0.006
863.5 1.0 1.0 1.0 1.49 0.547 0.348 0.009 0.016 0.006
863.6 1.0 1.0 1.0 1.49 0.547 0.348 0.009 0.016 0.006
863.7 1.0 1.0 1.0 1.49 0.547 0.348 0.009 0.016 0.006
863.8 1.0 1.0 1.0 1.49 0.547 0.348 0.009 0.016 0.006
863.9 1.0 1.0 1.0 1.49 0.547 0.348 0.009 0.016 0.006
864.0 1.0 1.0 1.0 1.49 0.547 0.348 0.009 0.016 0.006
864.1 1.0 1.0 1.0 1.49 0.547 0.348 0.009 0.016 0.006
864.2 1.0 1.0 1.0 1.49 0.547 0.348 0.009 0.016 0.006
864.3 1.0 1.0 1.0 1.49 0.547 0.348 0.009 0.016 0.006
864.4 1.0 1.0 1.0 1.49 0.547 0.348 0.009 0.016 0.006
864.5 1.0 1.0 1.0 1.49 0.547 0.348 0.009 0.016 0.006
864.6 1.0 1.0 1.0 1.49 0.547 0.348 0.009 0.016 0.006
864.7 1.0 1.0 1.0 1.49 0.547 0.348 0.009 0.016 0.006
864.8 1.0 1.0 1.0 1.49 0.547 0.348 0.009 0.016 0.006
864.9 1.0 1.0 1.0 1.49 0.547 0.348 0.009 0.016 0.006
865.0 1.0 1.0 1.0 1.49 0.547 0.348 0.009 0.016 0.006
865.1 1.0 1.0 1.0 1.49 0.547 0.348 0.009 0.016 0.006
865.2 1.0 1.0 1.0 1.49 0.547 0.348 0.009 0.016 0.006
865.3 1.0 1.0 1.0 1.49 0.547 0.348 0.009 0.016 0.006
865.4 1.0 1.0 1.0 1.49 0.547 0.348 0.009 0.016 0.006
865.5 1.0 1.0 1.0 1.49 0.547 0.348 0.009 0.016 0.006
865.6 1.0 1.0 1.0 1.49 0.547 0.348 0.009 0.016 0.006
865.7 1.0 1.0 1.0 1.49 0.547 0.348 0.009 0.016 0.006
865.8 1.0 1.0 1.0 1.49 0.547 0.348 0.009 0.016 0.006
865.9 1.0 1.0 1.0 1.49 0.547 0.348 0.009 0.016 0.006
866.0 1.0 1.0 1.0 1.49 0.547 0.348 0.009 0.016 0.006
866.1 1.0 1.0 1.0 1.49 0.547 0.348 0.009 0.016 0.006
866.2 1.0 1.0 1.0 1.49 0.547 0.348 0.009 0.016 0.006
866.3 1.0 1.0 1.0 1.49 0.547 0.348 0.009 0.016 0.006
866.4 1.0 1.0 1.0 1.49 0.547 0.348 0.009 0.016 0.006
866.5 1.0 1.0 1.0 1.49 0.547 0.348 0.009 0.016 0.006
866.6 1.0 1.0 1.0 1.49 0.547 0.348 0.009 0.016 0.006
866.7 1.0 1.0 1.0 1.49 0.547 0.348 0.009 0.016 0.006
866.8 1.0 1.0 1.0 1.49 0.547 0.348 0.009 0.016 0.006
866.9 1.0 1.0 1.0 1.49 0.547 0.348 0.009 0.016 0.006
867.0 1.0 1.0 1.0 1.49 0.547 0.348 0.009 0.016 0.006
867.1 1.0 1.0 1.0 1.49 0.547 0.348 0.009 0.016 0.006
867.2 1.0 1.0 1.0 1.49 0.547 0.348 0.009 0.016 0.006
867.3 1.0 1.0 1.0 1.49 0.547 0.348 0.009 0.016 0.006
867.4 1.0 1.0 1.0 1.49 0.547 0.348 0.009 0.016 0.006
867.5 1.0 1.0 1.0 1.49 0.547 0.348 0.009 0.016 0.006
867.6 1.0 1.0 1.0 1.49 0.547 0.348 0.009 0.016 0.006
867.7 1.0 1.0 1.0 1.49 0.547 0.348 0.009 0.016 0.006
867.8 1.0 1.0 1.0 1.49 0.547 0.348 0.009 0.016 0.006
867.9 1.0 1.0 1.0 1.49 0.547 0.348 0.009 0.016 0.006
868.0 1.0 1.0 1.0 1.49 0.547 0.348 0.009 0.016 0.006
868.1 1.0 1.0 1.0 1.49 0.547 0.348 0.009 0.016 0.006
868.2 1.0 1.0 1.0 1.49 0.547 0.348 0.009 0.016 0.006
868.3 1.0 1.0 1.0 1.49 0.547 0.348 0.009 0.016 0.006
868.4 1.0 1.0 1.0 1.49 0.547 0.348 0.009 0.016 0.006
868.5 1.0 1.0 1.0 1.49 0.547 0.348 0.009 0.016 0.006
868.6 1.0 1.0 1.0 1.49 0.547 0.348 0.009 0.016 0.006
868.7 1.0 1.0 1.0 1.49 0.547 0.348 0.009 0.016 0.006
868.8 1.0 1.0 1.0 1.49 0.547 0.348 0.009 0.016 0.006
868.9 1.0 1.0 1.0 1.49 0.547 0.348 0.009 0.016 0.006
869.0 1.0 1.0 1.0 1.49 0.547 0.348 0.009 0.016 0.006
869.1 1.0 1.0 1.0 1.49 0.547 0.348 0.009 0.016 0.006
869.2 1.0 1.0 1.0 1.49 0.547 0.348 0.009 0.016 0.006
869.3 1.0 1.0 1.0 1.49 0.547 0.348 0.009 0.016 0.006
869.4 1.0 1.0 1.0 1.49 0.547 0.348 0.009 0.016 0.006
869.5 1.0 1.0 1.0 1.49 0.547 0.348 0.009 0.016 0.006
869.6 1.0 1.0 1.0 1.49 0.547 0.348 0.009 0.016 0.006
869.7 1.0 1.0 1.0 1.49 0.547 0.348 0.009 0.016 0.006
869.8 1.0 1.0 1.0 1.49 0.547 0.348 0.009 0.016 0.006
869.9 1.0 1.0 1.0 1.49 0.547 0.348 0.009 0.016 0.006
870.0 1.0 1.0 1.0 1.49 0.547 0.348 0.009 0.016 0.006
870.1 1.0 1.0 1.0 1.49 0.547 0.348 0.009 0.016 0.006
870.2 1.0 1.0 1.0 1.49 0.547 0.348 0.009 0.016 0.006
870.3 1.0 1.0 1.0 1.49 0.547 0.348 0.009 0.016 0.006
870.4 1.0 1.0 1.0 1.49 0.547 0.348 0.009 0.016 0.006
870.5 1.0 1.0 1.0 1.49 0.547 0.348 0.009 0.016 0.006
870.6 1.0 1.0 1.0 1.49 0.547 0.348 0.009 0.016 0.006
870.7 1.0 1.0 1.0 1.49 0.547 0.348 0.009 0.016 0.006
870.8 1.0 1.0 1.0 1.49 0.547 0.348 0.009 0.016 0.006
870.9 1.0 1.0 1.0 1.49 0.547 0.348 0.009 0.016 0.006
871.0 1.0 1.0 1.0 1.49 0.547 0.348 0.009 0.016 0.006
871.1 1.0 1.0 1.0 1.49 0.547 0.348 0.009 0.016 0.006
871.2 1.0 1.0 1.0 1.49 0.547 0.348 0.009 0.016 0.006
871.3 1.0 1.0 1.0 1.49 0.547 0.348 0.009 0.016 0.006
871.4 1.0 1.0 1.0 1.49 0.547 0.348 0.009 0.016 0.006
871.5 1.0 1.0 1.0 1.49 0.547 0.348 0.009 0.016 0.006
871.6 1.0 1.0 1.0 1.49 0.547 0.348 0.009 0.016 0.006
871.7 1.0 1.0 1.0 1.49 0.547 0.348 0.009 0.016 0.006
871.8 1.0 1.0 1.0 1.49 0.547 0.348 0.009 0.016 0.006
871.9 1.0 1.0 1.0 1.49 0.547 0.348 0.009 0.016 0.006
872.0 1.0 1.0 1.0 1.49 0.547 0.348 0.009 0.016 0.006
872.1 1.0 1.0 1.0 1.49 0.547 0.348 0.009 0.016 0.006
872.2 1.0 1.0 1.0 1.49 0.547 0.348 0.009 0.016 0.006
872.3 1.0 1.0 1.0 1.49 0.547 0.348 0.009 0.016 0.006
872.4 1.0 1.0 1.0 1.49 0.547 0.348 0.009 0.016 0.006
872.5 1.0 1.0 1.0 1.49 0.547 0.348 0.009 0.016 0.006
872.6 1.0 1.0 1.0 1.49 0.547 0.348 0.009 0.016 0.006
872.7 1.0 1.0 1.0 1.49 0.547 0.348 0.009 0.016 0.006
872.8 1.0 1.0 1.0 1.49 0.547 0.348 0.009 0.016 0.006
872.9 1.0 1.0 1.0 1.49 0.547 0.348 0.009 0.016 0.006
873.0 1.0 1.0 1.0 1.49 0.547 0.348 0.009 0.016 0.006
873.1 1.0 1.0 1.0 1.49 0.547 0.348 0.009 0.016 0.006
873.2 1.0 1.0 1.0 1.49 0.547 0.348 0.009 0.016 0.006
873.3 1.0 1.0 1.0 1.49 0.547 0.348 0.009 0.016 0.006
873.4 1.0 1.0 1.0 1.49 0.547 0.348 0.009 0.016 0.006
873.5 1.0 1.0 1.0 1.49 0.547 0.348 0.009 0.016 0.006
873.6 1.0 1.0 1.0 1.49 0.547 0.348 0.009 0.016 0.006
873.7 1.0 1.0 1.0 1.49 0.547 0.348 0.009 0.016 0.006
873.8 1.0 1.0 1.0 1.49 0.547 0.348 0.009 0.016 0.006
873.9 1.0 1.0 1.0 1.49 0.547 0.348 0.009 0.016 0.006
874.0 1.0 1.0 1.0 1.49 0.547 0.348 0.009 0.016 0.006
874.1 1.0 1.0 1.0 1.49 0.547 0.348 0.009 0.016 0.006
874.2 1.0 1.0 1.0 1.49 0.547 0.348 0.009 0.016 0.006
874.3 1.0 1.0 1.0 1.49 0.547 0.348 0.009 0.016 0.006
874.4 1.0 1.0 1.0 1.49 0.547 0.348 0.009 0.016 0.006
874.5 1.0 1.0 1.0 1.49 0.547 0.348 0.009 0.016 0.006
874.6 1.0 1.0 1.0 1.49 0.547 0.348 0.009 0.016 0.006
874.7 1.0 1.0 1.0 1.49 0.547 0.348 0.009 0.016 0.006
874.8 1.0 1.0 1.0 1.49 0.547 0.348 0.009 0.016 0.006
874.9 1.0 1.0 1.0 1.49 0.547 0.348 0.009 0.016 0.006
875.0 1.0 1.0 1.0 1.49 0.547 0.348 0.009 0.016 0.006
875.1 1.0 1.0 1.0 1.49 0.547 0.348 0.009 0.016 0.006
875.2 1.0 1.0 1.0 1.49 0.547 0.348 0.009 0.016 0.006
875.3 1.0 1.0 1.0 1.49 0.547 0.348 0.009 0.016 0.006
875.4 1.0 1.0 1.0 1.49 0.547 0.348 0.009 0.016 0.006
875.5 1.0 1.0 1.0 1.49 0.547 0.348 0.009 0.016 0.006
875.6 1.0 1.0 1.0 1.49 0.547 0.348 0.009 0.016 0.006
875.7 1.0 1.0 1.0 1.49 0.547 0.348 0.009 0.016 0.006
875.8 1.0 1.0 1.0 1.49 0.547 0.348 0.009 0.016 0.006
875.9 1.0 1.0 1.0 1.49 0.547 0.348 0.009 0.016 0.006
876.0 1.0 1.0 1.0 1.49 0.547 0.348 0.009 0.016 0.006
876.1 1.0 1.0 1.0 1.49 0.547 0.348 0.009 0.016 0.006
876.2 1.0 1.0 1.0 1.49 0.547 0.348 0.009 0.016 0.006
876.3 1.0 1.0 1.0 1.49 0.547 0.348 0.009 0.016 0.006
876.4 1.0 1.0 1.0 1.49 0.547 0.348 0.009 0.016 0.006
876.5 1.0 1.0 1.0 1.49 0.547 0.348 0.009 0.016 0.006
876.6 1.0 1.0 1.0 1.49 0.547 0.348 0.009 0.016 0.006
876.7 1.0 1.0 1.0 1.49 0.547 0.348 0.009 0.016 0.006
876.8 1.0 1.0 1.0 1.49 0.547 0.348 0.009 0.016 0.006
876.9 1.0 1.0 1.0 1.49 0.547 0.348 0.009 0.016 0.006
877.0 1.0 1.0 1.0 1.49 0.547 0.348 0.009 0.016 0.006
877.1 1.0 1.0 1.0 1.49 0.547 0.348 0.009 0.016 0.006
877.2 1.0 1.0 1.0 1.49 0.547 0.348 0.009 0.016 0.006
877.3 1.0 1.0 1.0 1.49 0.547 0.348 0.009 0.016 0.006
877.4 1.0 1.0 1.0 1.49 0.547 0.348 0.009 0.016 0.006
877.5 1.0 1.0 1.0 1.49 0.547 0.348 0.009 0.016 0.006
877.6 1.0 1.0 1.0 1.49 0.547 0.348 0.009 0.016 0.006
877.7 1.0 1.0 1.0 1.49 0.547 0.348 0.009 0.016 0.006
877.8 1.0 1.0 1.0 1.49 0.547 0.348 0.009 0.016 0.006
877.9 1.0 1.0 1.0 1.49 0.547 0.348 0.009 0.016 0.006
878.0 1.0 1.0 1.0 1.49 0.547 0.348 0.009 0.016 0.006
878.1 1.0 1.0 1.0 1.49 0.547 0.348 0.009 0.016 0.006
878.2 1.0 1.0 1.0 1.49 0.547 0.348 0.009 0.016 0.006
878.3 1.0 1.0 1.0 1.49 0.547 0.348 0.009 0.016 0.006
878.4 1.0 1.0 1.0 1.49 0.547 0.348 0.009 0.016 0.006
878.5 1.0 1.0 1.0 1.49 0.547 0.348 0.009 0.016 0.006
878.6 1.0 1.0 1.0 1.49 0.547 0.348 0.009 0.016 0.006
878.7 1.0 1.0 1.0 1.49 0.547 0.348 0.009 0.016 0.006
878.8 1.0 1.0 1.0 1.49 0.547 0.348 0.009 0.016 0.006
878.9 1.0 1.0 1.0 1.49 0.547 0.348 0.009 0.016 0.006
879.0 1.0 1.0 1.0 1.49 0.547 0.348 0.009 0.016 0.006
879.1 1.0 1.0 1.0 1.49 0.547 0.348 0.009 0.016 0.006
879.2 1.0 1.0 1.0 1.49 0.547 0.348 0.009 0.016 0.006
879.3 1.0 1.0 1.0 1.49 0.547 0.348 0.009 0.016 0.006
879.4 1.0 1.0 1.0 1.49 0.547 0.348 0.009 0.016 0.006
879.5 1.0 1.0 1.0 1.49 0.547 0.348 0.009 0.016 0.006
879.6 1.0 1.0 1.0 1.49 0.547 0.348 0.009 0.016 0.006
879.7 1.0 1.0 1.0 1.49 0.547 0.348 0.009 0.016 0.006
879.8 1.0 1.0 1.0 1.49 0.547 0.348 0.009 0.016 0.006
879.9 1.0 1.0 1.0 1.49 0.547 0.348 0.009 0.016 0.006
880.0 1.0 1.0 1.0 1.49 0.547 0.348 0.009 0.016 0.006
880.1 1.0 1.0 1.0 1.49 0.547 0.348 0.009 0.016 0.006
880.2 1.0 1.0 1.0 1.49 0.547 0.348 0.009 0.016 0.006
880.3 1.0 1.0 1.0 1.49 0.547 0.348 0.009 0.016 0.006
880.4 1.0 1.0 1.0 1.49 0.547 0.348 0.009 0.016 0.006
880.5 1.0 1.0 1.0 1.49 0.547 0.348 0.009 0.016 0.006
880.6 1.0 1.0 1.0 1.49 0.547 0.348 0.009 0.016 0.006
880.7 1.0 1.0 1.0 1.49 0.547 0.348 0.009 0.016 0.006
880.8 1.0 1.0 1.0 1.49 0.547 0.348 0.009 0.016 0.006
880.9 1.0 1.0 1.0 1.49 0.547 0.348 0.009 0.016 0.006
881.0 1.0 1.0 1.0 1.49 0.547 0.348 0.009 0.016 0.006
881.1 1.0 1.0 1.0 1.49 0.547 0.348 0.009 0.016 0.006
881.2 1.0 1.0 1.0 1.49 0.547 0.348 0.009 0.016 0.006
881.3 1.0 1.0 1.0 1.49 0.547 0.348 0.009 0.016 0.006
881.4 1.0 1.0 1.0 1.49 0.547 0.348 0.009 0.016 0.006
881.5 1.0 1.0 1.0 1.49 0.547 0.348 0.009 0.016 0.006
881.6 1.0 1.0 1.0 1.49 0.547 0.348 0.009 0.016 0.006
881.7 1.0 1.0 1.0 1.49 0.547 0.348 0.009 0.016 0.006
881.8 1.0 1.0 1.0 1.49 0.547 0.348 0.009 0.016 0.006
881.9 1.0 1.0 1.0 1.49 0.547 0.348 0.009 0.016 0.006
882.0 1.0 1.0 1.0 1.49 0.547 0.348 0.009 0.016 0.006
882.1 1.0 1.0 1.0 1.49 0.547 0.348 0.009 0.016 0.006
882.2 1.0 1.0 1.0 1.49 0.547 0.348 0.009 0.016 0.006
882.3 1.0 1.0 1.0 1.49 0.547 0.348 0.009 0.016 0.006
882.4 1.0 1.0 1.0 1.49 0.547 0.348 0.009 0.016 0.006
882.5 1.0 1.0 1.0 1.49 0.547 0.348 0.009 0.016 0.006
882.6 1.0 1.0 1.0 1.49 0.547 0.348 0.009 0.016 0.006
882.7 1.0 1.0 1.0 1.49 0.547 0.348 0.009 0.016 0.006
882.8 1.0 1.0 1.0 1.49 0.547 0.348 0.009 0.016 0.006
882.9 1.0 1.0 1.0 1.49 0.547 0.348 0.009 0.016 0.006
883.0 1.0 1.0 1.0 1.49 0.547 0.348 0.009 0.016 0.006
883.1 1.0 1.0 1.0 1.49 0.547 0.348 0.009 0.016 0.006
883.2 1.0 1.0 1.0 1.49 0.547 0.348 0.009 0.016 0.006
883.3 1.0 1.0 1.0 1.49 0.547 0.348 0.009 0.016 0.006
883.4 1.0 1.0 1.0 1.49 0.547 0.348 0.009 0.016 0.006
883.5 1.0 1.0 1.0 1.49 0.547 0.348 0.009 0.016 0.006
883.6 1.0 1.0 1.0 1.49 0.547 0.348 0.009 0.016 0.006
883.7 1.0 1.0 1.0 1.49 0.547 0.348 0.009 0.016 0.006
883.8 1.0 1.0 1.0 1.49 0.547 0.348 0.009 0.016 0.006
883.9 1.0 1.0 1.0 1.49 0.547 0.348 0.009 0.016 0.006
884.0 1.0 1.0 1.0 1.49 0.547 0.348 0.009 0.016 0.006
884.1 1.0 1.0 1.0 1.49 0.547 0.348 0.009 0.016 0.006
884.2 1.0 1.0 1.0 1.49 0.547 0.348 0.009 0.016 0.006
884.3 1.0 1.0 1.0 1.49 0.547 0.348 0.009 0.016 0.006
884.4 1.0 1.0 1.0 1.49 0.547 0.348 0.009 0.016 0.006
884.5 1.0 1.0 1.0 1.49 0.547 0.348 0.009 0.016 0.006
884.6 1.0 1.0 1.0 1.49 0.547 0.348 0.009 0.016 0.006
884.7 1.0 1.0 1.0 1.49 0.547 0.348 0.009 0.016 0.006
884.8 1.0 1.0 1.0 1.49 0.547 0.348 0.009 0.016 0.006
884.9 1.0 1.0 1.0 1.49 0.547 0.348 0.009 0.016 0.006
885.0 1.0 1.0 1.0 1.49 0.547 0.348 0.009 0.016 0.006
885.1 1.0 1.0 1.0 1.49 0.547 0.348 0.009 0.016 0.006
885.2 1.0 1.0 1.0 1.49 0.547 0.348 0.009 0.016 0.006
885.3 1.0 1.0 1.0 1.49 0.547 0.348 0.009 0.016 0.006
885.4 1.0 1.0 1.0 1.49 0.547 0.348 0.009 0.016 0.006
885.5 1.0 1.0 1.0 1.49 0.547 0.348 0.009 0.016 0.006
885.6 1.0 1.0 1.0 1.49 0.547 0.348 0.009 0.016 0.006
885.7 1.0 1.0 1.0 1.49 0.547 0.348 0.009 0.016 0.006
885.8 1.0 1.0 1.0 1.49 0.547 0.348 0.009 0.016 0.006
885.9 1.0 1.0 1.0 1.49 0.547 0.348 0.009 0.016 0.006
886.0 1.0 1.0 1.0 1.49 0.547 0.348 0.009 0.016 0.006
886.1 1.0 1.0 1.0 1.49 0.547 0.348 0.009 0.016 0.006
886.2 1.0 1.0 1.0 1.49 0.547 0.348 0.009 0.016 0.006
886.3 1.0 1.0 1.0 1.49 0.547 0.348 0.009 0.016 0.006
886.4 1.0 1.0 1.0 1.49 0.547 0.348 0.009 0.016 0.006
886.5 1.0 1.0 1.0 1.49 0.547 0.348 0.009 0.016 0.006
886.6 1.0 1.0 1.0 1.49 0.547 0.348 0.009 0.016 0.006
886.7 1.0 1.0 1.0 1.49 0.547 0.348 0.009 0.016 0.006
886.8 1.0 1.0 1.0 1.49 0.547 0.348 0.009 0.016 0.006
886.9 1.0 1.0 1.0 1.49 0.547 0.348 0.009 0.016 0.006
887.0 1.0 1.0 1.0 1.49 0.547 0.348 0.009 0.016 0.006
887.1 1.0 1.0 1.0 1.49 0.547 0.348 0.009 0.016 0.006
887.2 1.0 1.0 1.0 1.49 0.547 0.348 0.009 0.016 0.006
887.3 1.0 1.0 1.0 1.49 0.547 0.348 0.009 0.016 0.006
887.4 1.0 1.0 1.0 1.49 0.547 0.348 0.009 0.016 0.006
887.5 1.0 1.0 1.0 1.49 0.547 0.348 0.009 0.016 0.006
887.6 1.0 1.0 1.0 1.49 0.547 0.348 0.009 0.016 0.006
887.7 1.0 1.0 1.0 1.49 0.547 0.348 0.009 0.016 0.006
887.8 1.0 1.0 1.0 1.49 0.547 0.348 0.009 0.016 0.006
887.9 1.0 1.0 1.0 1.49 0.547 0.348 0.009 0.016 0.006
888.0 1.0 1.0 1.0 1.49 0.547 0.348 0.009 0.016 0.006
888.1 1.0 1.0 1.0 1.49 0.547 0.348 0.009 0.016 0.006
888.2 1.0 1.0 1.0 1.49 0.547 0.348 0.009 0.016 0.006
888.3 1.0 1.0 1.0 1.49 0.547 0.348 0.009 0.016 0.006
888.4 1.0 1.0 1.0 1.49 0.547 0.348 0.009 0.016 0.006
888.5 1.0 1.0 1.0 1.49 0.547 0.348 0.009 0.016 0.006
888.6 1.0 1.0 1.0 1.49 0.547 0.348 0.009 0.016 0.006
888.7 1.0 1.0 1.0 1.49 0.547 0.348 0.009 0.016 0.006
888.8 1.0 1.0 1.0 1.49 0.547 0.348 0.009 0.016 0.006
888.9 1.0 1.0 1.0 1.49 0.547 0.348 0.009 0.016 0.006
889.0 1.0 1.0 1.0 1.49 0.547 0.348 0.009 0.016 0.006
889.1 1.0 1.0 1.0 1.49 0.547 0.348 0.009 0.016 0.006
889.2 1.0 1.0 1.0 1.49 0.547 0.348 0.009 0.016 0.006
889.3 1.0 1.0 1.0 1.49 0.547 0.348 0.009 0.016 0.006
889.4 1.0 1.0 1.0 1.49 0.547 0.348 0.009 0.016 0.006
889.5 1.0 1.0 1.0 1.49 0.547 0.348 0.009 0.016 0.006
889.6 1.0 1.0 1.0 1.49 0.547 0.348 0.009 0.016 0.006
889.7 1.0 1.0 1.0 1.49 0.547 0.348 0.009 0.016 0.006
889.8 1.0 1.0 1.0 1.49 0.547 0.348 0.009 0.016 0.006
889.9 1.0 1.0 1.0 1.49 0.547 0.348 0.009 0.016 0.006
890.0 1.0 1.0 1.0 1.49 0.547 0.348 0.009 0.016 0.006
890.1 1.0 1.0 1.0 1.49 0.547 0.348 0.009 0.016 0.006
890.2 1.0 1.0 1.0 1.49 0.547 0.348 0.009 0.016 0.006
890.3 1.0 1.0 1.0 1.49 0.547 0.348 0.009 0.016 0.006
890.4 1.0 1.0 1.0 1.49 0.547 0.348 0.009 0.016 0.006
890.5 1.0 1.0 1.0 1.49 0.547 0.348 0.009 0.016 0.006
890.6 1.0 1.0 1.0 1.49 0.547 0.348 0.009 0.016 0.006
890.7 1.0 1.0 1.0 1.49 0.547 0.348 0.009 0.016 0.006
890.8 1.0 1.0 1.0 1.49 0.547 0.348 0.009 0.016 0.006
890.9 1.0 1.0 1.0 1.49 0.547 0.348 0.009 0.016 0.006
891.0 1.0 1.0 1.0 1.49 0.547 0.348 0.009 0.016 0.006
891.1 1.0 1.0 1.0 1.49 0.547 0.348 0.009 0.016 0.006
891.2 1.0 1.0 1.0 1.49 0.547 0.348 0.009 0.016 0.006
891.3 1.0 1.0 1.0 1.49 0.547 0.348 0.009 0.016 0.006
891.4 1.0 1.0 1.0 1.49 0.547 0.348 0.009 0.016 0.006
891.5 1.0 1.0 1.0 1.49 0.547 0.348 0.009 0.016 0.006
891.6 1.0 1.0 1.0 1.49 0.547 0.348 0.009 0.016 0.006
891.7 1.0 1.0 1.0 1.49 0.547 0.348 0.009 0.016 0.006
891.8 1.0 1.0 1.0 1.49 0.547 0.348 0.009 0.016 0.006
891.9 1.0 1.0 1.0 1.49 0.547 0.348 0.009 0.016 0.006
892.0 1.0 1.0 1.0 1.49 0.547 0.348 0.009 0.016 0.006
892.1 1.0 1.0 1.0 1.49 0.547 0.348 0.009 0.016 0.006
892.2 1.0 1.0 1.0 1.49 0.547 0.348 0.009 0.016 0.006
892.3 1.0 1.0 1.0 1.49 0.547 0.348 0.009 0.016 0.006
892.4 1.0 1.0 1.0 1.49 0.547 0.348 0.009 0.016 0.006
892.5 1.0 1.0 1.0 1.49 0.547 0.348 0.009 0.016 0.006
892.6 1.0 1.0 1.0 1.49 0.547 0.348 0.009 0.016 0.006
892.7 1.0 1.0 1.0 1.49 0.547 0.348 0.009 0.016 0.006
892.8 1.0 1.0 1.0 1.49 0.547 0.348 0.009 0.016 0.006
892.9 1.0 1.0 1.0 1.49 0.547 0.348 0.009 0.016 0.006
893.0 1.0 1.0 1.0 1.49 0.547 0.348 0.009 0.016 0.006
893.1 1.0 1.0 1.0 1.49 0.547 0.348 0.009 0.016 0.006
893.2 1.0 1.0 1.0 1.49 0.547 0.348 0.009 0.016 0.006
893.3 1.0 1.0 1.0 1.49 0.547 0.348 0.009 0.016 0.006
893.4 1.0 1.0 1.0 1.49 0.547 0.348 0.009 0.016 0.006
893.5 1.0 1.0 1.0 1.49 0.547 0.348 0.009 0.016 0.006
893.6 1.0 1.0 1.0 1.49 0.547 0.348 0.009 0.016 0.006
893.7 1.0 1.0 1.0 1.49 0.547 0.348 0.009 0.016 0.006
893.8 1.0 1.0 1.0 1.49 0.547 0.348 0.009 0.016 0.006
893.9 1.0 1.0 1.0 1.49 0.547 0.348 0.009 0.016 0.006
894.0 1.0 1.0 1.0 1.49 0.547 0.348 0.009 0.016 0.006
894.1 1.0 1.0 1.0 1.49 0.547 0.348 0.009 0.016 0.006
894.2 1.0 1.0 1.0 1.49 0.547 0.348 0.009 0.016 0.006
894.3 1.0 1.0 1.0 1.49 0.547 0.348 0.009 0.016 0.006
894.4 1.0 1.0 1.0 1.49 0.547 0.348 0.009 0.016 0.006
894.5 1.0 1.0 1.0 1.49 0.547 0.348 0.009 0.016 0.006
894.6 1.0 1.0 1.0 1.49 0.547 0.348 0.009 0.016 0.006
894.7 1.0 1.0 1.0 1.49 0.547 0.348 0.009 0.016 0.006
894.8 1.0 1.0 1.0 1.49 0.547 0.348 0.009 0.016 0.006
894.9 1.0 1.0 1.0 1.49 0.547 0.348 0.009 0.016 0.006
895.0 1.0 1.0 1.0 1.49 0.547 0.348 0.009 0.016 0.006
895.1 1.0 1.0 1.0 1.49 0.547 0.348 0.009 0.016 0.006
895.2 1.0 1.0 1.0 1.49 0.547 0.348 0.009 0.016 0.006
895.3 1.0 1.0 1.0 1.49 0.547 0.348 0.009 0.016 0.006
895.4 1.0 1.0 1.0 1.49 0.547 0.348 0.009 0.016 0.006
895.5 1.0 1.0 1.0 1.49 0.547 0.348 0.009 0.016 0.006
895.6 1.0 1.0 1.0 1.49 0.547 0.348 0.009 0.016 0.006
895.7 1.0 1.0 1.0 1.49 0.547 0.348 0.009 0.016 0.006
895.8 1.0 1.0 1.0 1.49 0.547 0.348 0.009 0.016 0.006
895.9 1.0 1.0 1.0 1.49 0.547 0.348 0.009 0.016 0.006
896.0 1.0 1.0 1.0 1.49 0.547 0.348 0.009 0.016 0.006
896.1 1.0 1.0 1.0 1.49 0.547 0.348 0.009 0.016 0.006
896.2 1.0 1.0 1.0 1.49 0.547 0.348 0.009 0.016 0.006
896.3 1.0 1.0 1.0 1.49 0.547 0.348 0.009 0.016 0.006
896.4 1.0 1.0 1.0 1.49 0.547 0.348 0.009 0.016 0.006
896.5 1.0 1.0 1.0 1.49 0.547 0.348 0.009 0.016 0.006
896.6 1.0 1.0 1.0 1.49 0.547 0.348 0.009 0.016 0.006
896.7 1.0 1.0 1.0 1.49 0.547 0.348 0.009 0.016 0.006
896.8 1.0 1.0 1.0 1.49 0.547 0.348 0.009 0.016 0.006
896.9 1.0 1.0 1.0 1.49 0.547 0.348 0.009 0.016 0.006
897.0 1.0 1.0 1.0 1.49 0.547 0.348 0.009 0.016 0.006
897.1 1.0 1.0 1.0 1.49 0.547 0.348 0.009 0.016 0.006
897.2 1.0 1.0 1.0 1.49 0.547 0.348 0.009 0.016 0.006
897.3 1.0 1.0 1.0 1.49 0.547 0.348 0.009 0.016 0.006
897.4 1.0 1.0 1.0 1.49 0.547 0.348 0.009 0.016 0.006
897.5 1.0 1.0 1.0 1.49 0.547 0.348 0.009 0.016 0.006
897.6 1.0 1.0 1.0 1.49 0.547 0.348 0.009 0.016 0.006
897.7 1.0 1.0 1.0 1.49 0.547 0.348 0.009 0.016 0.006
897.8 1.0 1.0 1.0 1.49 0.547 0.348 0.009 0.016 0.006
897.9 1.0 1.0 1.0 1.49 0.547 0.348 0.009 0.016 0.006
898.0 1.0 1.0 1.0 1.49 0.547 0.348 0.009 0.016 0.006
898.1 1.0 1.0 1.0 1.49 0.547 0.348 0.009 0.016 0.006
898.2 1.0 1.0 1.0 1.49 0.547 0.348 0.009 0.016 0.006
898.3 1.0 1.0 1.0 1.49 0.547 0.348 0.009 0.016 0.006
898.4 1.0 1.0 1.0 1.49 0.547 0.348 0.009 0.016 0.006
898.5 1.0 1.0 1.0 1.49 0.547 0.348 0.009 0.016 0.006
898.6 1.0 1.0 1.0 1.49 0.547 0.348 0.009 0.016 0.006
898.7 1.0 1.0 1.0 1.49 0.547 0.348 0.009 0.016 0.006
898.8 1.0 1.0 1.0 1.49 0.547 0.348 0.009 0.016 0.006
898.9 1.0 1.0 1.0 1.49 0.547 0.348 0.009 0.016 0.006
899.0 1.0 1.0 1.0 1.49 0.547 0.348 0.009 0.016 0.006
899.1 1.0 1.0 1.0 1.49 0.547 0.348 0.009 0.016 0.006
899.2 1.0 1.0 1.0 1.49 0.547 0.348 0.009 0.016 0.006
899.3 1.0 1.0 1.0 1.49 0.547 0.348 0.009 0.016 0.006
899.4 1.0 1.0 1.0 1.49 0.547 0.348 0.009 0.016 0.006
899.5 1.0 1.0 1.0 1.49 0.547 0.348 0.009 0.016 0.006
899.6 1.0 1.0 1.0 1.49 0.547 0.348 0.009 0.016 0.006
899.7 1.0 1.0 1.0 1.49 0.547 0.348 0.009 0.016 0.006
899.8 1.0 1.0 1.0 1.49 0.547 0.348 0.009 0.016 0.006
