500.0 1.0 1.0 1.0 1.49 0.547 0.348 0.011 0.011 0.008
500.1 1.0 1.0 1.0 1.49 0.547 0.349 0.011 0.012 0.007
500.2 1.0 1.0 1.0 1.49 0.547 0.349 0.011 0.013 0.006
500.3 1.0 1.0 1.0 1.491 0.547 0.349 0.011 0.013 0.006
500.4 1.0 1.0 1.0 1.491 0.547 0.349 0.011 0.014 0.005
500.5 1.0 1.0 1.0 1.491 0.547 0.349 0.011 0.014 0.005
500.6 1.0 1.0 1.0 1.491 0.547 0.349 0.011 0.014 0.004
500.7 1.0 1.0 1.0 1.491 0.547 0.349 0.011 0.015 0.004
500.8 1.0 1.0 1.0 1.491 0.547 0.349 0.011 0.015 0.004
500.9 1.0 1.0 1.0 1.491 0.547 0.349 0.011 0.015 0.004
501.0 1.0 1.0 1.0 1.491 0.547 0.348 0.011 0.015 0.004
501.1 1.0 1.0 1.0 1.491 0.547 0.348 0.011 0.016 0.003
501.2 1.0 1.0 1.0 1.491 0.547 0.348 0.011 0.016 0.003
501.3 1.0 1.0 1.0 1.491 0.547 0.348 0.011 0.016 0.003
501.4 1.0 1.0 1.0 1.491 0.547 0.348 0.011 0.016 0.003
501.5 1.0 1.0 1.0 1.491 0.547 0.348 0.011 0.016 0.003
501.6 1.0 1.0 1.0 1.491 0.547 0.348 0.011 0.016 0.003
501.7 1.0 1.0 1.0 1.491 0.547 0.348 0.011 0.016 0.003
501.8 1.0 1.0 1.0 1.491 0.547 0.348 0.011 0.016 0.003
501.9 1.0 1.0 1.0 1.491 0.547 0.348 0.011 0.016 0.003
502.0 1.0 1.0 1.0 1.491 0.547 0.348 0.011 0.016 0.003
502.1 1.0 1.0 1.0 1.491 0.547 0.348 0.011 0.016 0.003
502.2 1.0 1.0 1.0 1.491 0.547 0.348 0.011 0.016 0.003
502.3 1.0 1.0 1.0 1.491 0.547 0.348 0.011 0.016 0.003
502.4 1.0 1.0 1.0 1.491 0.547 0.348 0.011 0.016 0.003
502.5 1.0 1.0 1.0 1.491 0.547 0.348 0.011 0.016 0.003
502.6 1.0 1.0 1.0 1.491 0.547 0.348 0.011 0.016 0.003
502.7 1.0 1.0 1.0 1.491 0.547 0.348 0.011 0.016 0.003
502.8 1.0 1.0 1.0 1.491 0.547 0.348 0.011 0.016 0.003
502.9 1.0 1.0 1.0 1.491 0.547 0.348 0.011 0.016 0.003
503.0 1.0 1.0 1.0 1.491 0.547 0.348 0.011 0.016 0.003
503.1 1.0 1.0 1.0 1.491 0.547 0.348 0.011 0.016 0.003
503.2 1.0 1.0 1.0 1.491 0.547 0.348 0.011 0.016 0.003
503.3 1.0 1.0 1.0 1.491 0.547 0.348 0.011 0.016 0.003
503.4 1.0 1.0 1.0 1.491 0.547 0.348 0.011 0.016 0.003
503.5 1.0 1.0 1.0 1.491 0.547 0.348 0.011 0.016 0.003
503.6 1.0 1.0 1.0 1.491 0.547 0.348 0.011 0.016 0.003
503.7 1.0 1.0 1.0 1.491 0.547 0.348 0.011 0.016 0.003
503.8 1.0 1.0 1.0 1.491 0.547 0.348 0.011 0.016 0.003
503.9 1.0 1.0 1.0 1.491 0.547 0.348 0.011 0.016 0.003
504.0 1.0 1.0 1.0 1.491 0.547 0.348 0.011 0.016 0.003
504.1 1.0 1.0 1.0 1.491 0.547 0.348 0.011 0.016 0.003
504.2 1.0 1.0 1.0 1.491 0.547 0.348 0.011 0.016 0.003
504.3 1.0 1.0 1.0 1.491 0.547 0.348 0.011 0.016 0.003
504.4 1.0 1.0 1.0 1.491 0.547 0.348 0.011 0.016 0.003
504.5 1.0 1.0 1.0 1.491 0.547 0.348 0.011 0.016 0.003
504.6 1.0 1.0 1.0 1.491 0.547 0.347 0.011 0.016 0.003
504.7 1.0 1.0 1.0 1.491 0.547 0.347 0.011 0.016 0.003
504.8 1.0 1.0 1.0 1.491 0.547 0.347 0.011 0.016 0.003
504.9 1.0 1.0 1.0 1.49 0.547 0.347 0.011 0.016 0.003
505.0 1.0 1.0 1.0 1.49 0.547 0.347 0.011 0.016 0.003
505.1 1.0 1.0 1.0 1.49 0.547 0.347 0.011 0.016 0.003
505.2 1.0 1.0 1.0 1.49 0.547 0.347 0.011 0.016 0.003
505.3 1.0 1.0 1.0 1.49 0.547 0.347 0.011 0.016 0.003
505.4 1.0 1.0 1.0 1.49 0.547 0.347 0.011 0.016 0.003
505.5 1.0 1.0 1.0 1.49 0.547 0.347 0.011 0.016 0.003
505.6 1.0 1.0 1.0 1.49 0.547 0.347 0.011 0.016 0.003
505.7 1.0 1.0 1.0 1.49 0.547 0.347 0.011 0.016 0.003
505.8 1.0 1.0 1.0 1.49 0.547 0.347 0.011 0.016 0.003
505.9 1.0 1.0 1.0 1.49 0.547 0.347 0.011 0.016 0.003
506.0 1.0 1.0 1.0 1.49 0.547 0.347 0.011 0.016 0.003
506.1 1.0 1.0 1.0 1.49 0.547 0.347 0.011 0.016 0.003
506.2 1.0 1.0 1.0 1.49 0.547 0.347 0.011 0.016 0.003
506.3 1.0 1.0 1.0 1.49 0.547 0.347 0.011 0.016 0.003
506.4 1.0 1.0 1.0 1.49 0.547 0.347 0.011 0.016 0.003
506.5 1.0 1.0 1.0 1.49 0.547 0.347 0.011 0.016 0.003
506.6 1.0 1.0 1.0 1.49 0.547 0.347 0.011 0.016 0.003
506.7 1.0 1.0 1.0 1.49 0.547 0.347 0.011 0.016 0.003
506.8 1.0 1.0 1.0 1.49 0.547 0.347 0.011 0.016 0.003
506.9 1.0 1.0 1.0 1.49 0.547 0.347 0.011 0.016 0.003
507.0 1.0 1.0 1.0 1.49 0.547 0.347 0.011 0.016 0.003
507.1 1.0 1.0 1.0 1.49 0.547 0.347 0.011 0.016 0.003
507.2 1.0 1.0 1.0 1.49 0.547 0.347 0.011 0.016 0.003
507.3 1.0 1.0 1.0 1.49 0.547 0.347 0.011 0.016 0.003
507.4 1.0 1.0 1.0 1.49 0.547 0.347 0.011 0.016 0.003
507.5 1.0 1.0 1.0 1.49 0.547 0.347 0.011 0.016 0.003
507.6 1.0 1.0 1.0 1.49 0.547 0.347 0.011 0.016 0.003
507.7 1.0 1.0 1.0 1.49 0.547 0.347 0.011 0.016 0.003
507.8 1.0 1.0 1.0 1.49 0.547 0.347 0.011 0.016 0.003
507.9 1.0 1.0 1.0 1.49 0.547 0.347 0.011 0.016 0.003
508.0 1.0 1.0 1.0 1.49 0.547 0.347 0.011 0.016 0.003
508.1 1.0 1.0 1.0 1.49 0.547 0.347 0.011 0.016 0.003
508.2 1.0 1.0 1.0 1.49 0.547 0.347 0.011 0.016 0.003
508.3 1.0 1.0 1.0 1.49 0.547 0.347 0.011 0.016 0.003
508.4 1.0 1.0 1.0 1.49 0.547 0.347 0.011 0.016 0.003
508.5 1.0 1.0 1.0 1.49 0.547 0.347 0.011 0.016 0.003
508.6 1.0 1.0 1.0 1.49 0.547 0.347 0.011 0.016 0.003
508.7 1.0 1.0 1.0 1.49 0.547 0.347 0.011 0.016 0.003
508.8 1.0 1.0 1.0 1.49 0.547 0.347 0.011 0.016 0.003
508.9 1.0 1.0 1.0 1.49 0.547 0.347 0.011 0.016 0.003
509.0 1.0 1.0 1.0 1.49 0.547 0.347 0.011 0.016 0.003
509.1 1.0 1.0 1.0 1.49 0.547 0.347 0.011 0.016 0.003
509.2 1.0 1.0 1.0 1.49 0.547 0.347 0.011 0.016 0.003
509.3 1.0 1.0 1.0 1.49 0.547 0.347 0.011 0.016 0.003
509.4 1.0 1.0 1.0 1.49 0.547 0.347 0.011 0.016 0.003
509.5 1.0 1.0 1.0 1.489 0.547 0.347 0.011 0.016 0.003
509.6 1.0 1.0 1.0 1.489 0.547 0.347 0.011 0.016 0.003
509.7 1.0 1.0 1.0 1.489 0.547 0.347 0.011 0.016 0.003
509.8 1.0 1.0 1.0 1.489 0.547 0.347 0.011 0.016 0.003
509.9 1.0 1.0 1.0 1.489 0.547 0.347 0.011 0.016 0.003
510.0 1.0 1.0 1.0 1.489 0.547 0.347 0.011 0.016 0.003
510.1 1.0 1.0 1.0 1.489 0.547 0.347 0.011 0.016 0.003
510.2 1.0 1.0 1.0 1.489 0.547 0.347 0.011 0.016 0.003
510.3 1.0 1.0 1.0 1.489 0.547 0.347 0.011 0.016 0.003
510.4 1.0 1.0 1.0 1.489 0.547 0.347 0.011 0.016 0.003
510.5 1.0 1.0 1.0 1.489 0.547 0.347 0.011 0.016 0.003
510.6 1.0 1.0 1.0 1.489 0.547 0.347 0.011 0.016 0.003
510.7 1.0 1.0 1.0 1.489 0.547 0.347 0.011 0.016 0.003
510.8 1.0 1.0 1.0 1.489 0.547 0.347 0.011 0.016 0.003
510.9 1.0 1.0 1.0 1.489 0.547 0.347 0.011 0.016 0.003
511.0 1.0 1.0 1.0 1.489 0.547 0.347 0.011 0.016 0.003
511.1 1.0 1.0 1.0 1.489 0.547 0.347 0.011 0.016 0.003
511.2 1.0 1.0 1.0 1.489 0.547 0.347 0.011 0.016 0.003
511.3 1.0 1.0 1.0 1.489 0.547 0.347 0.011 0.016 0.003
511.4 1.0 1.0 1.0 1.489 0.547 0.347 0.011 0.016 0.003
511.5 1.0 1.0 1.0 1.489 0.547 0.347 0.011 0.016 0.003
511.6 1.0 1.0 1.0 1.489 0.547 0.347 0.011 0.016 0.003
511.7 1.0 1.0 1.0 1.489 0.547 0.347 0.011 0.016 0.003
511.8 1.0 1.0 1.0 1.489 0.547 0.347 0.011 0.016 0.003
511.9 1.0 1.0 1.0 1.489 0.547 0.347 0.011 0.016 0.003
512.0 1.0 1.0 1.0 1.489 0.547 0.347 0.011 0.016 0.003
512.1 1.0 1.0 1.0 1.489 0.547 0.347 0.011 0.016 0.003
512.2 1.0 1.0 1.0 1.489 0.547 0.347 0.011 0.016 0.003
512.3 1.0 1.0 1.0 1.489 0.547 0.347 0.011 0.016 0.003
512.4 1.0 1.0 1.0 1.489 0.547 0.347 0.011 0.016 0.003
512.5 1.0 1.0 1.0 1.489 0.547 0.347 0.011 0.016 0.003
512.6 1.0 1.0 1.0 1.489 0.547 0.347 0.011 0.016 0.003
512.7 1.0 1.0 1.0 1.489 0.547 0.347 0.011 0.016 0.003
512.8 1.0 1.0 1.0 1.489 0.547 0.347 0.011 0.016 0.003
512.9 1.0 1.0 1.0 1.489 0.547 0.347 0.011 0.016 0.003
513.0 1.0 1.0 1.0 1.489 0.547 0.347 0.011 0.016 0.003
513.1 1.0 1.0 1.0 1.489 0.547 0.347 0.011 0.016 0.003
513.2 1.0 1.0 1.0 1.489 0.547 0.347 0.011 0.016 0.003
513.3 1.0 1.0 1.0 1.489 0.547 0.347 0.011 0.016 0.003
513.4 1.0 1.0 1.0 1.489 0.547 0.347 0.011 0.016 0.003
513.5 1.0 1.0 1.0 1.489 0.547 0.347 0.011 0.016 0.003
513.6 1.0 1.0 1.0 1.489 0.547 0.347 0.011 0.016 0.003
513.7 1.0 1.0 1.0 1.489 0.547 0.347 0.011 0.016 0.003
513.8 1.0 1.0 1.0 1.489 0.547 0.347 0.011 0.016 0.003
513.9 1.0 1.0 1.0 1.489 0.547 0.347 0.011 0.016 0.003
514.0 1.0 1.0 1.0 1.489 0.547 0.347 0.011 0.016 0.003
514.1 1.0 1.0 1.0 1.489 0.547 0.347 0.011 0.016 0.003
514.2 1.0 1.0 1.0 1.489 0.547 0.347 0.011 0.016 0.003
514.3 1.0 1.0 1.0 1.489 0.547 0.347 0.011 0.016 0.003
514.4 1.0 1.0 1.0 1.489 0.547 0.347 0.011 0.016 0.003
514.5 1.0 1.0 1.0 1.489 0.547 0.347 0.011 0.016 0.003
514.6 1.0 1.0 1.0 1.489 0.547 0.347 0.011 0.016 0.003
514.7 1.0 1.0 1.0 1.489 0.547 0.347 0.011 0.016 0.003
514.8 1.0 1.0 1.0 1.489 0.547 0.347 0.011 0.016 0.003
514.9 1.0 1.0 1.0 1.489 0.547 0.347 0.011 0.016 0.003
515.0 1.0 1.0 1.0 1.489 0.547 0.347 0.011 0.016 0.003
515.1 1.0 1.0 1.0 1.489 0.547 0.347 0.011 0.016 0.003
515.2 1.0 1.0 1.0 1.489 0.547 0.347 0.011 0.016 0.003
515.3 1.0 1.0 1.0 1.489 0.547 0.347 0.011 0.016 0.003
515.4 1.0 1.0 1.0 1.489 0.547 0.347 0.011 0.016 0.003
515.5 1.0 1.0 1.0 1.489 0.547 0.347 0.011 0.016 0.003
515.6 1.0 1.0 1.0 1.489 0.547 0.347 0.011 0.016 0.003
515.7 1.0 1.0 1.0 1.489 0.547 0.347 0.011 0.016 0.003
515.8 1.0 1.0 1.0 1.489 0.547 0.347 0.011 0.016 0.003
515.9 1.0 1.0 1.0 1.489 0.547 0.347 0.011 0.016 0.003
516.0 1.0 1.0 1.0 1.489 0.547 0.347 0.011 0.016 0.003
516.1 1.0 1.0 1.0 1.489 0.547 0.347 0.011 0.016 0.003
516.2 1.0 1.0 1.0 1.489 0.547 0.347 0.011 0.016 0.003
516.3 1.0 1.0 1.0 1.488 0.547 0.347 0.011 0.016 0.003
516.4 1.0 1.0 1.0 1.488 0.547 0.347 0.011 0.016 0.003
516.5 1.0 1.0 1.0 1.488 0.547 0.347 0.011 0.016 0.003
516.6 1.0 1.0 1.0 1.488 0.547 0.347 0.011 0.016 0.003
516.7 1.0 1.0 1.0 1.488 0.547 0.347 0.011 0.016 0.003
516.8 1.0 1.0 1.0 1.488 0.547 0.347 0.011 0.016 0.003
516.9 1.0 1.0 1.0 1.488 0.547 0.347 0.011 0.016 0.003
517.0 1.0 1.0 1.0 1.488 0.547 0.347 0.011 0.016 0.003
517.1 1.0 1.0 1.0 1.488 0.547 0.347 0.011 0.016 0.003
517.2 1.0 1.0 1.0 1.488 0.547 0.347 0.011 0.016 0.003
517.3 1.0 1.0 1.0 1.488 0.547 0.347 0.011 0.016 0.003
517.4 1.0 1.0 1.0 1.488 0.547 0.347 0.011 0.016 0.003
517.5 1.0 1.0 1.0 1.488 0.547 0.347 0.011 0.016 0.003
517.6 1.0 1.0 1.0 1.488 0.547 0.347 0.011 0.016 0.003
517.7 1.0 1.0 1.0 1.488 0.547 0.347 0.011 0.016 0.003
517.8 1.0 1.0 1.0 1.488 0.547 0.347 0.011 0.016 0.003
517.9 1.0 1.0 1.0 1.488 0.547 0.347 0.011 0.016 0.003
518.0 1.0 1.0 1.0 1.488 0.547 0.347 0.011 0.016 0.003
518.1 1.0 1.0 1.0 1.488 0.547 0.347 0.011 0.016 0.003
518.2 1.0 1.0 1.0 1.488 0.547 0.347 0.011 0.016 0.003
518.3 1.0 1.0 1.0 1.488 0.547 0.347 0.011 0.016 0.003
518.4 1.0 1.0 1.0 1.488 0.547 0.347 0.011 0.016 0.003
518.5 1.0 1.0 1.0 1.488 0.547 0.347 0.011 0.016 0.003
518.6 1.0 1.0 1.0 1.488 0.547 0.347 0.011 0.016 0.003
518.7 1.0 1.0 1.0 1.488 0.547 0.347 0.011 0.016 0.003
518.8 1.0 1.0 1.0 1.488 0.547 0.347 0.011 0.016 0.003
518.9 1.0 1.0 1.0 1.488 0.547 0.347 0.011 0.016 0.003
519.0 1.0 1.0 1.0 1.488 0.547 0.347 0.011 0.016 0.003
519.1 1.0 1.0 1.0 1.488 0.547 0.347 0.011 0.016 0.003
519.2 1.0 1.0 1.0 1.488 0.547 0.347 0.011 0.016 0.003
519.3 1.0 1.0 1.0 1.488 0.547 0.347 0.011 0.016 0.003
519.4 1.0 1.0 1.0 1.488 0.547 0.347 0.011 0.016 0.003
519.5 1.0 1.0 1.0 1.488 0.547 0.347 0.011 0.016 0.003
519.6 1.0 1.0 1.0 1.488 0.547 0.347 0.011 0.016 0.003
519.7 1.0 1.0 1.0 1.488 0.547 0.347 0.011 0.016 0.003
519.8 1.0 1.0 1.0 1.488 0.547 0.347 0.011 0.016 0.003
519.9 1.0 1.0 1.0 1.488 0.547 0.347 0.011 0.016 0.003
520.0 1.0 1.0 1.0 1.488 0.547 0.347 0.011 0.016 0.003
520.1 1.0 1.0 1.0 1.488 0.547 0.347 0.011 0.016 0.003
520.2 1.0 1.0 1.0 1.488 0.547 0.347 0.011 0.016 0.003
520.3 1.0 1.0 1.0 1.488 0.547 0.347 0.011 0.016 0.003
520.4 1.0 1.0 1.0 1.488 0.547 0.347 0.011 0.016 0.003
520.5 1.0 1.0 1.0 1.488 0.547 0.347 0.011 0.016 0.003
520.6 1.0 1.0 1.0 1.488 0.547 0.347 0.011 0.016 0.003
520.7 1.0 1.0 1.0 1.488 0.547 0.347 0.011 0.016 0.003
520.8 1.0 1.0 1.0 1.488 0.547 0.347 0.011 0.016 0.003
520.9 1.0 1.0 1.0 1.488 0.547 0.347 0.011 0.016 0.003
521.0 1.0 1.0 1.0 1.488 0.547 0.347 0.011 0.016 0.003
521.1 1.0 1.0 1.0 1.488 0.547 0.347 0.011 0.016 0.003
521.2 1.0 1.0 1.0 1.488 0.547 0.347 0.011 0.016 0.003
521.3 1.0 1.0 1.0 1.488 0.547 0.347 0.011 0.016 0.003
521.4 1.0 1.0 1.0 1.488 0.547 0.347 0.011 0.016 0.003
521.5 1.0 1.0 1.0 1.488 0.547 0.347 0.011 0.016 0.003
521.6 1.0 1.0 1.0 1.488 0.547 0.347 0.011 0.016 0.003
521.7 1.0 1.0 1.0 1.488 0.547 0.347 0.011 0.016 0.003
521.8 1.0 1.0 1.0 1.488 0.547 0.347 0.011 0.016 0.003
521.9 1.0 1.0 1.0 1.488 0.547 0.347 0.011 0.016 0.003
522.0 1.0 1.0 1.0 1.488 0.547 0.347 0.011 0.016 0.003
522.1 1.0 1.0 1.0 1.488 0.547 0.347 0.011 0.016 0.003
522.2 1.0 1.0 1.0 1.488 0.547 0.347 0.011 0.016 0.003
522.3 1.0 1.0 1.0 1.488 0.547 0.347 0.011 0.016 0.003
522.4 1.0 1.0 1.0 1.488 0.547 0.347 0.011 0.016 0.003
522.5 1.0 1.0 1.0 1.488 0.547 0.347 0.011 0.016 0.003
522.6 1.0 1.0 1.0 1.488 0.547 0.347 0.011 0.016 0.003
522.7 1.0 1.0 1.0 1.488 0.547 0.347 0.011 0.016 0.003
522.8 1.0 1.0 1.0 1.488 0.547 0.347 0.011 0.016 0.003
522.9 1.0 1.0 1.0 1.488 0.547 0.347 0.011 0.016 0.003
523.0 1.0 1.0 1.0 1.488 0.546 0.347 0.011 0.016 0.003
523.1 1.0 1.0 1.0 1.488 0.546 0.347 0.011 0.016 0.003
523.2 1.0 1.0 1.0 1.488 0.546 0.347 0.011 0.016 0.003
523.3 1.0 1.0 1.0 1.488 0.546 0.347 0.011 0.016 0.003
523.4 1.0 1.0 1.0 1.488 0.546 0.347 0.011 0.016 0.003
523.5 1.0 1.0 1.0 1.488 0.546 0.347 0.011 0.016 0.003
523.6 1.0 1.0 1.0 1.488 0.546 0.347 0.011 0.016 0.003
523.7 1.0 1.0 1.0 1.488 0.546 0.347 0.011 0.016 0.003
523.8 1.0 1.0 1.0 1.488 0.546 0.347 0.011 0.016 0.003
523.9 1.0 1.0 1.0 1.488 0.546 0.347 0.011 0.016 0.003
524.0 1.0 1.0 1.0 1.488 0.546 0.347 0.011 0.016 0.003
524.1 1.0 1.0 1.0 1.488 0.546 0.347 0.011 0.016 0.003
524.2 1.0 1.0 1.0 1.488 0.546 0.347 0.011 0.016 0.003
524.3 1.0 1.0 1.0 1.488 0.546 0.347 0.011 0.016 0.003
524.4 1.0 1.0 1.0 1.488 0.546 0.347 0.011 0.016 0.003
524.5 1.0 1.0 1.0 1.488 0.546 0.347 0.011 0.016 0.003
524.6 1.0 1.0 1.0 1.488 0.546 0.347 0.011 0.016 0.003
524.7 1.0 1.0 1.0 1.488 0.546 0.347 0.011 0.016 0.003
524.8 1.0 1.0 1.0 1.488 0.546 0.347 0.011 0.016 0.003
524.9 1.0 1.0 1.0 1.488 0.546 0.347 0.011 0.016 0.003
525.0 1.0 1.0 1.0 1.488 0.546 0.347 0.011 0.016 0.003
525.1 1.0 1.0 1.0 1.488 0.546 0.347 0.011 0.016 0.003
525.2 1.0 1.0 1.0 1.488 0.546 0.347 0.011 0.016 0.003
525.3 1.0 1.0 1.0 1.488 0.546 0.347 0.011 0.016 0.003
525.4 1.0 1.0 1.0 1.488 0.546 0.347 0.011 0.016 0.003
525.5 1.0 1.0 1.0 1.488 0.546 0.347 0.011 0.016 0.003
525.6 1.0 1.0 1.0 1.488 0.546 0.347 0.011 0.016 0.003
525.7 1.0 1.0 1.0 1.488 0.546 0.347 0.011 0.016 0.003
525.8 1.0 1.0 1.0 1.488 0.546 0.347 0.011 0.016 0.003
525.9 1.0 1.0 1.0 1.488 0.546 0.347 0.011 0.016 0.003
526.0 1.0 1.0 1.0 1.488 0.546 0.347 0.011 0.016 0.003
526.1 1.0 1.0 1.0 1.488 0.546 0.347 0.011 0.016 0.003
526.2 1.0 1.0 1.0 1.488 0.546 0.347 0.011 0.016 0.003
526.3 1.0 1.0 1.0 1.488 0.546 0.347 0.011 0.016 0.003
526.4 1.0 1.0 1.0 1.488 0.546 0.347 0.011 0.016 0.003
526.5 1.0 1.0 1.0 1.488 0.546 0.347 0.011 0.016 0.003
526.6 1.0 1.0 1.0 1.488 0.546 0.347 0.011 0.016 0.003
526.7 1.0 1.0 1.0 1.488 0.546 0.347 0.011 0.016 0.003
526.8 1.0 1.0 1.0 1.488 0.546 0.347 0.011 0.016 0.003
526.9 1.0 1.0 1.0 1.488 0.546 0.347 0.011 0.016 0.003
527.0 1.0 1.0 1.0 1.488 0.546 0.347 0.011 0.016 0.003
527.1 1.0 1.0 1.0 1.488 0.546 0.347 0.011 0.016 0.003
527.2 1.0 1.0 1.0 1.488 0.546 0.347 0.011 0.016 0.003
527.3 1.0 1.0 1.0 1.488 0.546 0.347 0.011 0.016 0.003
527.4 1.0 1.0 1.0 1.488 0.546 0.347 0.011 0.016 0.003
527.5 1.0 1.0 1.0 1.488 0.546 0.347 0.011 0.016 0.003
527.6 1.0 1.0 1.0 1.488 0.546 0.347 0.011 0.016 0.003
527.7 1.0 1.0 1.0 1.488 0.546 0.347 0.011 0.016 0.003
527.8 1.0 1.0 1.0 1.488 0.546 0.347 0.011 0.016 0.003
527.9 1.0 1.0 1.0 1.488 0.546 0.347 0.011 0.016 0.003
528.0 1.0 1.0 1.0 1.488 0.546 0.347 0.011 0.016 0.003
528.1 1.0 1.0 1.0 1.488 0.546 0.347 0.011 0.016 0.003
528.2 1.0 1.0 1.0 1.488 0.546 0.347 0.011 0.016 0.003
528.3 1.0 1.0 1.0 1.488 0.546 0.347 0.011 0.016 0.003
528.4 1.0 1.0 1.0 1.488 0.546 0.347 0.011 0.016 0.003
528.5 1.0 1.0 1.0 1.488 0.546 0.347 0.011 0.016 0.003
528.6 1.0 1.0 1.0 1.488 0.546 0.347 0.011 0.016 0.003
528.7 1.0 1.0 1.0 1.488 0.546 0.347 0.011 0.016 0.003
528.8 1.0 1.0 1.0 1.488 0.546 0.347 0.011 0.016 0.003
528.9 1.0 1.0 1.0 1.488 0.546 0.347 0.011 0.016 0.003
529.0 1.0 1.0 1.0 1.488 0.546 0.347 0.011 0.016 0.003
529.1 1.0 1.0 1.0 1.488 0.546 0.347 0.011 0.016 0.003
529.2 1.0 1.0 1.0 1.488 0.546 0.347 0.011 0.016 0.003
529.3 1.0 1.0 1.0 1.488 0.546 0.347 0.011 0.016 0.003
529.4 1.0 1.0 1.0 1.487 0.546 0.347 0.011 0.016 0.003
529.5 1.0 1.0 1.0 1.487 0.546 0.347 0.011 0.016 0.003
529.6 1.0 1.0 1.0 1.487 0.546 0.347 0.011 0.016 0.003
529.7 1.0 1.0 1.0 1.487 0.546 0.347 0.011 0.016 0.003
529.8 1.0 1.0 1.0 1.487 0.546 0.347 0.011 0.016 0.003
529.9 1.0 1.0 1.0 1.487 0.546 0.347 0.011 0.016 0.003
530.0 1.0 1.0 1.0 1.487 0.546 0.347 0.011 0.016 0.003
530.1 1.0 1.0 1.0 1.487 0.546 0.347 0.011 0.016 0.003
530.2 1.0 1.0 1.0 1.487 0.546 0.347 0.011 0.016 0.003
530.3 1.0 1.0 1.0 1.487 0.546 0.347 0.011 0.016 0.003
530.4 1.0 1.0 1.0 1.487 0.546 0.347 0.011 0.016 0.003
530.5 1.0 1.0 1.0 1.487 0.546 0.347 0.011 0.016 0.003
530.6 1.0 1.0 1.0 1.487 0.546 0.347 0.011 0.016 0.003
530.7 1.0 1.0 1.0 1.487 0.546 0.347 0.011 0.016 0.003
530.8 1.0 1.0 1.0 1.487 0.546 0.347 0.011 0.016 0.003
530.9 1.0 1.0 1.0 1.487 0.546 0.347 0.011 0.016 0.003
531.0 1.0 1.0 1.0 1.487 0.546 0.347 0.011 0.016 0.003
531.1 1.0 1.0 1.0 1.487 0.546 0.347 0.011 0.016 0.003
531.2 1.0 1.0 1.0 1.487 0.546 0.347 0.011 0.016 0.003
531.3 1.0 1.0 1.0 1.487 0.546 0.347 0.011 0.016 0.003
531.4 1.0 1.0 1.0 1.487 0.546 0.347 0.011 0.016 0.003
531.5 1.0 1.0 1.0 1.487 0.546 0.347 0.011 0.016 0.003
531.6 1.0 1.0 1.0 1.487 0.546 0.347 0.011 0.016 0.003
531.7 1.0 1.0 1.0 1.487 0.546 0.347 0.011 0.016 0.003
531.8 1.0 1.0 1.0 1.487 0.546 0.347 0.011 0.016 0.003
531.9 1.0 1.0 1.0 1.487 0.546 0.347 0.011 0.016 0.003
532.0 1.0 1.0 1.0 1.487 0.546 0.347 0.011 0.016 0.003
532.1 1.0 1.0 1.0 1.487 0.546 0.347 0.011 0.016 0.003
532.2 1.0 1.0 1.0 1.487 0.546 0.347 0.011 0.016 0.003
532.3 1.0 1.0 1.0 1.487 0.546 0.347 0.011 0.016 0.003
532.4 1.0 1.0 1.0 1.487 0.546 0.347 0.011 0.016 0.003
532.5 1.0 1.0 1.0 1.487 0.546 0.347 0.011 0.016 0.003
532.6 1.0 1.0 1.0 1.487 0.546 0.347 0.011 0.016 0.003
532.7 1.0 1.0 1.0 1.487 0.546 0.347 0.011 0.016 0.003
532.8 1.0 1.0 1.0 1.487 0.546 0.347 0.011 0.016 0.003
532.9 1.0 1.0 1.0 1.487 0.546 0.347 0.011 0.016 0.003
533.0 1.0 1.0 1.0 1.487 0.546 0.347 0.011 0.016 0.003
533.1 1.0 1.0 1.0 1.487 0.546 0.347 0.011 0.016 0.003
533.2 1.0 1.0 1.0 1.487 0.546 0.347 0.011 0.016 0.003
533.3 1.0 1.0 1.0 1.487 0.546 0.347 0.011 0.016 0.003
533.4 1.0 1.0 1.0 1.487 0.546 0.347 0.011 0.016 0.003
533.5 1.0 1.0 1.0 1.487 0.546 0.347 0.011 0.016 0.003
533.6 1.0 1.0 1.0 1.487 0.546 0.347 0.011 0.016 0.003
533.7 1.0 1.0 1.0 1.487 0.546 0.347 0.011 0.016 0.003
533.8 1.0 1.0 1.0 1.487 0.546 0.347 0.011 0.016 0.003
533.9 1.0 1.0 1.0 1.487 0.546 0.347 0.011 0.016 0.003
534.0 1.0 1.0 1.0 1.487 0.546 0.347 0.011 0.016 0.003
534.1 1.0 1.0 1.0 1.487 0.546 0.347 0.011 0.016 0.003
534.2 1.0 1.0 1.0 1.487 0.546 0.347 0.011 0.016 0.003
534.3 1.0 1.0 1.0 1.487 0.546 0.347 0.011 0.016 0.003
534.4 1.0 1.0 1.0 1.487 0.546 0.347 0.011 0.016 0.003
534.5 1.0 1.0 1.0 1.487 0.546 0.347 0.011 0.016 0.003
534.6 1.0 1.0 1.0 1.487 0.546 0.347 0.011 0.016 0.003
534.7 1.0 1.0 1.0 1.487 0.546 0.347 0.011 0.016 0.003
534.8 1.0 1.0 1.0 1.487 0.546 0.347 0.011 0.016 0.003
534.9 1.0 1.0 1.0 1.487 0.546 0.347 0.011 0.016 0.003
535.0 1.0 1.0 1.0 1.487 0.546 0.347 0.011 0.016 0.003
535.1 1.0 1.0 1.0 1.487 0.546 0.347 0.011 0.016 0.003
535.2 1.0 1.0 1.0 1.487 0.546 0.347 0.011 0.016 0.003
535.3 1.0 1.0 1.0 1.487 0.546 0.347 0.011 0.016 0.003
535.4 1.0 1.0 1.0 1.487 0.546 0.347 0.011 0.016 0.003
535.5 1.0 1.0 1.0 1.487 0.546 0.347 0.011 0.016 0.003
535.6 1.0 1.0 1.0 1.487 0.546 0.347 0.011 0.016 0.003
535.7 1.0 1.0 1.0 1.487 0.546 0.347 0.011 0.016 0.003
535.8 1.0 1.0 1.0 1.487 0.546 0.347 0.011 0.016 0.003
535.9 1.0 1.0 1.0 1.487 0.546 0.347 0.011 0.016 0.003
536.0 1.0 1.0 1.0 1.487 0.546 0.347 0.011 0.016 0.003
536.1 1.0 1.0 1.0 1.487 0.546 0.347 0.011 0.016 0.003
536.2 1.0 1.0 1.0 1.487 0.546 0.347 0.011 0.016 0.003
536.3 1.0 1.0 1.0 1.487 0.546 0.347 0.011 0.016 0.003
536.4 1.0 1.0 1.0 1.487 0.546 0.347 0.011 0.016 0.003
536.5 1.0 1.0 1.0 1.487 0.546 0.347 0.011 0.016 0.003
536.6 1.0 1.0 1.0 1.487 0.546 0.347 0.011 0.016 0.003
536.7 1.0 1.0 1.0 1.487 0.546 0.347 0.011 0.016 0.003
536.8 1.0 1.0 1.0 1.487 0.546 0.347 0.011 0.016 0.003
536.9 1.0 1.0 1.0 1.487 0.546 0.347 0.011 0.016 0.003
537.0 1.0 1.0 1.0 1.487 0.546 0.347 0.011 0.016 0.003
537.1 1.0 1.0 1.0 1.487 0.546 0.347 0.011 0.016 0.003
537.2 1.0 1.0 1.0 1.487 0.546 0.347 0.011 0.016 0.003
537.3 1.0 1.0 1.0 1.487 0.546 0.347 0.011 0.016 0.003
537.4 1.0 1.0 1.0 1.487 0.546 0.347 0.011 0.016 0.003
537.5 1.0 1.0 1.0 1.487 0.546 0.347 0.011 0.016 0.003
537.6 1.0 1.0 1.0 1.487 0.546 0.347 0.011 0.016 0.003
537.7 1.0 1.0 1.0 1.487 0.546 0.347 0.011 0.016 0.003
537.8 1.0 1.0 1.0 1.487 0.546 0.347 0.011 0.016 0.003
537.9 1.0 1.0 1.0 1.487 0.546 0.347 0.011 0.016 0.003
538.0 1.0 1.0 1.0 1.487 0.546 0.347 0.011 0.016 0.003
538.1 1.0 1.0 1.0 1.487 0.546 0.347 0.011 0.016 0.003
538.2 1.0 1.0 1.0 1.487 0.546 0.347 0.011 0.016 0.003
538.3 1.0 1.0 1.0 1.487 0.546 0.347 0.011 0.016 0.003
538.4 1.0 1.0 1.0 1.487 0.546 0.347 0.011 0.016 0.003
538.5 1.0 1.0 1.0 1.487 0.546 0.347 0.011 0.016 0.003
538.6 1.0 1.0 1.0 1.487 0.546 0.347 0.011 0.016 0.003
538.7 1.0 1.0 1.0 1.487 0.546 0.347 0.011 0.016 0.003
538.8 1.0 1.0 1.0 1.487 0.546 0.347 0.011 0.016 0.003
538.9 1.0 1.0 1.0 1.487 0.546 0.347 0.011 0.016 0.003
539.0 1.0 1.0 1.0 1.487 0.546 0.347 0.011 0.016 0.003
539.1 1.0 1.0 1.0 1.487 0.546 0.347 0.011 0.016 0.003
539.2 1.0 1.0 1.0 1.487 0.546 0.347 0.011 0.016 0.003
539.3 1.0 1.0 1.0 1.487 0.546 0.347 0.011 0.016 0.003
539.4 1.0 1.0 1.0 1.487 0.546 0.347 0.011 0.016 0.003
539.5 1.0 1.0 1.0 1.487 0.546 0.347 0.011 0.016 0.003
539.6 1.0 1.0 1.0 1.487 0.546 0.347 0.011 0.016 0.003
539.7 1.0 1.0 1.0 1.487 0.546 0.347 0.011 0.016 0.003
539.8 1.0 1.0 1.0 1.487 0.546 0.347 0.011 0.016 0.003
539.9 1.0 1.0 1.0 1.487 0.546 0.347 0.011 0.016 0.003
540.0 1.0 1.0 1.0 1.487 0.546 0.347 0.011 0.016 0.003
540.1 1.0 1.0 1.0 1.487 0.546 0.347 0.011 0.016 0.003
540.2 1.0 1.0 1.0 1.487 0.546 0.347 0.011 0.016 0.003
540.3 1.0 1.0 1.0 1.487 0.546 0.347 0.011 0.016 0.003
540.4 1.0 1.0 1.0 1.487 0.546 0.347 0.011 0.016 0.003
540.5 1.0 1.0 1.0 1.487 0.546 0.347 0.011 0.016 0.003
540.6 1.0 1.0 1.0 1.487 0.546 0.347 0.011 0.016 0.003
540.7 1.0 1.0 1.0 1.487 0.546 0.347 0.011 0.016 0.003
540.8 1.0 1.0 1.0 1.487 0.546 0.347 0.011 0.016 0.003
540.9 1.0 1.0 1.0 1.487 0.546 0.347 0.011 0.016 0.003
541.0 1.0 1.0 1.0 1.487 0.546 0.347 0.011 0.016 0.003
541.1 1.0 1.0 1.0 1.487 0.546 0.347 0.011 0.016 0.003
541.2 1.0 1.0 1.0 1.487 0.546 0.347 0.011 0.016 0.003
541.3 1.0 1.0 1.0 1.487 0.546 0.347 0.011 0.016 0.003
541.4 1.0 1.0 1.0 1.487 0.546 0.347 0.011 0.016 0.003
541.5 1.0 1.0 1.0 1.487 0.546 0.347 0.011 0.016 0.003
541.6 1.0 1.0 1.0 1.487 0.546 0.347 0.011 0.016 0.003
541.7 1.0 1.0 1.0 1.487 0.546 0.347 0.011 0.016 0.003
541.8 1.0 1.0 1.0 1.487 0.546 0.347 0.011 0.016 0.003
541.9 1.0 1.0 1.0 1.487 0.546 0.347 0.011 0.016 0.003
542.0 1.0 1.0 1.0 1.487 0.546 0.347 0.011 0.016 0.003
542.1 1.0 1.0 1.0 1.487 0.546 0.347 0.011 0.016 0.003
542.2 1.0 1.0 1.0 1.487 0.546 0.347 0.011 0.016 0.003
542.3 1.0 1.0 1.0 1.487 0.546 0.347 0.011 0.016 0.003
542.4 1.0 1.0 1.0 1.487 0.546 0.347 0.011 0.016 0.003
542.5 1.0 1.0 1.0 1.487 0.546 0.347 0.011 0.016 0.003
542.6 1.0 1.0 1.0 1.487 0.546 0.347 0.011 0.016 0.003
542.7 1.0 1.0 1.0 1.487 0.546 0.347 0.011 0.016 0.003
542.8 1.0 1.0 1.0 1.487 0.546 0.347 0.011 0.016 0.003
542.9 1.0 1.0 1.0 1.487 0.546 0.347 0.011 0.016 0.003
543.0 1.0 1.0 1.0 1.487 0.546 0.347 0.011 0.016 0.003
543.1 1.0 1.0 1.0 1.487 0.546 0.347 0.011 0.016 0.003
543.2 1.0 1.0 1.0 1.487 0.546 0.347 0.011 0.016 0.003
543.3 1.0 1.0 1.0 1.487 0.546 0.347 0.011 0.016 0.003
543.4 1.0 1.0 1.0 1.487 0.546 0.347 0.011 0.016 0.003
543.5 1.0 1.0 1.0 1.487 0.546 0.347 0.011 0.016 0.003
543.6 1.0 1.0 1.0 1.487 0.546 0.347 0.011 0.016 0.003
543.7 1.0 1.0 1.0 1.487 0.546 0.347 0.011 0.016 0.003
543.8 1.0 1.0 1.0 1.487 0.546 0.347 0.011 0.016 0.003
543.9 1.0 1.0 1.0 1.487 0.546 0.347 0.011 0.016 0.003
544.0 1.0 1.0 1.0 1.487 0.546 0.347 0.011 0.016 0.003
544.1 1.0 1.0 1.0 1.487 0.546 0.347 0.011 0.016 0.003
544.2 1.0 1.0 1.0 1.487 0.546 0.347 0.011 0.016 0.003
544.3 1.0 1.0 1.0 1.487 0.546 0.347 0.011 0.016 0.003
544.4 1.0 1.0 1.0 1.487 0.546 0.347 0.011 0.016 0.003
544.5 1.0 1.0 1.0 1.487 0.546 0.347 0.011 0.016 0.003
544.6 1.0 1.0 1.0 1.487 0.546 0.347 0.011 0.016 0.003
544.7 1.0 1.0 1.0 1.487 0.546 0.347 0.011 0.016 0.003
544.8 1.0 1.0 1.0 1.487 0.546 0.347 0.011 0.016 0.003
544.9 1.0 1.0 1.0 1.487 0.546 0.347 0.011 0.016 0.003
545.0 1.0 1.0 1.0 1.487 0.546 0.347 0.011 0.016 0.003
545.1 1.0 1.0 1.0 1.487 0.546 0.347 0.011 0.016 0.003
545.2 1.0 1.0 1.0 1.487 0.546 0.347 0.011 0.016 0.003
545.3 1.0 1.0 1.0 1.487 0.546 0.347 0.011 0.016 0.003
545.4 1.0 1.0 1.0 1.487 0.546 0.347 0.011 0.016 0.003
545.5 1.0 1.0 1.0 1.487 0.546 0.347 0.011 0.016 0.003
545.6 1.0 1.0 1.0 1.487 0.546 0.347 0.011 0.016 0.003
545.7 1.0 1.0 1.0 1.487 0.546 0.347 0.011 0.016 0.003
545.8 1.0 1.0 1.0 1.487 0.546 0.347 0.011 0.016 0.003
545.9 1.0 1.0 1.0 1.487 0.546 0.347 0.011 0.016 0.003
546.0 1.0 1.0 1.0 1.487 0.546 0.347 0.011 0.016 0.003
546.1 1.0 1.0 1.0 1.487 0.546 0.347 0.011 0.016 0.003
546.2 1.0 1.0 1.0 1.487 0.546 0.347 0.011 0.016 0.003
546.3 1.0 1.0 1.0 1.487 0.546 0.347 0.011 0.016 0.003
546.4 1.0 1.0 1.0 1.487 0.546 0.347 0.011 0.016 0.003
546.5 1.0 1.0 1.0 1.487 0.546 0.347 0.011 0.016 0.003
546.6 1.0 1.0 1.0 1.487 0.546 0.347 0.011 0.016 0.003
546.7 1.0 1.0 1.0 1.487 0.546 0.347 0.011 0.016 0.003
546.8 1.0 1.0 1.0 1.487 0.546 0.347 0.011 0.016 0.003
546.9 1.0 1.0 1.0 1.487 0.546 0.347 0.011 0.016 0.003
547.0 1.0 1.0 1.0 1.487 0.546 0.347 0.011 0.016 0.003
547.1 1.0 1.0 1.0 1.487 0.546 0.347 0.011 0.016 0.003
547.2 1.0 1.0 1.0 1.487 0.546 0.347 0.011 0.016 0.003
547.3 1.0 1.0 1.0 1.487 0.546 0.347 0.011 0.016 0.003
547.4 1.0 1.0 1.0 1.487 0.546 0.347 0.011 0.016 0.003
547.5 1.0 1.0 1.0 1.487 0.546 0.347 0.011 0.016 0.003
547.6 1.0 1.0 1.0 1.487 0.546 0.347 0.011 0.016 0.003
547.7 1.0 1.0 1.0 1.487 0.546 0.347 0.011 0.016 0.003
547.8 1.0 1.0 1.0 1.487 0.546 0.347 0.011 0.016 0.003
547.9 1.0 1.0 1.0 1.487 0.546 0.347 0.011 0.016 0.003
548.0 1.0 1.0 1.0 1.487 0.546 0.347 0.011 0.016 0.003
548.1 1.0 1.0 1.0 1.487 0.546 0.347 0.011 0.016 0.003
548.2 1.0 1.0 1.0 1.487 0.546 0.347 0.011 0.016 0.003
548.3 1.0 1.0 1.0 1.487 0.546 0.347 0.011 0.016 0.003
548.4 1.0 1.0 1.0 1.487 0.546 0.347 0.011 0.016 0.003
548.5 1.0 1.0 1.0 1.487 0.546 0.347 0.011 0.016 0.003
548.6 1.0 1.0 1.0 1.487 0.546 0.347 0.011 0.016 0.003
548.7 1.0 1.0 1.0 1.487 0.546 0.347 0.011 0.016 0.003
548.8 1.0 1.0 1.0 1.487 0.546 0.347 0.011 0.016 0.003
548.9 1.0 1.0 1.0 1.487 0.546 0.347 0.011 0.016 0.003
549.0 1.0 1.0 1.0 1.487 0.546 0.347 0.011 0.016 0.003
549.1 1.0 1.0 1.0 1.487 0.546 0.347 0.011 0.016 0.003
549.2 1.0 1.0 1.0 1.487 0.546 0.347 0.011 0.016 0.003
549.3 1.0 1.0 1.0 1.487 0.546 0.347 0.011 0.016 0.003
549.4 1.0 1.0 1.0 1.487 0.546 0.347 0.011 0.016 0.003
549.5 1.0 1.0 1.0 1.487 0.546 0.347 0.011 0.016 0.003
549.6 1.0 1.0 1.0 1.487 0.546 0.347 0.011 0.016 0.003
549.7 1.0 1.0 1.0 1.487 0.546 0.347 0.011 0.016 0.003
549.8 1.0 1.0 1.0 1.487 0.546 0.347 0.011 0.016 0.003
549.9 1.0 1.0 1.0 1.487 0.546 0.347 0.011 0.016 0.003
550.0 1.0 1.0 1.0 1.487 0.546 0.347 0.011 0.016 0.003
550.1 1.0 1.0 1.0 1.487 0.546 0.347 0.011 0.016 0.003
550.2 1.0 1.0 1.0 1.487 0.546 0.347 0.011 0.016 0.003
550.3 1.0 1.0 1.0 1.487 0.546 0.347 0.011 0.016 0.003
550.4 1.0 1.0 1.0 1.487 0.546 0.347 0.011 0.016 0.003
550.5 1.0 1.0 1.0 1.487 0.546 0.347 0.011 0.016 0.003
550.6 1.0 1.0 1.0 1.487 0.546 0.347 0.011 0.016 0.003
550.7 1.0 1.0 1.0 1.487 0.546 0.347 0.011 0.016 0.003
550.8 1.0 1.0 1.0 1.487 0.546 0.347 0.011 0.016 0.003
550.9 1.0 1.0 1.0 1.487 0.546 0.347 0.011 0.016 0.003
551.0 1.0 1.0 1.0 1.487 0.546 0.347 0.011 0.016 0.003
551.1 1.0 1.0 1.0 1.487 0.546 0.347 0.011 0.016 0.003
551.2 1.0 1.0 1.0 1.487 0.546 0.347 0.011 0.016 0.003
551.3 1.0 1.0 1.0 1.487 0.546 0.347 0.011 0.016 0.003
551.4 1.0 1.0 1.0 1.487 0.546 0.347 0.011 0.016 0.003
551.5 1.0 1.0 1.0 1.487 0.546 0.347 0.011 0.016 0.003
551.6 1.0 1.0 1.0 1.487 0.546 0.347 0.011 0.016 0.003
551.7 1.0 1.0 1.0 1.487 0.546 0.347 0.011 0.016 0.003
551.8 1.0 1.0 1.0 1.487 0.546 0.347 0.011 0.016 0.003
551.9 1.0 1.0 1.0 1.487 0.546 0.347 0.011 0.016 0.003
552.0 1.0 1.0 1.0 1.487 0.546 0.347 0.011 0.016 0.003
552.1 1.0 1.0 1.0 1.487 0.546 0.347 0.011 0.016 0.003
552.2 1.0 1.0 1.0 1.487 0.546 0.347 0.011 0.016 0.003
552.3 1.0 1.0 1.0 1.487 0.546 0.347 0.011 0.016 0.003
552.4 1.0 1.0 1.0 1.487 0.546 0.347 0.011 0.016 0.003
552.5 1.0 1.0 1.0 1.487 0.546 0.347 0.011 0.016 0.003
552.6 1.0 1.0 1.0 1.487 0.546 0.347 0.011 0.016 0.003
552.7 1.0 1.0 1.0 1.487 0.546 0.347 0.011 0.016 0.003
552.8 1.0 1.0 1.0 1.487 0.546 0.347 0.011 0.016 0.003
552.9 1.0 1.0 1.0 1.487 0.546 0.347 0.011 0.016 0.003
553.0 1.0 1.0 1.0 1.487 0.546 0.347 0.011 0.016 0.003
553.1 1.0 1.0 1.0 1.487 0.546 0.347 0.011 0.016 0.003
553.2 1.0 1.0 1.0 1.487 0.546 0.347 0.011 0.016 0.003
553.3 1.0 1.0 1.0 1.487 0.546 0.347 0.011 0.016 0.003
553.4 1.0 1.0 1.0 1.487 0.546 0.347 0.011 0.016 0.003
553.5 1.0 1.0 1.0 1.487 0.546 0.347 0.011 0.016 0.003
553.6 1.0 1.0 1.0 1.487 0.546 0.347 0.011 0.016 0.003
553.7 1.0 1.0 1.0 1.487 0.546 0.347 0.011 0.016 0.003
553.8 1.0 1.0 1.0 1.487 0.546 0.347 0.011 0.016 0.003
553.9 1.0 1.0 1.0 1.487 0.546 0.347 0.011 0.016 0.003
554.0 1.0 1.0 1.0 1.487 0.546 0.347 0.011 0.016 0.003
554.1 1.0 1.0 1.0 1.487 0.546 0.347 0.011 0.016 0.003
554.2 1.0 1.0 1.0 1.487 0.546 0.347 0.011 0.016 0.003
554.3 1.0 1.0 1.0 1.487 0.546 0.347 0.011 0.016 0.003
554.4 1.0 1.0 1.0 1.487 0.546 0.347 0.011 0.016 0.003
554.5 1.0 1.0 1.0 1.487 0.546 0.347 0.011 0.016 0.003
554.6 1.0 1.0 1.0 1.487 0.546 0.347 0.011 0.016 0.003
554.7 1.0 1.0 1.0 1.487 0.546 0.347 0.011 0.016 0.003
554.8 1.0 1.0 1.0 1.487 0.546 0.347 0.011 0.016 0.003
554.9 1.0 1.0 1.0 1.487 0.546 0.347 0.011 0.016 0.003
555.0 1.0 1.0 1.0 1.487 0.546 0.347 0.011 0.016 0.003
555.1 1.0 1.0 1.0 1.487 0.546 0.347 0.011 0.016 0.003
555.2 1.0 1.0 1.0 1.487 0.546 0.347 0.011 0.016 0.003
555.3 1.0 1.0 1.0 1.487 0.546 0.347 0.011 0.016 0.003
555.4 1.0 1.0 1.0 1.487 0.546 0.347 0.011 0.016 0.003
555.5 1.0 1.0 1.0 1.487 0.546 0.347 0.011 0.016 0.003
555.6 1.0 1.0 1.0 1.487 0.546 0.347 0.011 0.016 0.003
555.7 1.0 1.0 1.0 1.487 0.546 0.347 0.011 0.016 0.003
555.8 1.0 1.0 1.0 1.487 0.546 0.347 0.011 0.016 0.003
555.9 1.0 1.0 1.0 1.487 0.546 0.347 0.011 0.016 0.003
556.0 1.0 1.0 1.0 1.487 0.546 0.347 0.011 0.016 0.003
556.1 1.0 1.0 1.0 1.487 0.546 0.347 0.011 0.016 0.003
556.2 1.0 1.0 1.0 1.487 0.546 0.347 0.011 0.016 0.003
556.3 1.0 1.0 1.0 1.487 0.546 0.347 0.011 0.016 0.003
556.4 1.0 1.0 1.0 1.487 0.546 0.347 0.011 0.016 0.003
556.5 1.0 1.0 1.0 1.487 0.546 0.347 0.011 0.016 0.003
556.6 1.0 1.0 1.0 1.487 0.546 0.347 0.011 0.016 0.003
556.7 1.0 1.0 1.0 1.487 0.546 0.347 0.011 0.016 0.003
556.8 1.0 1.0 1.0 1.487 0.546 0.347 0.011 0.016 0.003
556.9 1.0 1.0 1.0 1.487 0.546 0.347 0.011 0.016 0.003
557.0 1.0 1.0 1.0 1.487 0.546 0.347 0.011 0.016 0.003
557.1 1.0 1.0 1.0 1.487 0.546 0.347 0.011 0.016 0.003
557.2 1.0 1.0 1.0 1.487 0.546 0.347 0.011 0.016 0.003
557.3 1.0 1.0 1.0 1.487 0.546 0.347 0.011 0.016 0.003
557.4 1.0 1.0 1.0 1.487 0.546 0.347 0.011 0.016 0.003
557.5 1.0 1.0 1.0 1.487 0.546 0.347 0.011 0.016 0.003
557.6 1.0 1.0 1.0 1.487 0.546 0.347 0.011 0.016 0.003
557.7 1.0 1.0 1.0 1.487 0.546 0.347 0.011 0.016 0.003
557.8 1.0 1.0 1.0 1.487 0.546 0.347 0.011 0.016 0.003
557.9 1.0 1.0 1.0 1.487 0.546 0.347 0.011 0.016 0.003
558.0 1.0 1.0 1.0 1.487 0.546 0.347 0.011 0.016 0.003
558.1 1.0 1.0 1.0 1.487 0.546 0.347 0.011 0.016 0.003
558.2 1.0 1.0 1.0 1.487 0.546 0.347 0.011 0.016 0.003
558.3 1.0 1.0 1.0 1.487 0.546 0.347 0.011 0.016 0.003
558.4 1.0 1.0 1.0 1.487 0.546 0.347 0.011 0.016 0.003
558.5 1.0 1.0 1.0 1.487 0.546 0.347 0.011 0.016 0.003
558.6 1.0 1.0 1.0 1.487 0.546 0.347 0.011 0.016 0.003
558.7 1.0 1.0 1.0 1.487 0.546 0.347 0.011 0.016 0.003
558.8 1.0 1.0 1.0 1.487 0.546 0.347 0.011 0.016 0.003
558.9 1.0 1.0 1.0 1.487 0.546 0.347 0.011 0.016 0.003
559.0 1.0 1.0 1.0 1.487 0.546 0.347 0.011 0.016 0.003
559.1 1.0 1.0 1.0 1.487 0.546 0.347 0.011 0.016 0.003
559.2 1.0 1.0 1.0 1.487 0.546 0.347 0.011 0.016 0.003
559.3 1.0 1.0 1.0 1.487 0.546 0.347 0.011 0.016 0.003
559.4 1.0 1.0 1.0 1.487 0.546 0.347 0.011 0.016 0.003
559.5 1.0 1.0 1.0 1.487 0.546 0.347 0.011 0.016 0.003
559.6 1.0 1.0 1.0 1.487 0.546 0.347 0.011 0.016 0.003
559.7 1.0 1.0 1.0 1.487 0.546 0.347 0.011 0.016 0.003
559.8 1.0 1.0 1.0 1.487 0.546 0.347 0.011 0.016 0.003
559.9 1.0 1.0 1.0 1.487 0.546 0.347 0.011 0.016 0.003
560.0 1.0 1.0 1.0 1.487 0.546 0.347 0.011 0.016 0.003
560.1 1.0 1.0 1.0 1.487 0.546 0.347 0.011 0.016 0.003
560.2 1.0 1.0 1.0 1.487 0.546 0.347 0.011 0.016 0.003
560.3 1.0 1.0 1.0 1.487 0.546 0.347 0.011 0.016 0.003
560.4 1.0 1.0 1.0 1.487 0.546 0.347 0.011 0.016 0.003
560.5 1.0 1.0 1.0 1.487 0.546 0.347 0.011 0.016 0.003
560.6 1.0 1.0 1.0 1.487 0.546 0.347 0.011 0.016 0.003
560.7 1.0 1.0 1.0 1.487 0.546 0.347 0.011 0.016 0.003
560.8 1.0 1.0 1.0 1.487 0.546 0.347 0.011 0.016 0.003
560.9 1.0 1.0 1.0 1.487 0.546 0.347 0.011 0.016 0.003
561.0 1.0 1.0 1.0 1.487 0.546 0.347 0.011 0.016 0.003
561.1 1.0 1.0 1.0 1.487 0.546 0.347 0.011 0.016 0.003
561.2 1.0 1.0 1.0 1.487 0.546 0.347 0.011 0.016 0.003
561.3 1.0 1.0 1.0 1.487 0.546 0.347 0.011 0.016 0.003
561.4 1.0 1.0 1.0 1.487 0.546 0.347 0.011 0.016 0.003
561.5 1.0 1.0 1.0 1.487 0.546 0.347 0.011 0.016 0.003
561.6 1.0 1.0 1.0 1.487 0.546 0.347 0.011 0.016 0.003
561.7 1.0 1.0 1.0 1.487 0.546 0.347 0.011 0.016 0.003
561.8 1.0 1.0 1.0 1.487 0.546 0.347 0.011 0.016 0.003
561.9 1.0 1.0 1.0 1.487 0.546 0.347 0.011 0.016 0.003
562.0 1.0 1.0 1.0 1.487 0.546 0.347 0.011 0.016 0.003
562.1 1.0 1.0 1.0 1.487 0.546 0.347 0.011 0.016 0.003
562.2 1.0 1.0 1.0 1.487 0.546 0.347 0.011 0.016 0.003
562.3 1.0 1.0 1.0 1.487 0.546 0.347 0.011 0.016 0.003
562.4 1.0 1.0 1.0 1.487 0.546 0.347 0.011 0.016 0.003
562.5 1.0 1.0 1.0 1.487 0.546 0.347 0.011 0.016 0.003
562.6 1.0 1.0 1.0 1.487 0.546 0.347 0.011 0.016 0.003
562.7 1.0 1.0 1.0 1.487 0.546 0.347 0.011 0.016 0.003
562.8 1.0 1.0 1.0 1.487 0.546 0.347 0.011 0.016 0.003
562.9 1.0 1.0 1.0 1.487 0.546 0.347 0.011 0.016 0.003
563.0 1.0 1.0 1.0 1.487 0.546 0.347 0.011 0.016 0.003
563.1 1.0 1.0 1.0 1.487 0.546 0.347 0.011 0.016 0.003
563.2 1.0 1.0 1.0 1.487 0.546 0.347 0.011 0.016 0.003
563.3 1.0 1.0 1.0 1.487 0.546 0.347 0.011 0.016 0.003
563.4 1.0 1.0 1.0 1.487 0.546 0.347 0.011 0.016 0.003
563.5 1.0 1.0 1.0 1.487 0.546 0.347 0.011 0.016 0.003
563.6 1.0 1.0 1.0 1.487 0.546 0.347 0.011 0.016 0.003
563.7 1.0 1.0 1.0 1.487 0.546 0.347 0.011 0.016 0.003
563.8 1.0 1.0 1.0 1.487 0.546 0.347 0.011 0.016 0.003
563.9 1.0 1.0 1.0 1.487 0.546 0.347 0.011 0.016 0.003
564.0 1.0 1.0 1.0 1.487 0.546 0.347 0.011 0.016 0.003
564.1 1.0 1.0 1.0 1.487 0.546 0.347 0.011 0.016 0.003
564.2 1.0 1.0 1.0 1.487 0.546 0.347 0.011 0.016 0.003
564.3 1.0 1.0 1.0 1.487 0.546 0.347 0.011 0.016 0.003
564.4 1.0 1.0 1.0 1.487 0.546 0.347 0.011 0.016 0.003
564.5 1.0 1.0 1.0 1.487 0.546 0.347 0.011 0.016 0.003
564.6 1.0 1.0 1.0 1.487 0.546 0.347 0.011 0.016 0.003
564.7 1.0 1.0 1.0 1.487 0.546 0.347 0.011 0.016 0.003
564.8 1.0 1.0 1.0 1.487 0.546 0.347 0.011 0.016 0.003
564.9 1.0 1.0 1.0 1.487 0.546 0.347 0.011 0.016 0.003
565.0 1.0 1.0 1.0 1.487 0.546 0.347 0.011 0.016 0.003
565.1 1.0 1.0 1.0 1.487 0.546 0.347 0.011 0.016 0.003
565.2 1.0 1.0 1.0 1.487 0.546 0.347 0.011 0.016 0.003
565.3 1.0 1.0 1.0 1.487 0.546 0.347 0.011 0.016 0.003
565.4 1.0 1.0 1.0 1.487 0.546 0.347 0.011 0.016 0.003
565.5 1.0 1.0 1.0 1.487 0.546 0.347 0.011 0.016 0.003
565.6 1.0 1.0 1.0 1.487 0.546 0.347 0.011 0.016 0.003
565.7 1.0 1.0 1.0 1.487 0.546 0.347 0.011 0.016 0.003
565.8 1.0 1.0 1.0 1.487 0.546 0.347 0.011 0.016 0.003
565.9 1.0 1.0 1.0 1.487 0.546 0.347 0.011 0.016 0.003
566.0 1.0 1.0 1.0 1.487 0.546 0.347 0.011 0.016 0.003
566.1 1.0 1.0 1.0 1.487 0.546 0.347 0.011 0.016 0.003
566.2 1.0 1.0 1.0 1.487 0.546 0.347 0.011 0.016 0.003
566.3 1.0 1.0 1.0 1.487 0.546 0.347 0.011 0.016 0.003
566.4 1.0 1.0 1.0 1.487 0.546 0.347 0.011 0.016 0.003
566.5 1.0 1.0 1.0 1.487 0.546 0.347 0.011 0.016 0.003
566.6 1.0 1.0 1.0 1.487 0.546 0.347 0.011 0.016 0.003
566.7 1.0 1.0 1.0 1.487 0.546 0.347 0.011 0.016 0.003
566.8 1.0 1.0 1.0 1.487 0.546 0.347 0.011 0.016 0.003
566.9 1.0 1.0 1.0 1.487 0.546 0.347 0.011 0.016 0.003
567.0 1.0 1.0 1.0 1.487 0.546 0.347 0.011 0.016 0.003
567.1 1.0 1.0 1.0 1.487 0.546 0.347 0.011 0.016 0.003
567.2 1.0 1.0 1.0 1.487 0.546 0.347 0.011 0.016 0.003
567.3 1.0 1.0 1.0 1.487 0.546 0.347 0.011 0.016 0.003
567.4 1.0 1.0 1.0 1.487 0.546 0.347 0.011 0.016 0.003
567.5 1.0 1.0 1.0 1.487 0.546 0.347 0.011 0.016 0.003
567.6 1.0 1.0 1.0 1.487 0.546 0.347 0.011 0.016 0.003
567.7 1.0 1.0 1.0 1.487 0.546 0.347 0.011 0.016 0.003
567.8 1.0 1.0 1.0 1.487 0.546 0.347 0.011 0.016 0.003
567.9 1.0 1.0 1.0 1.487 0.546 0.347 0.011 0.016 0.003
568.0 1.0 1.0 1.0 1.487 0.546 0.347 0.011 0.016 0.003
568.1 1.0 1.0 1.0 1.487 0.546 0.347 0.011 0.016 0.003
568.2 1.0 1.0 1.0 1.487 0.546 0.347 0.011 0.016 0.003
568.3 1.0 1.0 1.0 1.487 0.546 0.347 0.011 0.016 0.003
568.4 1.0 1.0 1.0 1.487 0.546 0.347 0.011 0.016 0.003
568.5 1.0 1.0 1.0 1.487 0.546 0.347 0.011 0.016 0.003
568.6 1.0 1.0 1.0 1.487 0.546 0.347 0.011 0.016 0.003
568.7 1.0 1.0 1.0 1.487 0.546 0.347 0.011 0.016 0.003
568.8 1.0 1.0 1.0 1.487 0.546 0.347 0.011 0.016 0.003
568.9 1.0 1.0 1.0 1.487 0.546 0.347 0.011 0.016 0.003
569.0 1.0 1.0 1.0 1.487 0.546 0.347 0.011 0.016 0.003
569.1 1.0 1.0 1.0 1.487 0.546 0.347 0.011 0.016 0.003
569.2 1.0 1.0 1.0 1.487 0.546 0.347 0.011 0.016 0.003
569.3 1.0 1.0 1.0 1.487 0.546 0.347 0.011 0.016 0.003
569.4 1.0 1.0 1.0 1.487 0.546 0.347 0.011 0.016 0.003
569.5 1.0 1.0 1.0 1.487 0.546 0.347 0.011 0.016 0.003
569.6 1.0 1.0 1.0 1.487 0.546 0.347 0.011 0.016 0.003
569.7 1.0 1.0 1.0 1.487 0.546 0.347 0.011 0.016 0.003
569.8 1.0 1.0 1.0 1.487 0.546 0.347 0.011 0.016 0.003
569.9 1.0 1.0 1.0 1.487 0.546 0.347 0.011 0.016 0.003
570.0 1.0 1.0 1.0 1.487 0.546 0.347 0.011 0.016 0.003
570.1 1.0 1.0 1.0 1.487 0.546 0.347 0.011 0.016 0.003
570.2 1.0 1.0 1.0 1.487 0.546 0.347 0.011 0.016 0.003
570.3 1.0 1.0 1.0 1.487 0.546 0.347 0.011 0.016 0.003
570.4 1.0 1.0 1.0 1.487 0.546 0.347 0.011 0.016 0.003
570.5 1.0 1.0 1.0 1.487 0.546 0.347 0.011 0.016 0.003
570.6 1.0 1.0 1.0 1.487 0.546 0.347 0.011 0.016 0.003
570.7 1.0 1.0 1.0 1.487 0.546 0.347 0.011 0.016 0.003
570.8 1.0 1.0 1.0 1.487 0.546 0.347 0.011 0.016 0.003
570.9 1.0 1.0 1.0 1.487 0.546 0.347 0.011 0.016 0.003
571.0 1.0 1.0 1.0 1.487 0.546 0.347 0.011 0.016 0.003
571.1 1.0 1.0 1.0 1.487 0.546 0.347 0.011 0.016 0.003
571.2 1.0 1.0 1.0 1.487 0.546 0.347 0.011 0.016 0.003
571.3 1.0 1.0 1.0 1.487 0.546 0.347 0.011 0.016 0.003
571.4 1.0 1.0 1.0 1.487 0.546 0.347 0.011 0.016 0.003
571.5 1.0 1.0 1.0 1.487 0.546 0.347 0.011 0.016 0.003
571.6 1.0 1.0 1.0 1.487 0.546 0.347 0.011 0.016 0.003
571.7 1.0 1.0 1.0 1.487 0.546 0.347 0.011 0.016 0.003
571.8 1.0 1.0 1.0 1.487 0.546 0.347 0.011 0.016 0.003
571.9 1.0 1.0 1.0 1.487 0.546 0.347 0.011 0.016 0.003
572.0 1.0 1.0 1.0 1.487 0.546 0.347 0.011 0.016 0.003
572.1 1.0 1.0 1.0 1.487 0.546 0.347 0.011 0.016 0.003
572.2 1.0 1.0 1.0 1.487 0.546 0.347 0.011 0.016 0.003
572.3 1.0 1.0 1.0 1.487 0.546 0.347 0.011 0.016 0.003
572.4 1.0 1.0 1.0 1.487 0.546 0.347 0.011 0.016 0.003
572.5 1.0 1.0 1.0 1.487 0.546 0.347 0.011 0.016 0.003
572.6 1.0 1.0 1.0 1.487 0.546 0.347 0.011 0.016 0.003
572.7 1.0 1.0 1.0 1.487 0.546 0.347 0.011 0.016 0.003
572.8 1.0 1.0 1.0 1.487 0.546 0.347 0.011 0.016 0.003
572.9 1.0 1.0 1.0 1.487 0.546 0.347 0.011 0.016 0.003
573.0 1.0 1.0 1.0 1.487 0.546 0.347 0.011 0.016 0.003
573.1 1.0 1.0 1.0 1.487 0.546 0.347 0.011 0.016 0.003
573.2 1.0 1.0 1.0 1.487 0.546 0.347 0.011 0.016 0.003
573.3 1.0 1.0 1.0 1.487 0.546 0.347 0.011 0.016 0.003
573.4 1.0 1.0 1.0 1.487 0.546 0.347 0.011 0.016 0.003
573.5 1.0 1.0 1.0 1.487 0.546 0.347 0.011 0.016 0.003
573.6 1.0 1.0 1.0 1.487 0.546 0.347 0.011 0.016 0.003
573.7 1.0 1.0 1.0 1.487 0.546 0.347 0.011 0.016 0.003
573.8 1.0 1.0 1.0 1.487 0.546 0.347 0.011 0.016 0.003
573.9 1.0 1.0 1.0 1.487 0.546 0.347 0.011 0.016 0.003
574.0 1.0 1.0 1.0 1.487 0.546 0.347 0.011 0.016 0.003
574.1 1.0 1.0 1.0 1.487 0.546 0.347 0.011 0.016 0.003
574.2 1.0 1.0 1.0 1.487 0.546 0.347 0.011 0.016 0.003
574.3 1.0 1.0 1.0 1.487 0.546 0.347 0.011 0.016 0.003
574.4 1.0 1.0 1.0 1.487 0.546 0.347 0.011 0.016 0.003
574.5 1.0 1.0 1.0 1.487 0.546 0.347 0.011 0.016 0.003
574.6 1.0 1.0 1.0 1.487 0.546 0.347 0.011 0.016 0.003
574.7 1.0 1.0 1.0 1.487 0.546 0.347 0.011 0.016 0.003
574.8 1.0 1.0 1.0 1.487 0.546 0.347 0.011 0.016 0.003
574.9 1.0 1.0 1.0 1.487 0.546 0.347 0.011 0.016 0.003
575.0 1.0 1.0 1.0 1.487 0.546 0.347 0.011 0.016 0.003
575.1 1.0 1.0 1.0 1.487 0.546 0.347 0.011 0.016 0.003
575.2 1.0 1.0 1.0 1.487 0.546 0.347 0.011 0.016 0.003
575.3 1.0 1.0 1.0 1.487 0.546 0.347 0.011 0.016 0.003
575.4 1.0 1.0 1.0 1.487 0.546 0.347 0.011 0.016 0.003
575.5 1.0 1.0 1.0 1.487 0.546 0.347 0.011 0.016 0.003
575.6 1.0 1.0 1.0 1.487 0.546 0.347 0.011 0.016 0.003
575.7 1.0 1.0 1.0 1.487 0.546 0.347 0.011 0.016 0.003
575.8 1.0 1.0 1.0 1.487 0.546 0.347 0.011 0.016 0.003
575.9 1.0 1.0 1.0 1.487 0.546 0.347 0.011 0.016 0.003
576.0 1.0 1.0 1.0 1.487 0.546 0.347 0.011 0.016 0.003
576.1 1.0 1.0 1.0 1.487 0.546 0.347 0.011 0.016 0.003
576.2 1.0 1.0 1.0 1.487 0.546 0.347 0.011 0.016 0.003
576.3 1.0 1.0 1.0 1.487 0.546 0.347 0.011 0.016 0.003
576.4 1.0 1.0 1.0 1.487 0.546 0.347 0.011 0.016 0.003
576.5 1.0 1.0 1.0 1.487 0.546 0.347 0.011 0.016 0.003
576.6 1.0 1.0 1.0 1.487 0.546 0.347 0.011 0.016 0.003
576.7 1.0 1.0 1.0 1.487 0.546 0.347 0.011 0.016 0.003
576.8 1.0 1.0 1.0 1.487 0.546 0.347 0.011 0.016 0.003
576.9 1.0 1.0 1.0 1.487 0.546 0.347 0.011 0.016 0.003
577.0 1.0 1.0 1.0 1.487 0.546 0.347 0.011 0.016 0.003
577.1 1.0 1.0 1.0 1.487 0.546 0.347 0.011 0.016 0.003
577.2 1.0 1.0 1.0 1.487 0.546 0.347 0.011 0.016 0.003
577.3 1.0 1.0 1.0 1.487 0.546 0.347 0.011 0.016 0.003
577.4 1.0 1.0 1.0 1.487 0.546 0.347 0.011 0.016 0.003
577.5 1.0 1.0 1.0 1.487 0.546 0.347 0.011 0.016 0.003
577.6 1.0 1.0 1.0 1.487 0.546 0.347 0.011 0.016 0.003
577.7 1.0 1.0 1.0 1.487 0.546 0.347 0.011 0.016 0.003
577.8 1.0 1.0 1.0 1.487 0.546 0.347 0.011 0.016 0.003
577.9 1.0 1.0 1.0 1.487 0.546 0.347 0.011 0.016 0.003
578.0 1.0 1.0 1.0 1.487 0.546 0.347 0.011 0.016 0.003
578.1 1.0 1.0 1.0 1.487 0.546 0.347 0.011 0.016 0.003
578.2 1.0 1.0 1.0 1.487 0.546 0.347 0.011 0.016 0.003
578.3 1.0 1.0 1.0 1.487 0.546 0.347 0.011 0.016 0.003
578.4 1.0 1.0 1.0 1.487 0.546 0.347 0.011 0.016 0.003
578.5 1.0 1.0 1.0 1.487 0.546 0.347 0.011 0.016 0.003
578.6 1.0 1.0 1.0 1.487 0.546 0.347 0.011 0.016 0.003
578.7 1.0 1.0 1.0 1.487 0.546 0.347 0.011 0.016 0.003
578.8 1.0 1.0 1.0 1.487 0.546 0.347 0.011 0.016 0.003
578.9 1.0 1.0 1.0 1.487 0.546 0.347 0.011 0.016 0.003
579.0 1.0 1.0 1.0 1.487 0.546 0.347 0.011 0.016 0.003
579.1 1.0 1.0 1.0 1.487 0.546 0.347 0.011 0.016 0.003
579.2 1.0 1.0 1.0 1.487 0.546 0.347 0.011 0.016 0.003
579.3 1.0 1.0 1.0 1.487 0.546 0.347 0.011 0.016 0.003
579.4 1.0 1.0 1.0 1.487 0.546 0.347 0.011 0.016 0.003
579.5 1.0 1.0 1.0 1.487 0.546 0.347 0.011 0.016 0.003
579.6 1.0 1.0 1.0 1.487 0.546 0.347 0.011 0.016 0.003
579.7 1.0 1.0 1.0 1.487 0.546 0.347 0.011 0.016 0.003
579.8 1.0 1.0 1.0 1.487 0.546 0.347 0.011 0.016 0.003
579.9 1.0 1.0 1.0 1.487 0.546 0.347 0.011 0.016 0.003
580.0 1.0 1.0 1.0 1.487 0.546 0.347 0.011 0.016 0.003
580.1 1.0 1.0 1.0 1.487 0.546 0.347 0.011 0.016 0.003
580.2 1.0 1.0 1.0 1.487 0.546 0.347 0.011 0.016 0.003
580.3 1.0 1.0 1.0 1.487 0.546 0.347 0.011 0.016 0.003
580.4 1.0 1.0 1.0 1.487 0.546 0.347 0.011 0.016 0.003
580.5 1.0 1.0 1.0 1.487 0.546 0.347 0.011 0.016 0.003
580.6 1.0 1.0 1.0 1.487 0.546 0.347 0.011 0.016 0.003
580.7 1.0 1.0 1.0 1.487 0.546 0.347 0.011 0.016 0.003
580.8 1.0 1.0 1.0 1.487 0.546 0.347 0.011 0.016 0.003
580.9 1.0 1.0 1.0 1.487 0.546 0.347 0.011 0.016 0.003
581.0 1.0 1.0 1.0 1.487 0.546 0.347 0.011 0.016 0.003
581.1 1.0 1.0 1.0 1.487 0.546 0.347 0.011 0.016 0.003
581.2 1.0 1.0 1.0 1.487 0.546 0.347 0.011 0.016 0.003
581.3 1.0 1.0 1.0 1.487 0.546 0.347 0.011 0.016 0.003
581.4 1.0 1.0 1.0 1.487 0.546 0.347 0.011 0.016 0.003
581.5 1.0 1.0 1.0 1.487 0.546 0.347 0.011 0.016 0.003
581.6 1.0 1.0 1.0 1.487 0.546 0.347 0.011 0.016 0.003
581.7 1.0 1.0 1.0 1.487 0.546 0.347 0.011 0.016 0.003
581.8 1.0 1.0 1.0 1.487 0.546 0.347 0.011 0.016 0.003
581.9 1.0 1.0 1.0 1.487 0.546 0.347 0.011 0.016 0.003
582.0 1.0 1.0 1.0 1.487 0.546 0.347 0.011 0.016 0.003
582.1 1.0 1.0 1.0 1.487 0.546 0.347 0.011 0.016 0.003
582.2 1.0 1.0 1.0 1.487 0.546 0.347 0.011 0.016 0.003
582.3 1.0 1.0 1.0 1.487 0.546 0.347 0.011 0.016 0.003
582.4 1.0 1.0 1.0 1.487 0.546 0.347 0.011 0.016 0.003
582.5 1.0 1.0 1.0 1.487 0.546 0.347 0.011 0.016 0.003
582.6 1.0 1.0 1.0 1.487 0.546 0.347 0.011 0.016 0.003
582.7 1.0 1.0 1.0 1.487 0.546 0.347 0.011 0.016 0.003
582.8 1.0 1.0 1.0 1.487 0.546 0.347 0.011 0.016 0.003
582.9 1.0 1.0 1.0 1.487 0.546 0.347 0.011 0.016 0.003
583.0 1.0 1.0 1.0 1.487 0.546 0.347 0.011 0.016 0.003
583.1 1.0 1.0 1.0 1.487 0.546 0.347 0.011 0.016 0.003
583.2 1.0 1.0 1.0 1.487 0.546 0.347 0.011 0.016 0.003
583.3 1.0 1.0 1.0 1.487 0.546 0.347 0.011 0.016 0.003
583.4 1.0 1.0 1.0 1.487 0.546 0.347 0.011 0.016 0.003
583.5 1.0 1.0 1.0 1.487 0.546 0.347 0.011 0.016 0.003
583.6 1.0 1.0 1.0 1.487 0.546 0.347 0.011 0.016 0.003
583.7 1.0 1.0 1.0 1.487 0.546 0.347 0.011 0.016 0.003
583.8 1.0 1.0 1.0 1.487 0.546 0.347 0.011 0.016 0.003
583.9 1.0 1.0 1.0 1.487 0.546 0.347 0.011 0.016 0.003
584.0 1.0 1.0 1.0 1.487 0.546 0.347 0.011 0.016 0.003
584.1 1.0 1.0 1.0 1.487 0.546 0.347 0.011 0.016 0.003
584.2 1.0 1.0 1.0 1.487 0.546 0.347 0.011 0.016 0.003
584.3 1.0 1.0 1.0 1.487 0.546 0.347 0.011 0.016 0.003
584.4 1.0 1.0 1.0 1.487 0.546 0.347 0.011 0.016 0.003
584.5 1.0 1.0 1.0 1.487 0.546 0.347 0.011 0.016 0.003
584.6 1.0 1.0 1.0 1.487 0.546 0.347 0.011 0.016 0.003
584.7 1.0 1.0 1.0 1.487 0.546 0.347 0.011 0.016 0.003
584.8 1.0 1.0 1.0 1.487 0.546 0.347 0.011 0.016 0.003
584.9 1.0 1.0 1.0 1.487 0.546 0.347 0.011 0.016 0.003
585.0 1.0 1.0 1.0 1.487 0.546 0.347 0.011 0.016 0.003
585.1 1.0 1.0 1.0 1.487 0.546 0.347 0.011 0.016 0.003
585.2 1.0 1.0 1.0 1.487 0.546 0.347 0.011 0.016 0.003
585.3 1.0 1.0 1.0 1.487 0.546 0.347 0.011 0.016 0.003
585.4 1.0 1.0 1.0 1.487 0.546 0.347 0.011 0.016 0.003
585.5 1.0 1.0 1.0 1.487 0.546 0.347 0.011 0.016 0.003
585.6 1.0 1.0 1.0 1.487 0.546 0.347 0.011 0.016 0.003
585.7 1.0 1.0 1.0 1.487 0.546 0.347 0.011 0.016 0.003
585.8 1.0 1.0 1.0 1.487 0.546 0.347 0.011 0.016 0.003
585.9 1.0 1.0 1.0 1.487 0.546 0.347 0.011 0.016 0.003
586.0 1.0 1.0 1.0 1.487 0.546 0.347 0.011 0.016 0.003
586.1 1.0 1.0 1.0 1.487 0.546 0.347 0.011 0.016 0.003
586.2 1.0 1.0 1.0 1.487 0.546 0.347 0.011 0.016 0.003
586.3 1.0 1.0 1.0 1.487 0.546 0.347 0.011 0.016 0.003
586.4 1.0 1.0 1.0 1.487 0.546 0.347 0.011 0.016 0.003
586.5 1.0 1.0 1.0 1.487 0.546 0.347 0.011 0.016 0.003
586.6 1.0 1.0 1.0 1.487 0.546 0.347 0.011 0.016 0.003
586.7 1.0 1.0 1.0 1.487 0.546 0.347 0.011 0.016 0.003
586.8 1.0 1.0 1.0 1.487 0.546 0.347 0.011 0.016 0.003
586.9 1.0 1.0 1.0 1.487 0.546 0.347 0.011 0.016 0.003
587.0 1.0 1.0 1.0 1.487 0.546 0.347 0.011 0.016 0.003
587.1 1.0 1.0 1.0 1.487 0.546 0.347 0.011 0.016 0.003
587.2 1.0 1.0 1.0 1.487 0.546 0.347 0.011 0.016 0.003
587.3 1.0 1.0 1.0 1.487 0.546 0.347 0.011 0.016 0.003
587.4 1.0 1.0 1.0 1.487 0.546 0.347 0.011 0.016 0.003
587.5 1.0 1.0 1.0 1.487 0.546 0.347 0.011 0.016 0.003
587.6 1.0 1.0 1.0 1.487 0.546 0.347 0.011 0.016 0.003
587.7 1.0 1.0 1.0 1.487 0.546 0.347 0.011 0.016 0.003
587.8 1.0 1.0 1.0 1.487 0.546 0.347 0.011 0.016 0.003
587.9 1.0 1.0 1.0 1.487 0.546 0.347 0.011 0.016 0.003
588.0 1.0 1.0 1.0 1.487 0.546 0.347 0.011 0.016 0.003
588.1 1.0 1.0 1.0 1.487 0.546 0.347 0.011 0.016 0.003
588.2 1.0 1.0 1.0 1.487 0.546 0.347 0.011 0.016 0.003
588.3 1.0 1.0 1.0 1.487 0.546 0.347 0.011 0.016 0.003
588.4 1.0 1.0 1.0 1.487 0.546 0.347 0.011 0.016 0.003
588.5 1.0 1.0 1.0 1.487 0.546 0.347 0.011 0.016 0.003
588.6 1.0 1.0 1.0 1.487 0.546 0.347 0.011 0.016 0.003
588.7 1.0 1.0 1.0 1.487 0.546 0.347 0.011 0.016 0.003
588.8 1.0 1.0 1.0 1.487 0.546 0.347 0.011 0.016 0.003
588.9 1.0 1.0 1.0 1.487 0.546 0.347 0.011 0.016 0.003
589.0 1.0 1.0 1.0 1.487 0.546 0.347 0.011 0.016 0.003
589.1 1.0 1.0 1.0 1.487 0.546 0.347 0.011 0.016 0.003
589.2 1.0 1.0 1.0 1.487 0.546 0.347 0.011 0.016 0.003
589.3 1.0 1.0 1.0 1.487 0.546 0.347 0.011 0.016 0.003
589.4 1.0 1.0 1.0 1.487 0.546 0.347 0.011 0.016 0.003
589.5 1.0 1.0 1.0 1.487 0.546 0.347 0.011 0.016 0.003
589.6 1.0 1.0 1.0 1.487 0.546 0.347 0.011 0.016 0.003
589.7 1.0 1.0 1.0 1.487 0.546 0.347 0.011 0.016 0.003
589.8 1.0 1.0 1.0 1.487 0.546 0.347 0.011 0.016 0.003
589.9 1.0 1.0 1.0 1.487 0.546 0.347 0.011 0.016 0.003
590.0 1.0 1.0 1.0 1.487 0.546 0.347 0.011 0.016 0.003
590.1 1.0 1.0 1.0 1.487 0.546 0.347 0.011 0.016 0.003
590.2 1.0 1.0 1.0 1.487 0.546 0.347 0.011 0.016 0.003
590.3 1.0 1.0 1.0 1.487 0.546 0.347 0.011 0.016 0.003
590.4 1.0 1.0 1.0 1.487 0.546 0.347 0.011 0.016 0.003
590.5 1.0 1.0 1.0 1.487 0.546 0.347 0.011 0.016 0.003
590.6 1.0 1.0 1.0 1.487 0.546 0.347 0.011 0.016 0.003
590.7 1.0 1.0 1.0 1.487 0.546 0.347 0.011 0.016 0.003
590.8 1.0 1.0 1.0 1.487 0.546 0.347 0.011 0.016 0.003
590.9 1.0 1.0 1.0 1.487 0.546 0.347 0.011 0.016 0.003
591.0 1.0 1.0 1.0 1.487 0.546 0.347 0.011 0.016 0.003
591.1 1.0 1.0 1.0 1.487 0.546 0.347 0.011 0.016 0.003
591.2 1.0 1.0 1.0 1.487 0.546 0.347 0.011 0.016 0.003
591.3 1.0 1.0 1.0 1.487 0.546 0.347 0.011 0.016 0.003
591.4 1.0 1.0 1.0 1.487 0.546 0.347 0.011 0.016 0.003
591.5 1.0 1.0 1.0 1.487 0.546 0.347 0.011 0.016 0.003
591.6 1.0 1.0 1.0 1.487 0.546 0.347 0.011 0.016 0.003
591.7 1.0 1.0 1.0 1.487 0.546 0.347 0.011 0.016 0.003
591.8 1.0 1.0 1.0 1.487 0.546 0.347 0.011 0.016 0.003
591.9 1.0 1.0 1.0 1.487 0.546 0.347 0.011 0.016 0.003
592.0 1.0 1.0 1.0 1.487 0.546 0.347 0.011 0.016 0.003
592.1 1.0 1.0 1.0 1.487 0.546 0.347 0.011 0.016 0.003
592.2 1.0 1.0 1.0 1.487 0.546 0.347 0.011 0.016 0.003
592.3 1.0 1.0 1.0 1.487 0.546 0.347 0.011 0.016 0.003
592.4 1.0 1.0 1.0 1.487 0.546 0.347 0.011 0.016 0.003
592.5 1.0 1.0 1.0 1.487 0.546 0.347 0.011 0.016 0.003
592.6 1.0 1.0 1.0 1.487 0.546 0.347 0.011 0.016 0.003
592.7 1.0 1.0 1.0 1.487 0.546 0.347 0.011 0.016 0.003
592.8 1.0 1.0 1.0 1.487 0.546 0.347 0.011 0.016 0.003
592.9 1.0 1.0 1.0 1.487 0.546 0.347 0.011 0.016 0.003
593.0 1.0 1.0 1.0 1.487 0.546 0.347 0.011 0.016 0.003
593.1 1.0 1.0 1.0 1.487 0.546 0.347 0.011 0.016 0.003
593.2 1.0 1.0 1.0 1.487 0.546 0.347 0.011 0.016 0.003
593.3 1.0 1.0 1.0 1.487 0.546 0.347 0.011 0.016 0.003
593.4 1.0 1.0 1.0 1.487 0.546 0.347 0.011 0.016 0.003
593.5 1.0 1.0 1.0 1.487 0.546 0.347 0.011 0.016 0.003
593.6 1.0 1.0 1.0 1.487 0.546 0.347 0.011 0.016 0.003
593.7 1.0 1.0 1.0 1.487 0.546 0.347 0.011 0.016 0.003
593.8 1.0 1.0 1.0 1.487 0.546 0.347 0.011 0.016 0.003
593.9 1.0 1.0 1.0 1.487 0.546 0.347 0.011 0.016 0.003
594.0 1.0 1.0 1.0 1.487 0.546 0.347 0.011 0.016 0.003
594.1 1.0 1.0 1.0 1.487 0.546 0.347 0.011 0.016 0.003
594.2 1.0 1.0 1.0 1.487 0.546 0.347 0.011 0.016 0.003
594.3 1.0 1.0 1.0 1.487 0.546 0.347 0.011 0.016 0.003
594.4 1.0 1.0 1.0 1.487 0.546 0.347 0.011 0.016 0.003
594.5 1.0 1.0 1.0 1.487 0.546 0.347 0.011 0.016 0.003
594.6 1.0 1.0 1.0 1.487 0.546 0.347 0.011 0.016 0.003
594.7 1.0 1.0 1.0 1.487 0.546 0.347 0.011 0.016 0.003
594.8 1.0 1.0 1.0 1.487 0.546 0.347 0.011 0.016 0.003
594.9 1.0 1.0 1.0 1.487 0.546 0.347 0.011 0.016 0.003
595.0 1.0 1.0 1.0 1.487 0.546 0.347 0.011 0.016 0.003
595.1 1.0 1.0 1.0 1.487 0.546 0.347 0.011 0.016 0.003
595.2 1.0 1.0 1.0 1.487 0.546 0.347 0.011 0.016 0.003
595.3 1.0 1.0 1.0 1.487 0.546 0.347 0.011 0.016 0.003
595.4 1.0 1.0 1.0 1.487 0.546 0.347 0.011 0.016 0.003
595.5 1.0 1.0 1.0 1.487 0.546 0.347 0.011 0.016 0.003
595.6 1.0 1.0 1.0 1.487 0.546 0.347 0.011 0.016 0.003
595.7 1.0 1.0 1.0 1.487 0.546 0.347 0.011 0.016 0.003
595.8 1.0 1.0 1.0 1.487 0.546 0.347 0.011 0.016 0.003
595.9 1.0 1.0 1.0 1.487 0.546 0.347 0.011 0.016 0.003
596.0 1.0 1.0 1.0 1.487 0.546 0.347 0.011 0.016 0.003
596.1 1.0 1.0 1.0 1.487 0.546 0.347 0.011 0.016 0.003
596.2 1.0 1.0 1.0 1.487 0.546 0.347 0.011 0.016 0.003
596.3 1.0 1.0 1.0 1.487 0.546 0.347 0.011 0.016 0.003
596.4 1.0 1.0 1.0 1.487 0.546 0.347 0.011 0.016 0.003
596.5 1.0 1.0 1.0 1.487 0.546 0.347 0.011 0.016 0.003
596.6 1.0 1.0 1.0 1.487 0.546 0.347 0.011 0.016 0.003
596.7 1.0 1.0 1.0 1.487 0.546 0.347 0.011 0.016 0.003
596.8 1.0 1.0 1.0 1.487 0.546 0.347 0.011 0.016 0.003
596.9 1.0 1.0 1.0 1.487 0.546 0.347 0.011 0.016 0.003
597.0 1.0 1.0 1.0 1.487 0.546 0.347 0.011 0.016 0.003
597.1 1.0 1.0 1.0 1.487 0.546 0.347 0.011 0.016 0.003
597.2 1.0 1.0 1.0 1.487 0.546 0.347 0.011 0.016 0.003
597.3 1.0 1.0 1.0 1.487 0.546 0.347 0.011 0.016 0.003
597.4 1.0 1.0 1.0 1.487 0.546 0.347 0.011 0.016 0.003
597.5 1.0 1.0 1.0 1.487 0.546 0.347 0.011 0.016 0.003
597.6 1.0 1.0 1.0 1.487 0.546 0.347 0.011 0.016 0.003
597.7 1.0 1.0 1.0 1.487 0.546 0.347 0.011 0.016 0.003
597.8 1.0 1.0 1.0 1.487 0.546 0.347 0.011 0.016 0.003
597.9 1.0 1.0 1.0 1.487 0.546 0.347 0.011 0.016 0.003
598.0 1.0 1.0 1.0 1.487 0.546 0.347 0.011 0.016 0.003
598.1 1.0 1.0 1.0 1.487 0.546 0.347 0.011 0.016 0.003
598.2 1.0 1.0 1.0 1.487 0.546 0.347 0.011 0.016 0.003
598.3 1.0 1.0 1.0 1.487 0.546 0.347 0.011 0.016 0.003
598.4 1.0 1.0 1.0 1.487 0.546 0.347 0.011 0.016 0.003
598.5 1.0 1.0 1.0 1.487 0.546 0.347 0.011 0.016 0.003
598.6 1.0 1.0 1.0 1.487 0.546 0.347 0.011 0.016 0.003
598.7 1.0 1.0 1.0 1.487 0.546 0.347 0.011 0.016 0.003
598.8 1.0 1.0 1.0 1.487 0.546 0.347 0.011 0.016 0.003
598.9 1.0 1.0 1.0 1.487 0.546 0.347 0.011 0.016 0.003
599.0 1.0 1.0 1.0 1.487 0.546 0.347 0.011 0.016 0.003
599.1 1.0 1.0 1.0 1.487 0.546 0.347 0.011 0.016 0.003
599.2 1.0 1.0 1.0 1.487 0.546 0.347 0.011 0.016 0.003
599.3 1.0 1.0 1.0 1.487 0.546 0.347 0.011 0.016 0.003
599.4 1.0 1.0 1.0 1.487 0.546 0.347 0.011 0.016 0.003
599.5 1.0 1.0 1.0 1.487 0.546 0.347 0.011 0.016 0.003
599.6 1.0 1.0 1.0 1.487 0.546 0.347 0.011 0.016 0.003
599.7 1.0 1.0 1.0 1.487 0.546 0.347 0.011 0.016 0.003
599.8 1.0 1.0 1.0 1.487 0.546 0.347 0.011 0.016 0.003
